4.07317590713501
4.071287631988525
4.0671491622924805
4.069507598876953
4.070555210113525
4.073265075683594
4.073253154754639
4.073629379272461
4.072534561157227
4.0651044845581055
4.076298713684082
4.07106351852417
4.074148178100586
4.077029228210449
4.074985027313232
4.076761245727539
4.079339981079102
4.076628684997559
4.074162483215332
4.076666355133057
4.070001602172852
4.067175388336182
4.06837797164917
4.075921058654785
4.074336051940918
4.068458080291748
4.069647312164307
4.068814754486084
4.069177150726318
4.067997932434082
4.042120933532715
4.047215461730957
4.043334484100342
4.039473056793213
4.043556213378906
4.046330451965332
4.042978286743164
4.0426530838012695
4.0470099449157715
4.049228191375732
4.047062397003174
4.0512847900390625
4.046909809112549
4.048208713531494
4.046594142913818
4.049952507019043
4.047418117523193
4.0472235679626465
4.0559515953063965
4.050451278686523
4.0515594482421875
4.051184177398682
4.056988716125488
4.046881675720215
4.053586006164551
4.059894561767578
4.051109790802002
4.052919864654541
4.047449588775635
4.057111740112305
4.047826290130615
4.045383453369141
4.050528049468994
4.049266815185547
4.044867992401123
4.0497355461120605
4.048428535461426
4.046383857727051
4.04791784286499
4.044578552246094
4.039654731750488
4.035912036895752
4.036092758178711
4.043975830078125
4.037721633911133
4.039328575134277
4.035605430603027
4.044944763183594
4.0396409034729
4.0377702713012695
4.043689250946045
4.047497749328613
4.046015739440918
4.043670177459717
4.04589319229126
4.046263694763184
4.047346115112305
4.045934200286865
4.0466814041137695
4.0478386878967285
3.9100966453552246
3.914893388748169
3.908674955368042
3.9107015132904053
3.906851053237915
3.9086484909057617
3.906630516052246
3.903446912765503
3.9026293754577637
3.9026412963867188
3.908224582672119
3.913728952407837
3.9152183532714844
3.9204328060150146
3.916670560836792
3.912526845932007
3.914248466491699
3.904884099960327
3.912869930267334
3.9100306034088135
3.915348529815674
3.9222590923309326
3.905334711074829
3.909841537475586
3.9210033416748047
3.91774320602417
3.9171576499938965
3.917731761932373
3.9174180030822754
3.912862539291382
3.8849730491638184
3.882685661315918
3.8926119804382324
3.8828511238098145
3.884700059890747
3.876681327819824
3.8744285106658936
3.8815677165985107
3.8804757595062256
3.8827977180480957
3.895423412322998
3.8831706047058105
3.881983518600464
3.8831613063812256
3.8856210708618164
3.8814585208892822
3.8803834915161133
3.8867011070251465
3.8886938095092773
3.8833529949188232
3.876296281814575
3.8797125816345215
3.8858320713043213
3.8685195446014404
3.8692171573638916
3.876326084136963
3.8658740520477295
3.876556873321533
3.872652769088745
3.870459794998169
3.887669801712036
3.884922742843628
3.878117322921753
3.8832480907440186
3.879255771636963
3.8928065299987793
3.899683713912964
3.882354974746704
3.890312671661377
3.8885579109191895
3.882272720336914
3.8837320804595947
3.8873884677886963
3.89542293548584
3.8860926628112793
3.8846545219421387
3.884392738342285
3.888450860977173
3.887528896331787
3.874013900756836
3.8920602798461914
3.898117780685425
3.898592472076416
3.887019157409668
3.8984718322753906
3.8986527919769287
3.893014907836914
3.892678737640381
3.8965706825256348
3.896657705307007
3.1682116985321045
3.1671557426452637
3.1761066913604736
3.153430223464966
3.160207748413086
3.175363302230835
3.147583246231079
3.160419225692749
3.1596295833587646
3.171483039855957
3.1138885021209717
3.1066832542419434
3.094315528869629
3.1074721813201904
3.1117355823516846
3.1064529418945312
3.119985342025757
3.084412097930908
3.097682476043701
3.1105873584747314
3.112974166870117
3.113224983215332
3.1081626415252686
3.1195225715637207
3.1088881492614746
3.1079206466674805
3.1137900352478027
3.0966830253601074
3.1151742935180664
3.098163604736328
3.1143717765808105
3.10681414604187
3.0921871662139893
3.089021682739258
3.112489700317383
3.083310842514038
3.0934128761291504
3.0856854915618896
3.0966453552246094
3.0791733264923096
3.150160551071167
3.125854015350342
3.132298469543457
3.1276907920837402
3.126117467880249
3.106311559677124
3.140045642852783
3.1157095432281494
3.1202785968780518
3.1215531826019287
3.1170122623443604
3.119473695755005
3.1134228706359863
3.1025309562683105
3.121363639831543
3.115964412689209
3.115762233734131
3.1084513664245605
3.1237428188323975
3.1225006580352783
3.1930501461029053
3.212394952774048
3.2062857151031494
3.207737922668457
3.1896772384643555
3.1924023628234863
3.178975820541382
3.2012510299682617
3.2060508728027344
3.1968986988067627
3.3354744911193848
3.3502044677734375
3.342346668243408
3.3440847396850586
3.338257312774658
3.343423366546631
3.341010093688965
3.310664176940918
3.3193259239196777
3.3501570224761963
3.4671742916107178
3.467876672744751
3.473975419998169
3.4724555015563965
3.4533722400665283
3.480552911758423
3.4471330642700195
3.4486396312713623
3.463653802871704
3.4572505950927734
