4.07317590713501
4.071287631988525
4.0671491622924805
4.069507598876953
4.070555210113525
4.073265075683594
4.073253154754639
4.073629379272461
4.072534561157227
4.0651044845581055
4.076298713684082
4.07106351852417
4.074148178100586
4.077029228210449
4.074985027313232
4.076761245727539
4.079339981079102
4.076628684997559
4.074162483215332
4.076666355133057
4.070001602172852
4.067175388336182
4.06837797164917
4.075921058654785
4.074336051940918
4.068458080291748
4.069647312164307
4.068814754486084
4.069177150726318
4.067997932434082
4.042120933532715
4.047215461730957
4.043334484100342
4.039473056793213
4.043556213378906
4.046330451965332
4.042978286743164
4.0426530838012695
4.0470099449157715
4.049228191375732
4.047062397003174
4.0512847900390625
4.046909809112549
4.048208713531494
4.046594142913818
4.049952507019043
4.047418117523193
4.0472235679626465
4.0559515953063965
4.050451278686523
4.0515594482421875
4.051184177398682
4.056988716125488
4.046881675720215
4.053586006164551
4.059894561767578
4.051109790802002
4.052919864654541
4.047449588775635
4.057111740112305
4.047826290130615
4.045383453369141
4.050528049468994
4.049266815185547
4.044867992401123
4.0497355461120605
4.048428535461426
4.046383857727051
4.04791784286499
4.044578552246094
4.039654731750488
4.035912036895752
4.036092758178711
4.043975830078125
4.037721633911133
4.039328575134277
4.035605430603027
4.044944763183594
4.0396409034729
4.0377702713012695
4.043689250946045
4.047497749328613
4.046015739440918
4.043670177459717
4.04589319229126
4.046263694763184
4.047346115112305
4.045934200286865
4.0466814041137695
4.0478386878967285
3.9100966453552246
3.914893388748169
3.908674955368042
3.9107015132904053
3.906851053237915
3.9086484909057617
3.906630516052246
3.903446912765503
3.9026293754577637
3.9026412963867188
3.908224582672119
3.913728952407837
3.9152183532714844
3.9204328060150146
3.916670560836792
3.912526845932007
3.914248466491699
3.904884099960327
3.912869930267334
3.9100306034088135
3.915348529815674
3.9222590923309326
3.905334711074829
3.909841537475586
3.9210033416748047
3.91774320602417
3.9171576499938965
3.917731761932373
3.9174180030822754
3.912862539291382
3.8849730491638184
3.882685661315918
3.8926119804382324
3.8828511238098145
3.884700059890747
3.876681327819824
3.8744285106658936
3.8815677165985107
3.8804757595062256
3.8827977180480957
3.895423412322998
3.8831706047058105
3.881983518600464
3.8831613063812256
3.8856210708618164
3.8814585208892822
3.8803834915161133
3.8867011070251465
3.8886938095092773
3.8833529949188232
3.876296281814575
3.8797125816345215
3.8858320713043213
3.8685195446014404
3.8692171573638916
3.876326084136963
3.8658740520477295
3.876556873321533
3.872652769088745
3.870459794998169
3.887669801712036
3.884922742843628
3.878117322921753
3.8832480907440186
3.879255771636963
3.8928065299987793
3.899683713912964
3.882354974746704
3.890312671661377
3.8885579109191895
3.882272720336914
3.8837320804595947
3.8873884677886963
3.89542293548584
3.8860926628112793
3.8846545219421387
3.884392738342285
3.888450860977173
3.887528896331787
3.874013900756836
3.8920602798461914
3.898117780685425
3.898592472076416
3.887019157409668
3.8984718322753906
3.8986527919769287
3.893014907836914
3.892678737640381
3.8965706825256348
3.896657705307007
3.1682116985321045
3.1671557426452637
3.1761066913604736
3.153430223464966
3.160207748413086
3.175363302230835
3.147583246231079
3.160419225692749
3.1596295833587646
3.171483039855957
3.1138885021209717
3.1066832542419434
3.094315528869629
3.1074721813201904
3.1117355823516846
3.1064529418945312
3.119985342025757
3.084412097930908
3.097682476043701
3.1105873584747314
3.112974166870117
3.113224983215332
3.1081626415252686
3.1195225715637207
3.1088881492614746
3.1079206466674805
3.1137900352478027
3.0966830253601074
3.1151742935180664
3.098163604736328
3.1143717765808105
3.10681414604187
3.0921871662139893
3.089021682739258
3.112489700317383
3.083310842514038
3.0934128761291504
3.0856854915618896
3.0966453552246094
3.0791733264923096
3.150160551071167
3.125854015350342
3.132298469543457
3.1276907920837402
3.126117467880249
3.106311559677124
3.140045642852783
3.1157095432281494
3.1202785968780518
3.1215531826019287
3.1170122623443604
3.119473695755005
3.1134228706359863
3.1025309562683105
3.121363639831543
3.115964412689209
3.115762233734131
3.1084513664245605
3.1237428188323975
3.1225006580352783
3.1930501461029053
3.212394952774048
3.2062857151031494
3.207737922668457
3.1896772384643555
3.1924023628234863
3.178975820541382
3.2012510299682617
3.2060508728027344
3.1968986988067627
3.3354744911193848
3.3502044677734375
3.342346668243408
3.3440847396850586
3.338257312774658
3.343423366546631
3.341010093688965
3.310664176940918
3.3193259239196777
3.3501570224761963
3.4671742916107178
3.467876672744751
3.473975419998169
3.4724555015563965
3.4533722400665283
3.480552911758423
3.4471330642700195
3.4486396312713623
3.463653802871704
3.4572505950927734
2.9595937728881836
2.966336250305176
2.9592692852020264
2.9607815742492676
2.9503891468048096
2.9265007972717285
2.9680428504943848
2.9504051208496094
2.94680118560791
2.944549322128296
2.9935178756713867
2.9892334938049316
2.9748425483703613
2.9868693351745605
2.9802985191345215
2.9658071994781494
2.9912543296813965
2.9761404991149902
2.989506244659424
2.9677648544311523
3.034517526626587
3.0283539295196533
3.041705369949341
3.0188398361206055
3.0235583782196045
3.0024237632751465
3.023085594177246
3.004021406173706
3.022953748703003
3.0116710662841797
3.000574827194214
2.9935061931610107
3.0091278553009033
2.9957306385040283
2.9998135566711426
2.9839391708374023
2.9950218200683594
2.989978551864624
3.004307270050049
2.9986300468444824
3.05651593208313
3.04628849029541
3.062227249145508
3.047363519668579
3.0544145107269287
3.0508275032043457
3.061746835708618
3.05608868598938
3.053286552429199
3.0581705570220947
3.1945176124572754
3.1982743740081787
3.183337450027466
3.1806349754333496
3.195882797241211
3.191638469696045
3.1910672187805176
3.1944189071655273
3.182577610015869
3.1794564723968506
3.4037506580352783
3.4024438858032227
3.3831112384796143
3.391749382019043
3.375340461730957
3.373037338256836
3.382354259490967
3.382002830505371
3.3621270656585693
3.370655059814453
3.4840939044952393
3.4624953269958496
3.4683313369750977
3.4481496810913086
3.4471418857574463
3.447843074798584
3.4506375789642334
3.463901996612549
3.4446732997894287
3.461491584777832
3.6293246746063232
3.6202924251556396
3.631577253341675
3.609165906906128
3.6164512634277344
3.628859519958496
3.6265244483947754
3.5978190898895264
3.6271419525146484
3.6141858100891113
2.8118529319763184
2.8004539012908936
2.8147146701812744
2.806729793548584
2.789257049560547
2.819441080093384
2.7853853702545166
2.8039016723632812
2.798571825027466
2.8198671340942383
2.8229730129241943
2.799891948699951
2.8053014278411865
2.8096275329589844
2.797872543334961
2.813537120819092
2.8140952587127686
2.8054802417755127
2.7970774173736572
2.790909767150879
2.87860369682312
2.878070116043091
2.8766965866088867
2.871739387512207
2.866084575653076
2.8673501014709473
2.8561134338378906
2.8585638999938965
2.86356782913208
2.8473339080810547
2.9629650115966797
2.9596996307373047
2.964076280593872
2.9646754264831543
2.9868004322052
2.977360248565674
2.960754156112671
2.9475178718566895
2.962110757827759
2.9623308181762695
3.1358134746551514
3.1118311882019043
3.1336610317230225
3.1123242378234863
3.1023199558258057
3.114182949066162
3.0991079807281494
3.0911319255828857
3.1115407943725586
3.092900037765503
3.2423744201660156
3.243723154067993
3.242979049682617
3.2618534564971924
3.2456202507019043
3.209665060043335
3.238250494003296
3.234511613845825
3.2331924438476562
3.2360777854919434
3.242994785308838
3.23738431930542
3.234041929244995
3.2375073432922363
3.244685649871826
3.2322988510131836
3.2314579486846924
3.2059133052825928
3.238950490951538
3.2196168899536133
3.4694182872772217
3.477220296859741
3.4666597843170166
3.450228214263916
3.4625144004821777
3.4704413414001465
3.4501793384552
3.441281795501709
3.466561794281006
3.4264607429504395
3.804309368133545
3.7808046340942383
3.765334129333496
3.7808096408843994
3.7657761573791504
3.757232666015625
3.7560746669769287
3.752983570098877
3.7559118270874023
3.7487001419067383
2.5622828006744385
2.591477870941162
2.5885210037231445
2.59128737449646
2.577815055847168
2.5672402381896973
2.5740575790405273
2.5868799686431885
2.5732064247131348
2.5716516971588135
2.636716604232788
2.649294376373291
2.6361467838287354
2.6335673332214355
2.633349895477295
2.6367664337158203
2.6433658599853516
2.6470184326171875
2.6338858604431152
2.624068260192871
2.7081892490386963
2.6960058212280273
2.710197687149048
2.691006660461426
2.703568696975708
2.6897377967834473
2.6849334239959717
2.7045319080352783
2.6939942836761475
2.6932079792022705
2.853389263153076
2.8480007648468018
2.8264760971069336
2.831157684326172
2.8476574420928955
2.8385331630706787
2.835768938064575
2.8224880695343018
2.842684507369995
2.837170362472534
3.054263114929199
3.032184600830078
3.042151927947998
3.030071973800659
3.0273587703704834
3.048755168914795
3.0411596298217773
3.0289466381073
3.0360538959503174
3.041668653488159
3.2188961505889893
3.208961009979248
3.2256948947906494
3.2071938514709473
3.2204837799072266
3.244781255722046
3.237720251083374
3.2260820865631104
3.2092549800872803
3.218700408935547
3.441128969192505
3.423910617828369
3.4427945613861084
3.440277576446533
3.4163503646850586
3.4174399375915527
3.4227213859558105
3.445988416671753
3.4254605770111084
3.4196345806121826
3.545959711074829
3.552947759628296
3.555652379989624
3.5407466888427734
3.5351662635803223
3.5443310737609863
3.526441812515259
3.5344607830047607
3.52742075920105
3.519566535949707
3.5879592895507812
3.6163158416748047
3.6129865646362305
3.6373002529144287
3.6077094078063965
3.6053061485290527
3.6164448261260986
3.593803882598877
3.5801703929901123
3.5686371326446533
2.5639281272888184
2.5595502853393555
2.543386220932007
2.5675861835479736
2.5407874584198
2.5338456630706787
2.554105281829834
2.5528159141540527
2.5383269786834717
2.527412176132202
2.6268019676208496
2.6060776710510254
2.6280059814453125
2.613285541534424
2.6324570178985596
2.6107592582702637
2.628797769546509
2.619912624359131
2.6126291751861572
2.6163458824157715
2.709296226501465
2.70479679107666
2.6868808269500732
2.7017784118652344
2.6698756217956543
2.66680908203125
2.678983211517334
2.6672556400299072
2.687164783477783
2.6779069900512695
2.8027126789093018
2.8355369567871094
2.812027931213379
2.8169689178466797
2.791398525238037
2.8161628246307373
2.7997584342956543
2.801633358001709
2.785472869873047
2.799694299697876
2.9826111793518066
2.9733145236968994
2.978219509124756
2.9802379608154297
2.964603900909424
2.984060525894165
2.9538142681121826
2.9779019355773926
2.950411796569824
2.9479310512542725
3.098468780517578
3.10176944732666
3.1091420650482178
3.133899688720703
3.10583758354187
3.102715015411377
3.129138708114624
3.0918807983398438
3.0945653915405273
3.091197967529297
3.3833720684051514
3.395589828491211
3.3734312057495117
3.364976406097412
3.35817551612854
3.3405659198760986
3.3724324703216553
3.364832878112793
3.3336501121520996
3.3515708446502686
3.4315409660339355
3.426605701446533
3.415879249572754
3.440471649169922
3.402676582336426
3.4267964363098145
3.3924384117126465
3.437098264694214
3.4059360027313232
3.396566867828369
3.7470388412475586
3.750610589981079
3.717445135116577
3.7223994731903076
3.7141273021698
3.7374558448791504
3.733497381210327
3.6553268432617188
3.74890398979187
3.7125778198242188
2.728433847427368
2.6921236515045166
2.7179884910583496
2.730234384536743
2.712050199508667
2.715853214263916
2.6715259552001953
2.6414589881896973
2.665597438812256
2.675377368927002
2.8293561935424805
2.776733875274658
2.764312505722046
2.7727949619293213
2.7740304470062256
2.7622315883636475
2.7728307247161865
2.7469229698181152
2.754722833633423
2.7420878410339355
2.933375597000122
2.895480155944824
2.8486948013305664
2.923990249633789
2.8990306854248047
2.8864307403564453
2.853668212890625
2.899548053741455
2.849440097808838
2.8544585704803467
3.0798377990722656
3.0560050010681152
3.02665376663208
3.0665245056152344
3.0114212036132812
3.0472121238708496
3.0193369388580322
3.0021004676818848
2.985074281692505
3.0021839141845703
3.3604836463928223
3.3514411449432373
3.3466362953186035
3.3639943599700928
3.3357746601104736
3.323772430419922
3.3397724628448486
3.3190410137176514
3.321215867996216
3.305197238922119
3.3255443572998047
3.3713126182556152
3.3304309844970703
3.313889980316162
3.3306825160980225
3.3030996322631836
3.3346033096313477
3.300227403640747
3.309605836868286
3.304340362548828
3.6531615257263184
3.637333869934082
3.621490955352783
3.6353344917297363
3.6227505207061768
3.597449541091919
3.586235761642456
3.589592218399048
3.563122510910034
3.554614305496216
3.439471960067749
3.4449265003204346
3.404207944869995
3.3959665298461914
3.3987693786621094
3.3657665252685547
3.4092042446136475
3.377561330795288
3.368363857269287
3.373134136199951
3.459862470626831
3.413844347000122
3.374966621398926
3.4112253189086914
3.4372317790985107
3.3965327739715576
3.38726544380188
3.3691985607147217
3.371220588684082
3.334942579269409
2.4860849380493164
2.4794633388519287
2.4959235191345215
2.4823062419891357
2.487186908721924
2.455510377883911
2.4669528007507324
2.4413177967071533
2.4394428730010986
2.4527459144592285
2.543048858642578
2.5227880477905273
2.5383453369140625
2.5383265018463135
2.514394998550415
2.5016722679138184
2.5044496059417725
2.5403993129730225
2.508129596710205
2.5353410243988037
2.620835781097412
2.597529649734497
2.6260666847229004
2.5919814109802246
2.5940330028533936
2.6063132286071777
2.59065842628479
2.5798754692077637
2.5767369270324707
2.5865352153778076
2.8874223232269287
2.825197458267212
2.857865571975708
2.8659675121307373
2.8648669719696045
2.865093946456909
2.842569589614868
2.829557418823242
2.817690134048462
2.7981386184692383
2.981355667114258
3.016237258911133
3.0356709957122803
2.9880259037017822
2.9898016452789307
2.9682438373565674
2.9652700424194336
2.959949254989624
2.9448916912078857
2.941673517227173
3.2034361362457275
3.2075936794281006
3.1860809326171875
3.170504331588745
3.127368927001953
3.1666510105133057
3.166757345199585
3.1696856021881104
3.140582323074341
3.1250531673431396
3.252805709838867
3.2378804683685303
3.2207844257354736
3.215627431869507
3.2420153617858887
3.1814446449279785
3.1967642307281494
3.179924964904785
3.184065818786621
3.165346384048462
3.4719974994659424
3.3930675983428955
3.4144296646118164
3.400035858154297
3.4120359420776367
3.39227294921875
3.386253833770752
3.3953423500061035
3.3743650913238525
3.358560085296631
3.5181820392608643
3.533597469329834
3.5483345985412598
3.5049283504486084
3.522836208343506
3.5103256702423096
3.455946922302246
3.4896740913391113
3.5100622177124023
3.47832989692688
2.146111488342285
2.113288164138794
2.0982720851898193
2.1106081008911133
2.1486501693725586
2.0895442962646484
2.080183982849121
2.0644612312316895
2.0518789291381836
2.0672898292541504
2.204474449157715
2.207394599914551
2.175079345703125
2.204622507095337
2.157280445098877
2.138808488845825
2.1832313537597656
2.1380770206451416
2.161672592163086
2.1390349864959717
2.331724166870117
2.338226079940796
2.2830042839050293
2.2799556255340576
2.2639708518981934
2.2971785068511963
2.3071837425231934
2.310772657394409
2.2863337993621826
2.2430663108825684
2.650336265563965
2.62915301322937
2.6876988410949707
2.6326403617858887
2.65859055519104
2.6556146144866943
2.633772850036621
2.6002817153930664
2.600954055786133
2.5898873805999756
2.846816301345825
2.8214645385742188
2.8584389686584473
2.824143409729004
2.8533074855804443
2.830487012863159
2.837597131729126
2.794152021408081
2.7996444702148438
2.8156282901763916
3.2447266578674316
3.241021156311035
3.2201106548309326
3.244607448577881
3.239071846008301
3.200516700744629
3.198739767074585
3.192986488342285
3.1866331100463867
3.1519126892089844
3.2067573070526123
3.223602294921875
3.2440669536590576
3.210365056991577
3.2703042030334473
3.2144951820373535
3.22965407371521
3.2093963623046875
3.187748670578003
3.238105297088623
3.247724771499634
3.2496542930603027
3.264974594116211
3.249793291091919
3.291254758834839
3.230530261993408
3.2349095344543457
3.2300257682800293
3.2391164302825928
3.2481508255004883
3.37996506690979
3.404597520828247
3.412388324737549
3.3864996433258057
3.3768720626831055
3.381681203842163
3.3517489433288574
3.358375072479248
3.369541883468628
3.348538637161255
2.1966865062713623
2.141672134399414
2.0997190475463867
2.1008341312408447
2.0884087085723877
2.0427727699279785
2.033597707748413
2.0435402393341064
2.0718021392822266
1.9988338947296143
2.163362741470337
2.162059783935547
2.1288583278656006
2.1491425037384033
2.11297345161438
2.130405902862549
2.1182851791381836
2.0894570350646973
2.094290018081665
2.086104393005371
2.34774112701416
2.3079779148101807
2.3113019466400146
2.2889671325683594
2.2771589756011963
2.2711048126220703
2.301506996154785
2.2926247119903564
2.2798008918762207
2.2226643562316895
2.7019238471984863
2.6433026790618896
2.6144042015075684
2.616025447845459
2.6619625091552734
2.6151387691497803
2.603797674179077
2.590833902359009
2.581902027130127
2.60506010055542
3.0555930137634277
3.0556588172912598
3.0204381942749023
3.014580726623535
3.0124199390411377
2.9862189292907715
2.9996540546417236
3.011772871017456
3.044857978820801
2.9923431873321533
2.991730213165283
2.985516309738159
2.95509672164917
2.9181549549102783
2.958888292312622
2.899359941482544
2.8884661197662354
2.9083218574523926
2.878127098083496
2.907902717590332
3.308689832687378
3.3309292793273926
3.3550565242767334
3.320706605911255
3.2955691814422607
3.272369861602783
3.2850325107574463
3.258202075958252
3.24543833732605
3.249178409576416
3.6887991428375244
3.7525882720947266
3.7060155868530273
3.6895148754119873
3.6736321449279785
3.600700855255127
3.5594465732574463
3.638529062271118
3.609210252761841
3.630692481994629
3.6770567893981934
3.6561264991760254
3.6119115352630615
3.6451666355133057
3.5817039012908936
3.5638837814331055
3.5753471851348877
3.5464556217193604
3.566943883895874
3.5872740745544434
1.9779181480407715
1.9659786224365234
1.9594507217407227
1.897722601890564
1.8699477910995483
1.8965814113616943
1.884447455406189
1.876965880393982
1.8945739269256592
1.9123753309249878
1.9232934713363647
1.9079887866973877
1.9187016487121582
1.8963779211044312
1.9206269979476929
1.8829138278961182
1.8921267986297607
1.8814340829849243
1.8831278085708618
1.848449468612671
2.1486942768096924
2.145458698272705
2.121117115020752
2.1241321563720703
2.108781576156616
2.077244281768799
2.0877716541290283
2.066166877746582
2.0591137409210205
2.0522053241729736
2.442850112915039
2.431302070617676
2.4276955127716064
2.449047803878784
2.4188551902770996
2.4072580337524414
2.3783366680145264
2.377840042114258
2.387089252471924
2.369746685028076
2.990757465362549
2.9911508560180664
2.993502140045166
2.9932591915130615
2.967034101486206
2.9277408123016357
2.9289779663085938
2.9253745079040527
2.8852193355560303
2.8470606803894043
3.446612596511841
3.379025459289551
3.379019021987915
3.363750696182251
3.3130319118499756
3.3591556549072266
3.29183292388916
3.281956434249878
3.301460027694702
3.318533420562744
3.3504083156585693
3.287574052810669
3.257723093032837
3.2787587642669678
3.1987643241882324
3.25567364692688
3.281068801879883
3.2161951065063477
3.1925039291381836
3.2151477336883545
3.5638985633850098
3.528661012649536
3.5401246547698975
3.54518461227417
3.5038225650787354
3.5415163040161133
3.444293260574341
3.4626667499542236
3.4751827716827393
3.441835641860962
3.620817184448242
3.5533955097198486
3.585228681564331
3.6065878868103027
3.56705641746521
3.5663278102874756
3.5383481979370117
3.5176215171813965
3.541041135787964
3.463322162628174
1.6094746589660645
1.5643287897109985
1.5842176675796509
1.5528672933578491
1.4888988733291626
1.487592101097107
1.4427374601364136
1.4276659488677979
1.427926778793335
1.4088528156280518
1.607380986213684
1.6210839748382568
1.6070363521575928
1.5299772024154663
1.545628547668457
1.5182465314865112
1.5248273611068726
1.5338420867919922
1.520432472229004
1.4708350896835327
1.7160637378692627
1.705737590789795
1.6616528034210205
1.6863659620285034
1.6592811346054077
1.6267787218093872
1.6527318954467773
1.6100088357925415
1.6232783794403076
1.5925506353378296
2.094451427459717
2.0043935775756836
2.0036964416503906
1.9895182847976685
1.9566807746887207
1.9957001209259033
1.9584828615188599
1.9240790605545044
1.9805160760879517
1.9051004648208618
2.5893869400024414
2.6160242557525635
2.6571602821350098
2.5454418659210205
2.559122323989868
2.5127828121185303
2.5173091888427734
2.4927473068237305
2.518970251083374
2.409334421157837
2.9031333923339844
2.8782360553741455
2.886223793029785
2.7586352825164795
2.8084254264831543
2.7582879066467285
2.7574312686920166
2.736025333404541
2.7165403366088867
2.699258327484131
2.946535110473633
2.91719126701355
2.931809186935425
2.903177261352539
2.858859062194824
2.8423445224761963
2.8463714122772217
2.7677605152130127
2.809751033782959
2.7050230503082275
3.249696969985962
3.1648216247558594
3.08674955368042
3.0757927894592285
3.0873374938964844
3.1303086280822754
3.0805437564849854
3.03604793548584
2.9901301860809326
2.975862503051758
3.3576879501342773
3.3681483268737793
3.309666872024536
3.2869982719421387
3.229792833328247
3.1870639324188232
3.167475461959839
3.102912664413452
3.1474685668945312
3.093907117843628
1.0573196411132812
1.0876408815383911
1.04496431350708
1.0323765277862549
1.01566743850708
1.020506739616394
0.9812847971916199
1.0098055601119995
0.9941878318786621
0.9924841523170471
1.2348254919052124
1.2615265846252441
1.1996876001358032
1.2112733125686646
1.193940281867981
1.1998915672302246
1.167495846748352
1.1470320224761963
1.2244186401367188
1.1769888401031494
1.4820538759231567
1.490455150604248
1.4689197540283203
1.4337469339370728
1.4499595165252686
1.4501873254776
1.4647363424301147
1.4219069480895996
1.4487621784210205
1.4009519815444946
1.7921745777130127
1.8032746315002441
1.7564692497253418
1.7504748106002808
1.783433198928833
1.723428726196289
1.7331143617630005
1.7484281063079834
1.717512607574463
1.689789056777954
2.3888425827026367
2.368800640106201
2.3298451900482178
2.336608409881592
2.3489370346069336
2.272017240524292
2.3021633625030518
2.3197154998779297
2.2804806232452393
2.2603659629821777
2.6150777339935303
2.62894868850708
2.6222872734069824
2.56796932220459
2.5438501834869385
2.5237390995025635
2.554379463195801
2.53560733795166
2.5197668075561523
2.4797675609588623
3.144918441772461
3.0907888412475586
3.083378553390503
3.081392288208008
3.0107760429382324
2.9894535541534424
2.990461587905884
2.9937727451324463
2.9413487911224365
2.95110821723938
3.2003908157348633
3.1988940238952637
3.148918628692627
3.1480371952056885
3.2031514644622803
3.1468825340270996
3.108781099319458
3.096287965774536
3.073862075805664
3.0766336917877197
3.233811378479004
3.234099864959717
3.1335742473602295
3.1859710216522217
3.1778266429901123
3.1482720375061035
3.125288963317871
3.0386295318603516
3.103976249694824
3.1031506061553955
1.5975538492202759
1.540305733680725
1.5554132461547852
1.4553860425949097
1.4222581386566162
1.3750988245010376
1.361163854598999
1.292396068572998
1.286069631576538
1.2631335258483887
1.5653609037399292
1.5382157564163208
1.5129562616348267
1.5017105340957642
1.4421141147613525
1.4124195575714111
1.4341830015182495
1.3697326183319092
1.3530906438827515
1.326249599456787
1.7443313598632812
1.716587781906128
1.6973901987075806
1.6623601913452148
1.6523160934448242
1.5862597227096558
1.6323201656341553
1.5327346324920654
1.5521281957626343
1.5528546571731567
2.177018642425537
2.079720973968506
2.0422286987304688
2.05491304397583
2.0339486598968506
2.024732828140259
2.02131986618042
1.960438847541809
1.9326938390731812
1.9263688325881958
2.626918315887451
2.6308274269104004
2.5772600173950195
2.5535030364990234
2.554455280303955
2.483267307281494
2.437969446182251
2.4011199474334717
2.4129323959350586
2.382439374923706
3.0468151569366455
3.007460594177246
2.941713333129883
2.835541009902954
2.8809492588043213
2.785649299621582
2.8451168537139893
2.6512691974639893
2.6820268630981445
2.655149459838867
2.5958847999572754
2.628220558166504
2.5098586082458496
2.5138955116271973
2.5399837493896484
2.4308626651763916
2.429701328277588
2.3749730587005615
2.3672966957092285
2.3531699180603027
2.7773067951202393
2.7749931812286377
2.6648523807525635
2.725879430770874
2.673043727874756
2.5838124752044678
2.5756587982177734
2.570988893508911
2.46482253074646
2.422499895095825
3.056220293045044
2.974771738052368
3.0070462226867676
2.9319818019866943
3.012002468109131
2.8982675075531006
2.8129470348358154
2.8155150413513184
2.7742576599121094
2.800283432006836
0.6877495050430298
0.7030826210975647
0.662315845489502
0.637127697467804
0.6488453149795532
0.6272404789924622
0.6201046109199524
0.6013079881668091
0.5801408886909485
0.5889511108398438
0.8806552886962891
0.892831563949585
0.892025351524353
0.8533937335014343
0.8359178304672241
0.8079643845558167
0.8371649384498596
0.8251076340675354
0.821827232837677
0.7946431636810303
1.2677817344665527
1.2326821088790894
1.2280367612838745
1.1985870599746704
1.2118934392929077
1.1773757934570312
1.1898075342178345
1.1554142236709595
1.1341488361358643
1.1875381469726562
1.7079765796661377
1.6697382926940918
1.6590192317962646
1.6886451244354248
1.6646885871887207
1.643154501914978
1.6765092611312866
1.6301453113555908
1.5886025428771973
1.5729424953460693
2.36317777633667
2.3408546447753906
2.332326889038086
2.2897636890411377
2.2880027294158936
2.2216079235076904
2.2345128059387207
2.1942367553710938
2.267632007598877
2.2031846046447754
2.889561176300049
2.813873052597046
2.7600998878479004
2.8305811882019043
2.769929885864258
2.8003158569335938
2.752244472503662
2.7801144123077393
2.796243667602539
2.7117362022399902
2.683799982070923
2.710386037826538
2.6771905422210693
2.6405839920043945
2.6841607093811035
2.6722164154052734
2.6166462898254395
2.5459635257720947
2.6215224266052246
2.6545250415802
3.068977117538452
2.995476007461548
3.0598034858703613
3.049351692199707
2.9977614879608154
2.943549156188965
2.991521120071411
2.942962884902954
2.930410861968994
2.9503729343414307
2.985651731491089
2.983745813369751
2.9913065433502197
2.9911704063415527
2.9402949810028076
2.919903516769409
2.918227195739746
2.861630916595459
2.8130714893341064
2.8482491970062256
0.5382459759712219
0.5413069725036621
0.5311329364776611
0.4996160864830017
0.5114173293113708
0.5061278939247131
0.4917845129966736
0.49164703488349915
0.47988361120224
0.46240487694740295
0.7607336640357971
0.8045836091041565
0.7142791152000427
0.713266134262085
0.7561185359954834
0.7149437665939331
0.7321407198905945
0.709296464920044
0.7032719254493713
0.7085731625556946
1.1440062522888184
1.1170607805252075
1.0782359838485718
1.1528537273406982
1.0942462682724
1.0635467767715454
1.0508947372436523
1.0806455612182617
1.0889105796813965
1.051592469215393
1.653146505355835
1.6578700542449951
1.6141763925552368
1.630500316619873
1.6120017766952515
1.6092358827590942
1.6172248125076294
1.605818510055542
1.5992791652679443
1.5716099739074707
2.381023406982422
2.401756763458252
2.360809087753296
2.326251983642578
2.280992031097412
2.3348631858825684
2.2846453189849854
2.269437313079834
2.3044962882995605
2.290055751800537
2.6668877601623535
2.6711137294769287
2.6744298934936523
2.6321849822998047
2.6133337020874023
2.6109306812286377
2.5806353092193604
2.596956729888916
2.502070903778076
2.4936275482177734
2.980499744415283
3.025050640106201
2.945934772491455
2.9220387935638428
2.9620938301086426
2.8899970054626465
2.827970266342163
2.879535675048828
2.789140224456787
2.824847936630249
3.325477123260498
3.295588731765747
3.246506452560425
3.2005128860473633
3.234452247619629
3.2471210956573486
3.1743574142456055
3.114013433456421
3.0817556381225586
3.1264755725860596
3.560930013656616
3.4832470417022705
3.463675022125244
3.49186110496521
3.4378790855407715
3.4362967014312744
3.370898723602295
3.3510141372680664
3.360663652420044
3.3746747970581055
0.593039870262146
0.5738280415534973
0.553500771522522
0.5463574528694153
0.5296545624732971
0.5149471759796143
0.5188360810279846
0.49254658818244934
0.5002613663673401
0.48993971943855286
0.8091498017311096
0.8165438771247864
0.8233733773231506
0.7821218371391296
0.7907245755195618
0.7477197647094727
0.7348117828369141
0.7710292935371399
0.7324457764625549
0.7210031747817993
1.144948959350586
1.0904901027679443
1.0862983465194702
1.0874866247177124
1.1102874279022217
1.0954521894454956
1.0737656354904175
1.0509389638900757
1.0825183391571045
1.0486503839492798
1.63442862033844
1.6178101301193237
1.6356146335601807
1.6121902465820312
1.5743366479873657
1.577144742012024
1.5533255338668823
1.5257246494293213
1.546032428741455
1.532909870147705
2.2507543563842773
2.2005443572998047
2.1961686611175537
2.1650044918060303
2.1348557472229004
2.1282875537872314
2.1446971893310547
2.0860860347747803
2.113612174987793
2.1121506690979004
2.938354015350342
2.9289543628692627
2.890228509902954
2.8855183124542236
2.848921537399292
2.7691075801849365
2.7972960472106934
2.7428693771362305
2.710545301437378
2.745666027069092
2.7005045413970947
2.694857597351074
2.6804051399230957
2.6583337783813477
2.6598150730133057
2.6038661003112793
2.5941150188446045
2.5219011306762695
2.5634350776672363
2.556936025619507
3.4343109130859375
3.472125768661499
3.4351646900177
3.427494764328003
3.358973264694214
3.4105114936828613
3.3447957038879395
3.256706476211548
3.347891330718994
3.3109452724456787
2.8911521434783936
2.9277119636535645
2.8356475830078125
2.7712883949279785
2.709435224533081
2.8113691806793213
2.8150408267974854
2.777175188064575
2.696200370788574
2.678941249847412
0.6927163600921631
0.6692816615104675
0.6307697296142578
0.6368876695632935
0.6367963552474976
0.6106223464012146
0.6257842779159546
0.5852278470993042
0.568977415561676
0.6234405636787415
0.9890934228897095
0.9300238490104675
0.9455775022506714
0.8916098475456238
0.900644063949585
0.9393474459648132
0.87956303358078
0.8668776750564575
0.8898361325263977
0.8822634816169739
1.3154985904693604
1.2732129096984863
1.2466036081314087
1.2862975597381592
1.2322388887405396
1.1997793912887573
1.213208556175232
1.2111144065856934
1.1998867988586426
1.184628963470459
1.7888481616973877
1.8107292652130127
1.8079495429992676
1.8061838150024414
1.776492953300476
1.7621279954910278
1.750781774520874
1.723524808883667
1.779050588607788
1.7099839448928833
2.605700731277466
2.61503267288208
2.5653998851776123
2.574507713317871
2.519174098968506
2.5219545364379883
2.4952733516693115
2.5053632259368896
2.4304773807525635
2.4285945892333984
2.843472957611084
2.785127639770508
2.766493558883667
2.693737030029297
2.710049867630005
2.639603614807129
2.6552791595458984
2.604628324508667
2.6011550426483154
2.596031427383423
2.7509374618530273
2.771228551864624
2.7604808807373047
2.7435169219970703
2.71227765083313
2.668585777282715
2.619817018508911
2.6514976024627686
2.648251533508301
2.626715660095215
3.123908758163452
3.117661714553833
3.045830249786377
3.038769483566284
3.076319456100464
3.0308783054351807
2.9549551010131836
2.9689390659332275
2.9567952156066895
2.9161438941955566
3.4194722175598145
3.4038596153259277
3.384491205215454
3.3791396617889404
3.4266016483306885
3.3600730895996094
3.2653603553771973
3.3446366786956787
3.267159938812256
3.316634178161621
0.4636974036693573
0.44532355666160583
0.4358644485473633
0.4245162308216095
0.4272892475128174
0.4221971929073334
0.44220590591430664
0.41259023547172546
0.40230676531791687
0.390814870595932
0.7195060849189758
0.7398275136947632
0.6805246472358704
0.6831874251365662
0.662873387336731
0.7201665043830872
0.6529591679573059
0.6826097965240479
0.6587205529212952
0.6607818603515625
1.107324481010437
1.0671544075012207
1.0897140502929688
1.1142349243164062
1.0954293012619019
1.0603647232055664
1.0736892223358154
1.0717439651489258
1.038261890411377
1.0209294557571411
1.6590425968170166
1.6410070657730103
1.5948305130004883
1.6079974174499512
1.6088168621063232
1.6246776580810547
1.6207842826843262
1.5639597177505493
1.5947240591049194
1.5734251737594604
2.2602016925811768
2.250450849533081
2.246889591217041
2.168501377105713
2.1793694496154785
2.198450803756714
2.1683554649353027
2.1353752613067627
2.1161234378814697
2.1301536560058594
3.1042215824127197
3.102299451828003
3.0757548809051514
3.0184900760650635
3.0418691635131836
2.9976978302001953
2.9406135082244873
2.9647340774536133
2.950859785079956
2.8904502391815186
3.388370990753174
3.400939702987671
3.342176914215088
3.288034200668335
3.2927627563476562
3.269282341003418
3.1869850158691406
3.2071921825408936
3.231658697128296
3.177528142929077
2.8409266471862793
2.902676820755005
2.838707685470581
2.867536783218384
2.7893831729888916
2.7940354347229004
2.7735655307769775
2.78058123588562
2.751894474029541
2.757211208343506
2.793652296066284
2.797926425933838
2.736724376678467
2.7079739570617676
2.7468690872192383
2.6530914306640625
2.7147881984710693
2.696547508239746
2.671525716781616
2.6734461784362793
0.291782021522522
0.29693859815597534
0.27634382247924805
0.28998953104019165
0.26716795563697815
0.2642526626586914
0.2686839699745178
0.2696231007575989
0.25633829832077026
0.26507124304771423
0.5229979157447815
0.5013920068740845
0.49243274331092834
0.5173653960227966
0.5122852921485901
0.5102384090423584
0.4773939847946167
0.4806186854839325
0.46574991941452026
0.490431547164917
0.9469698667526245
0.8997897505760193
0.9132251739501953
0.9177319407463074
0.9040732979774475
0.8914811015129089
0.8649482727050781
0.8955919742584229
0.8901535272598267
0.9148273468017578
1.4717257022857666
1.4579037427902222
1.472546100616455
1.4496326446533203
1.423156499862671
1.4012024402618408
1.4304324388504028
1.4053244590759277
1.3911895751953125
1.3664531707763672
2.288790702819824
2.301750659942627
2.27152156829834
2.262775182723999
2.25644588470459
2.253214120864868
2.214170217514038
2.23098087310791
2.2154626846313477
2.1835851669311523
2.502981185913086
2.5378599166870117
2.5326449871063232
2.4709014892578125
2.441073179244995
2.4553840160369873
2.4281809329986572
2.4389803409576416
2.4871022701263428
2.467660427093506
2.699371099472046
2.6754322052001953
2.6972551345825195
2.674330949783325
2.6836097240448
2.6184825897216797
2.662745237350464
2.649574041366577
2.574314594268799
2.5638787746429443
2.975983142852783
3.004430055618286
3.001288890838623
2.9726364612579346
2.9223458766937256
2.892951488494873
2.889857530593872
2.9151418209075928
2.838153123855591
2.8838491439819336
3.23988938331604
3.2157249450683594
3.1702494621276855
3.2112832069396973
3.1252551078796387
3.1355018615722656
3.1197633743286133
3.056126832962036
3.0581514835357666
3.046786308288574
0.5261374711990356
0.5112676620483398
0.4970928728580475
0.4715701937675476
0.45837557315826416
0.48543211817741394
0.47046053409576416
0.45857810974121094
0.43814170360565186
0.43992286920547485
0.8303747177124023
0.8194177150726318
0.7994158267974854
0.8035698533058167
0.7869043350219727
0.7699397206306458
0.7505240440368652
0.7931843996047974
0.7204886078834534
0.7431236505508423
1.2243589162826538
1.2228257656097412
1.2353957891464233
1.1739739179611206
1.1888914108276367
1.175398826599121
1.144047498703003
1.1681432723999023
1.135420799255371
1.1245381832122803
1.8436989784240723
1.8399579524993896
1.7844442129135132
1.814684271812439
1.7692433595657349
1.7403559684753418
1.7120757102966309
1.6922783851623535
1.6853185892105103
1.6908118724822998
2.7512922286987305
2.671969413757324
2.6278433799743652
2.5868754386901855
2.5945539474487305
2.5720741748809814
2.5430033206939697
2.5395689010620117
2.4867725372314453
2.4711246490478516
2.8660452365875244
2.798640012741089
2.7902729511260986
2.72971510887146
2.7365498542785645
2.704627513885498
2.7001523971557617
2.694366693496704
2.6823465824127197
2.6424062252044678
3.1587295532226562
3.1208019256591797
3.0571422576904297
3.1045291423797607
2.983917713165283
2.961637020111084
2.980452537536621
2.949993848800659
2.945788860321045
2.895902156829834
3.1974940299987793
3.0815839767456055
3.0015578269958496
2.9993703365325928
2.935497999191284
2.9866995811462402
2.9388537406921387
2.882434368133545
2.8642868995666504
2.901477813720703
2.726649284362793
2.6969988346099854
2.6656785011291504
2.695098876953125
2.6318256855010986
2.589128255844116
2.557605743408203
2.569455623626709
2.521904945373535
2.510824203491211
0.3945481479167938
0.3934207856655121
0.3810577988624573
0.40327537059783936
0.363682359457016
0.37786149978637695
0.37640511989593506
0.34181466698646545
0.3389020264148712
0.36616021394729614
0.6588397026062012
0.6895784139633179
0.6584729552268982
0.6908223628997803
0.6366750597953796
0.6203533411026001
0.6511988043785095
0.6064971685409546
0.5897548198699951
0.6249701976776123
1.1677072048187256
1.075792908668518
1.074161171913147
1.0503515005111694
1.0950864553451538
1.0787155628204346
1.0670849084854126
1.0342471599578857
1.0638339519500732
1.0364444255828857
1.701302170753479
1.6731462478637695
1.6882504224777222
1.6532108783721924
1.645768642425537
1.6292967796325684
1.6311044692993164
1.6063868999481201
1.6073784828186035
1.5837762355804443
2.4508779048919678
2.459944486618042
2.4104561805725098
2.388362169265747
2.399395704269409
2.3562192916870117
2.3421854972839355
2.286618947982788
2.3470847606658936
2.254730701446533
2.9786386489868164
2.9239320755004883
2.898591995239258
2.898890495300293
2.839834451675415
2.842276096343994
2.8412487506866455
2.795456886291504
2.750802755355835
2.740191698074341
3.04736328125
3.0044054985046387
3.0389158725738525
2.9606006145477295
2.9367763996124268
2.901163339614868
2.9263951778411865
2.8875973224639893
2.8856775760650635
2.829371929168701
2.9997787475585938
2.9396438598632812
2.9862163066864014
2.9563522338867188
2.921018600463867
2.904327869415283
2.837381362915039
2.8308396339416504
2.789539337158203
2.8037004470825195
2.830970048904419
2.6966264247894287
2.690694808959961
2.682328224182129
2.6572823524475098
2.627870798110962
2.6244120597839355
2.6215009689331055
2.543550491333008
2.5529966354370117
0.5418304800987244
0.5528298616409302
0.48406490683555603
0.48649415373802185
0.47987261414527893
0.47262823581695557
0.41897425055503845
0.43250906467437744
0.40964019298553467
0.40786299109458923
0.8105351328849792
0.8307985067367554
0.7642064094543457
0.7764642834663391
0.7339025139808655
0.7386662364006042
0.7529398202896118
0.7138023376464844
0.7137380838394165
0.6893855333328247
1.3376537561416626
1.3234257698059082
1.2522908449172974
1.2366517782211304
1.2214272022247314
1.2310158014297485
1.1943708658218384
1.1694278717041016
1.179983377456665
1.1731657981872559
1.8957021236419678
1.852960467338562
1.84934663772583
1.8281834125518799
1.8571290969848633
1.830081820487976
1.7400480508804321
1.706826090812683
1.7605066299438477
1.6800057888031006
2.7835774421691895
2.820664882659912
2.7332701683044434
2.6926429271698
2.6742045879364014
2.656303882598877
2.6218249797821045
2.5518622398376465
2.527303457260132
2.533433437347412
3.059567928314209
3.0020337104797363
2.980947494506836
2.8972532749176025
2.8805084228515625
2.8191211223602295
2.8584859371185303
2.816830635070801
2.680636405944824
2.7022547721862793
3.071052074432373
3.0137553215026855
3.00113582611084
2.969900131225586
2.9444499015808105
2.929427146911621
2.8476274013519287
2.9151804447174072
2.819244384765625
2.840552568435669
3.422323703765869
3.344628095626831
3.285545587539673
3.2611677646636963
3.2614569664001465
3.2041196823120117
3.1866469383239746
3.13437557220459
3.1415343284606934
3.1354808807373047
3.45538067817688
3.426339626312256
3.3515625
3.304492712020874
3.2444210052490234
3.2439653873443604
3.1926870346069336
3.1786375045776367
3.175969362258911
3.0279839038848877
0.3881579041481018
0.37495774030685425
0.36530205607414246
0.3636159300804138
0.3435872495174408
0.3541448712348938
0.34118109941482544
0.33917132019996643
0.32299044728279114
0.32268157601356506
0.6701735854148865
0.6433830857276917
0.6487064957618713
0.6279166340827942
0.6041731834411621
0.6479586958885193
0.5796092748641968
0.5969206094741821
0.5786755084991455
0.5487125515937805
1.085415005683899
1.0925419330596924
1.0539389848709106
1.0333987474441528
1.0141303539276123
1.0028290748596191
1.034562110900879
1.0212726593017578
0.9632168412208557
0.9895572662353516
1.58568274974823
1.5662791728973389
1.5488201379776
1.5747343301773071
1.5466530323028564
1.50895094871521
1.4865715503692627
1.4893226623535156
1.4841361045837402
1.4838309288024902
2.500060796737671
2.384830951690674
2.499239921569824
2.4126737117767334
2.35554575920105
2.3602187633514404
2.3817992210388184
2.30816912651062
2.3000752925872803
2.283872127532959
2.8139753341674805
2.7882614135742188
2.7981741428375244
2.7798705101013184
2.7342987060546875
2.771601676940918
2.719588041305542
2.6805906295776367
2.7246997356414795
2.583069086074829
2.85630202293396
2.8919126987457275
2.8493642807006836
2.8430702686309814
2.8052942752838135
2.78560733795166
2.7667603492736816
2.75351619720459
2.677473783493042
2.6635358333587646
2.4867141246795654
2.403215169906616
2.4019107818603516
2.3353140354156494
2.3464837074279785
2.407956123352051
2.3214216232299805
2.264251708984375
2.293039321899414
2.2628283500671387
3.2260258197784424
3.2110629081726074
3.1933114528656006
3.190993309020996
3.126555919647217
3.076968193054199
3.0257630348205566
2.999147415161133
2.9815595149993896
3.0127289295196533
0.9054132699966431
0.8206079006195068
0.7936940789222717
0.7338456511497498
0.732703685760498
0.6870579719543457
0.6591765880584717
0.6479691863059998
0.5886516571044922
0.5838856101036072
1.06468665599823
1.006653070449829
0.9999557137489319
0.941821813583374
0.8838213086128235
0.9122582077980042
0.8560158014297485
0.8430483937263489
0.8062833547592163
0.7730883359909058
1.307698130607605
1.2857788801193237
1.2478069067001343
1.2415587902069092
1.1749130487442017
1.1620979309082031
1.1228307485580444
1.1212269067764282
1.107759714126587
1.0829424858093262
1.9088176488876343
1.8679008483886719
1.7847193479537964
1.753426432609558
1.7409446239471436
1.7112767696380615
1.6655381917953491
1.6358104944229126
1.598863959312439
1.5969009399414062
2.6695621013641357
2.6507866382598877
2.6208767890930176
2.562056064605713
2.5217702388763428
2.4329147338867188
2.424398422241211
2.4296200275421143
2.3131561279296875
2.269162178039551
2.985597610473633
2.965442419052124
2.914658784866333
2.8437647819519043
2.809804677963257
2.709632396697998
2.7219157218933105
2.701078414916992
2.60762095451355
2.615100383758545
3.005983591079712
2.8919334411621094
2.8750805854797363
2.8259479999542236
2.8312926292419434
2.750967502593994
2.7103755474090576
2.6638550758361816
2.6423349380493164
2.6203722953796387
2.484269380569458
2.4421451091766357
2.41969633102417
2.419865846633911
2.325887441635132
2.329941749572754
2.284717559814453
2.2683897018432617
2.221403121948242
2.1860525608062744
2.903709888458252
2.836264133453369
2.822162628173828
2.833221912384033
2.7907142639160156
2.6600024700164795
2.6800520420074463
2.6557838916778564
2.609128952026367
2.602052688598633
