4.07317590713501
4.071287631988525
4.0671491622924805
4.069507598876953
4.070555210113525
4.073265075683594
4.073253154754639
4.073629379272461
4.072534561157227
4.0651044845581055
4.076298713684082
4.07106351852417
4.074148178100586
4.077029228210449
4.074985027313232
4.076761245727539
4.079339981079102
4.076628684997559
4.074162483215332
4.076666355133057
4.070001602172852
4.067175388336182
4.06837797164917
4.075921058654785
4.074336051940918
4.068458080291748
4.069647312164307
4.068814754486084
4.069177150726318
4.067997932434082
4.042120933532715
4.047215461730957
4.043334484100342
4.039473056793213
4.043556213378906
4.046330451965332
4.042978286743164
4.0426530838012695
4.0470099449157715
4.049228191375732
4.047062397003174
4.0512847900390625
4.046909809112549
4.048208713531494
4.046594142913818
4.049952507019043
4.047418117523193
4.0472235679626465
4.0559515953063965
4.050451278686523
4.0515594482421875
4.051184177398682
4.056988716125488
4.046881675720215
4.053586006164551
4.059894561767578
4.051109790802002
4.052919864654541
4.047449588775635
4.057111740112305
4.047826290130615
4.045383453369141
4.050528049468994
4.049266815185547
4.044867992401123
4.0497355461120605
4.048428535461426
4.046383857727051
4.04791784286499
4.044578552246094
4.039654731750488
4.035912036895752
4.036092758178711
4.043975830078125
4.037721633911133
4.039328575134277
4.035605430603027
4.044944763183594
4.0396409034729
4.0377702713012695
4.043689250946045
4.047497749328613
4.046015739440918
4.043670177459717
4.04589319229126
4.046263694763184
4.047346115112305
4.045934200286865
4.0466814041137695
4.0478386878967285
3.9100966453552246
3.914893388748169
3.908674955368042
3.9107015132904053
3.906851053237915
3.9086484909057617
3.906630516052246
3.903446912765503
3.9026293754577637
3.9026412963867188
3.908224582672119
3.913728952407837
3.9152183532714844
3.9204328060150146
3.916670560836792
3.912526845932007
3.914248466491699
3.904884099960327
3.912869930267334
3.9100306034088135
3.915348529815674
3.9222590923309326
3.905334711074829
3.909841537475586
3.9210033416748047
3.91774320602417
3.9171576499938965
3.917731761932373
3.9174180030822754
3.912862539291382
3.8849730491638184
3.882685661315918
3.8926119804382324
3.8828511238098145
3.884700059890747
3.876681327819824
3.8744285106658936
3.8815677165985107
3.8804757595062256
3.8827977180480957
3.895423412322998
3.8831706047058105
3.881983518600464
3.8831613063812256
3.8856210708618164
3.8814585208892822
3.8803834915161133
3.8867011070251465
3.8886938095092773
3.8833529949188232
3.876296281814575
3.8797125816345215
3.8858320713043213
3.8685195446014404
3.8692171573638916
3.876326084136963
3.8658740520477295
3.876556873321533
3.872652769088745
3.870459794998169
3.887669801712036
3.884922742843628
3.878117322921753
3.8832480907440186
3.879255771636963
3.8928065299987793
3.899683713912964
3.882354974746704
3.890312671661377
3.8885579109191895
3.882272720336914
3.8837320804595947
3.8873884677886963
3.89542293548584
3.8860926628112793
3.8846545219421387
3.884392738342285
3.888450860977173
3.887528896331787
3.874013900756836
3.8920602798461914
3.898117780685425
3.898592472076416
3.887019157409668
3.8984718322753906
3.8986527919769287
3.893014907836914
3.892678737640381
3.8965706825256348
3.896657705307007
3.1682116985321045
3.1671557426452637
3.1761066913604736
3.153430223464966
3.160207748413086
3.175363302230835
3.147583246231079
3.160419225692749
3.1596295833587646
3.171483039855957
3.1138885021209717
3.1066832542419434
3.094315528869629
3.1074721813201904
3.1117355823516846
3.1064529418945312
3.119985342025757
3.084412097930908
3.097682476043701
3.1105873584747314
3.112974166870117
3.113224983215332
3.1081626415252686
3.1195225715637207
3.1088881492614746
3.1079206466674805
3.1137900352478027
3.0966830253601074
3.1151742935180664
3.098163604736328
3.1143717765808105
3.10681414604187
3.0921871662139893
3.089021682739258
3.112489700317383
3.083310842514038
3.0934128761291504
3.0856854915618896
3.0966453552246094
3.0791733264923096
3.150160551071167
3.125854015350342
3.132298469543457
3.1276907920837402
3.126117467880249
3.106311559677124
3.140045642852783
3.1157095432281494
3.1202785968780518
3.1215531826019287
3.1170122623443604
3.119473695755005
3.1134228706359863
3.1025309562683105
3.121363639831543
3.115964412689209
3.115762233734131
3.1084513664245605
3.1237428188323975
3.1225006580352783
3.1930501461029053
3.212394952774048
3.2062857151031494
3.207737922668457
3.1896772384643555
3.1924023628234863
3.178975820541382
3.2012510299682617
3.2060508728027344
3.1968986988067627
3.3354744911193848
3.3502044677734375
3.342346668243408
3.3440847396850586
3.338257312774658
3.343423366546631
3.341010093688965
3.310664176940918
3.3193259239196777
3.3501570224761963
3.4671742916107178
3.467876672744751
3.473975419998169
3.4724555015563965
3.4533722400665283
3.480552911758423
3.4471330642700195
3.4486396312713623
3.463653802871704
3.4572505950927734
2.9595937728881836
2.966336250305176
2.9592692852020264
2.9607815742492676
2.9503891468048096
2.9265007972717285
2.9680428504943848
2.9504051208496094
2.94680118560791
2.944549322128296
2.9935178756713867
2.9892334938049316
2.9748425483703613
2.9868693351745605
2.9802985191345215
2.9658071994781494
2.9912543296813965
2.9761404991149902
2.989506244659424
2.9677648544311523
3.034517526626587
3.0283539295196533
3.041705369949341
3.0188398361206055
3.0235583782196045
3.0024237632751465
3.023085594177246
3.004021406173706
3.022953748703003
3.0116710662841797
3.000574827194214
2.9935061931610107
3.0091278553009033
2.9957306385040283
2.9998135566711426
2.9839391708374023
2.9950218200683594
2.989978551864624
3.004307270050049
2.9986300468444824
3.05651593208313
3.04628849029541
3.062227249145508
3.047363519668579
3.0544145107269287
3.0508275032043457
3.061746835708618
3.05608868598938
3.053286552429199
3.0581705570220947
3.1945176124572754
3.1982743740081787
3.183337450027466
3.1806349754333496
3.195882797241211
3.191638469696045
3.1910672187805176
3.1944189071655273
3.182577610015869
3.1794564723968506
3.4037506580352783
3.4024438858032227
3.3831112384796143
3.391749382019043
3.375340461730957
3.373037338256836
3.382354259490967
3.382002830505371
3.3621270656585693
3.370655059814453
3.4840939044952393
3.4624953269958496
3.4683313369750977
3.4481496810913086
3.4471418857574463
3.447843074798584
3.4506375789642334
3.463901996612549
3.4446732997894287
3.461491584777832
3.6293246746063232
3.6202924251556396
3.631577253341675
3.609165906906128
3.6164512634277344
3.628859519958496
3.6265244483947754
3.5978190898895264
3.6271419525146484
3.6141858100891113
2.8118529319763184
2.8004539012908936
2.8147146701812744
2.806729793548584
2.789257049560547
2.819441080093384
2.7853853702545166
2.8039016723632812
2.798571825027466
2.8198671340942383
2.8229730129241943
2.799891948699951
2.8053014278411865
2.8096275329589844
2.797872543334961
2.813537120819092
2.8140952587127686
2.8054802417755127
2.7970774173736572
2.790909767150879
2.87860369682312
2.878070116043091
2.8766965866088867
2.871739387512207
2.866084575653076
2.8673501014709473
2.8561134338378906
2.8585638999938965
2.86356782913208
2.8473339080810547
2.9629650115966797
2.9596996307373047
2.964076280593872
2.9646754264831543
2.9868004322052
2.977360248565674
2.960754156112671
2.9475178718566895
2.962110757827759
2.9623308181762695
3.1358134746551514
3.1118311882019043
3.1336610317230225
3.1123242378234863
3.1023199558258057
3.114182949066162
3.0991079807281494
3.0911319255828857
3.1115407943725586
3.092900037765503
3.2423744201660156
3.243723154067993
3.242979049682617
3.2618534564971924
3.2456202507019043
3.209665060043335
3.238250494003296
3.234511613845825
3.2331924438476562
3.2360777854919434
3.242994785308838
3.23738431930542
3.234041929244995
3.2375073432922363
3.244685649871826
3.2322988510131836
3.2314579486846924
3.2059133052825928
3.238950490951538
3.2196168899536133
3.4694182872772217
3.477220296859741
3.4666597843170166
3.450228214263916
3.4625144004821777
3.4704413414001465
3.4501793384552
3.441281795501709
3.466561794281006
3.4264607429504395
3.804309368133545
3.7808046340942383
3.765334129333496
3.7808096408843994
3.7657761573791504
3.757232666015625
3.7560746669769287
3.752983570098877
3.7559118270874023
3.7487001419067383
2.5622828006744385
2.591477870941162
2.5885210037231445
2.59128737449646
2.577815055847168
2.5672402381896973
2.5740575790405273
2.5868799686431885
2.5732064247131348
2.5716516971588135
2.636716604232788
2.649294376373291
2.6361467838287354
2.6335673332214355
2.633349895477295
2.6367664337158203
2.6433658599853516
2.6470184326171875
2.6338858604431152
2.624068260192871
2.7081892490386963
2.6960058212280273
2.710197687149048
2.691006660461426
2.703568696975708
2.6897377967834473
2.6849334239959717
2.7045319080352783
2.6939942836761475
2.6932079792022705
2.853389263153076
2.8480007648468018
2.8264760971069336
2.831157684326172
2.8476574420928955
2.8385331630706787
2.835768938064575
2.8224880695343018
2.842684507369995
2.837170362472534
3.054263114929199
3.032184600830078
3.042151927947998
3.030071973800659
3.0273587703704834
3.048755168914795
3.0411596298217773
3.0289466381073
3.0360538959503174
3.041668653488159
3.2188961505889893
3.208961009979248
3.2256948947906494
3.2071938514709473
3.2204837799072266
3.244781255722046
3.237720251083374
3.2260820865631104
3.2092549800872803
3.218700408935547
3.441128969192505
3.423910617828369
3.4427945613861084
3.440277576446533
3.4163503646850586
3.4174399375915527
3.4227213859558105
3.445988416671753
3.4254605770111084
3.4196345806121826
3.545959711074829
3.552947759628296
3.555652379989624
3.5407466888427734
3.5351662635803223
3.5443310737609863
3.526441812515259
3.5344607830047607
3.52742075920105
3.519566535949707
3.5879592895507812
3.6163158416748047
3.6129865646362305
3.6373002529144287
3.6077094078063965
3.6053061485290527
3.6164448261260986
3.593803882598877
3.5801703929901123
3.5686371326446533
2.5639281272888184
2.5595502853393555
2.543386220932007
2.5675861835479736
2.5407874584198
2.5338456630706787
2.554105281829834
2.5528159141540527
2.5383269786834717
2.527412176132202
2.6268019676208496
2.6060776710510254
2.6280059814453125
2.613285541534424
2.6324570178985596
2.6107592582702637
2.628797769546509
2.619912624359131
2.6126291751861572
2.6163458824157715
2.709296226501465
2.70479679107666
2.6868808269500732
2.7017784118652344
2.6698756217956543
2.66680908203125
2.678983211517334
2.6672556400299072
2.687164783477783
2.6779069900512695
2.8027126789093018
2.8355369567871094
2.812027931213379
2.8169689178466797
2.791398525238037
2.8161628246307373
2.7997584342956543
2.801633358001709
2.785472869873047
2.799694299697876
2.9826111793518066
2.9733145236968994
2.978219509124756
2.9802379608154297
2.964603900909424
2.984060525894165
2.9538142681121826
2.9779019355773926
2.950411796569824
2.9479310512542725
3.098468780517578
3.10176944732666
3.1091420650482178
3.133899688720703
3.10583758354187
3.102715015411377
3.129138708114624
3.0918807983398438
3.0945653915405273
3.091197967529297
3.3833720684051514
3.395589828491211
3.3734312057495117
3.364976406097412
3.35817551612854
3.3405659198760986
3.3724324703216553
3.364832878112793
3.3336501121520996
3.3515708446502686
3.4315409660339355
3.426605701446533
3.415879249572754
3.440471649169922
3.402676582336426
3.4267964363098145
3.3924384117126465
3.437098264694214
3.4059360027313232
3.396566867828369
3.7470388412475586
3.750610589981079
3.717445135116577
3.7223994731903076
3.7141273021698
3.7374558448791504
3.733497381210327
3.6553268432617188
3.74890398979187
3.7125778198242188
2.728433847427368
2.6921236515045166
2.7179884910583496
2.730234384536743
2.712050199508667
2.715853214263916
2.6715259552001953
2.6414589881896973
2.665597438812256
2.675377368927002
2.8293561935424805
2.776733875274658
2.764312505722046
2.7727949619293213
2.7740304470062256
2.7622315883636475
2.7728307247161865
2.7469229698181152
2.754722833633423
2.7420878410339355
2.933375597000122
2.895480155944824
2.8486948013305664
2.923990249633789
2.8990306854248047
2.8864307403564453
2.853668212890625
2.899548053741455
2.849440097808838
2.8544585704803467
3.0798377990722656
3.0560050010681152
3.02665376663208
3.0665245056152344
3.0114212036132812
3.0472121238708496
3.0193369388580322
3.0021004676818848
2.985074281692505
3.0021839141845703
3.3604836463928223
3.3514411449432373
3.3466362953186035
3.3639943599700928
3.3357746601104736
3.323772430419922
3.3397724628448486
3.3190410137176514
3.321215867996216
3.305197238922119
3.3255443572998047
3.3713126182556152
3.3304309844970703
3.313889980316162
3.3306825160980225
3.3030996322631836
3.3346033096313477
3.300227403640747
3.309605836868286
3.304340362548828
3.6531615257263184
3.637333869934082
3.621490955352783
3.6353344917297363
3.6227505207061768
3.597449541091919
3.586235761642456
3.589592218399048
3.563122510910034
3.554614305496216
3.439471960067749
3.4449265003204346
3.404207944869995
3.3959665298461914
3.3987693786621094
3.3657665252685547
3.4092042446136475
3.377561330795288
3.368363857269287
3.373134136199951
3.459862470626831
3.413844347000122
3.374966621398926
3.4112253189086914
3.4372317790985107
3.3965327739715576
3.38726544380188
3.3691985607147217
3.371220588684082
3.334942579269409
2.4860849380493164
2.4794633388519287
2.4959235191345215
2.4823062419891357
2.487186908721924
2.455510377883911
2.4669528007507324
2.4413177967071533
2.4394428730010986
2.4527459144592285
2.543048858642578
2.5227880477905273
2.5383453369140625
2.5383265018463135
2.514394998550415
2.5016722679138184
2.5044496059417725
2.5403993129730225
2.508129596710205
2.5353410243988037
2.620835781097412
2.597529649734497
2.6260666847229004
2.5919814109802246
2.5940330028533936
2.6063132286071777
2.59065842628479
2.5798754692077637
2.5767369270324707
2.5865352153778076
2.8874223232269287
2.825197458267212
2.857865571975708
2.8659675121307373
2.8648669719696045
2.865093946456909
2.842569589614868
2.829557418823242
2.817690134048462
2.7981386184692383
2.981355667114258
3.016237258911133
3.0356709957122803
2.9880259037017822
2.9898016452789307
2.9682438373565674
2.9652700424194336
2.959949254989624
2.9448916912078857
2.941673517227173
3.2034361362457275
3.2075936794281006
3.1860809326171875
3.170504331588745
3.127368927001953
3.1666510105133057
3.166757345199585
3.1696856021881104
3.140582323074341
3.1250531673431396
3.252805709838867
3.2378804683685303
3.2207844257354736
3.215627431869507
3.2420153617858887
3.1814446449279785
3.1967642307281494
3.179924964904785
3.184065818786621
3.165346384048462
3.4719974994659424
3.3930675983428955
3.4144296646118164
3.400035858154297
3.4120359420776367
3.39227294921875
3.386253833770752
3.3953423500061035
3.3743650913238525
3.358560085296631
3.5181820392608643
3.533597469329834
3.5483345985412598
3.5049283504486084
3.522836208343506
3.5103256702423096
3.455946922302246
3.4896740913391113
3.5100622177124023
3.47832989692688
2.146111488342285
2.113288164138794
2.0982720851898193
2.1106081008911133
2.1486501693725586
2.0895442962646484
2.080183982849121
2.0644612312316895
2.0518789291381836
2.0672898292541504
2.204474449157715
2.207394599914551
2.175079345703125
2.204622507095337
2.157280445098877
2.138808488845825
2.1832313537597656
2.1380770206451416
2.161672592163086
2.1390349864959717
2.331724166870117
2.338226079940796
2.2830042839050293
2.2799556255340576
2.2639708518981934
2.2971785068511963
2.3071837425231934
2.310772657394409
2.2863337993621826
2.2430663108825684
2.650336265563965
2.62915301322937
2.6876988410949707
2.6326403617858887
2.65859055519104
2.6556146144866943
2.633772850036621
2.6002817153930664
2.600954055786133
2.5898873805999756
2.846816301345825
2.8214645385742188
2.8584389686584473
2.824143409729004
2.8533074855804443
2.830487012863159
2.837597131729126
2.794152021408081
2.7996444702148438
2.8156282901763916
3.2447266578674316
3.241021156311035
3.2201106548309326
3.244607448577881
3.239071846008301
3.200516700744629
3.198739767074585
3.192986488342285
3.1866331100463867
3.1519126892089844
3.2067573070526123
3.223602294921875
3.2440669536590576
3.210365056991577
3.2703042030334473
3.2144951820373535
3.22965407371521
3.2093963623046875
3.187748670578003
3.238105297088623
3.247724771499634
3.2496542930603027
3.264974594116211
3.249793291091919
3.291254758834839
3.230530261993408
3.2349095344543457
3.2300257682800293
3.2391164302825928
3.2481508255004883
3.37996506690979
3.404597520828247
3.412388324737549
3.3864996433258057
3.3768720626831055
3.381681203842163
3.3517489433288574
3.358375072479248
3.369541883468628
3.348538637161255
2.1966865062713623
2.141672134399414
2.0997190475463867
2.1008341312408447
2.0884087085723877
2.0427727699279785
2.033597707748413
2.0435402393341064
2.0718021392822266
1.9988338947296143
2.163362741470337
2.162059783935547
2.1288583278656006
2.1491425037384033
2.11297345161438
2.130405902862549
2.1182851791381836
2.0894570350646973
2.094290018081665
2.086104393005371
2.34774112701416
2.3079779148101807
2.3113019466400146
2.2889671325683594
2.2771589756011963
2.2711048126220703
2.301506996154785
2.2926247119903564
2.2798008918762207
2.2226643562316895
2.7019238471984863
2.6433026790618896
2.6144042015075684
2.616025447845459
2.6619625091552734
2.6151387691497803
2.603797674179077
2.590833902359009
2.581902027130127
2.60506010055542
3.0555930137634277
3.0556588172912598
3.0204381942749023
3.014580726623535
3.0124199390411377
2.9862189292907715
2.9996540546417236
3.011772871017456
3.044857978820801
2.9923431873321533
2.991730213165283
2.985516309738159
2.95509672164917
2.9181549549102783
2.958888292312622
2.899359941482544
2.8884661197662354
2.9083218574523926
2.878127098083496
2.907902717590332
3.308689832687378
3.3309292793273926
3.3550565242767334
3.320706605911255
3.2955691814422607
3.272369861602783
3.2850325107574463
3.258202075958252
3.24543833732605
3.249178409576416
3.6887991428375244
3.7525882720947266
3.7060155868530273
3.6895148754119873
3.6736321449279785
3.600700855255127
3.5594465732574463
3.638529062271118
3.609210252761841
3.630692481994629
3.6770567893981934
3.6561264991760254
3.6119115352630615
3.6451666355133057
3.5817039012908936
3.5638837814331055
3.5753471851348877
3.5464556217193604
3.566943883895874
3.5872740745544434
1.9779181480407715
1.9659786224365234
1.9594507217407227
1.897722601890564
1.8699477910995483
1.8965814113616943
1.884447455406189
1.876965880393982
1.8945739269256592
1.9123753309249878
1.9232934713363647
1.9079887866973877
1.9187016487121582
1.8963779211044312
1.9206269979476929
1.8829138278961182
1.8921267986297607
1.8814340829849243
1.8831278085708618
1.848449468612671
2.1486942768096924
2.145458698272705
2.121117115020752
2.1241321563720703
2.108781576156616
2.077244281768799
2.0877716541290283
2.066166877746582
2.0591137409210205
2.0522053241729736
2.442850112915039
2.431302070617676
2.4276955127716064
2.449047803878784
2.4188551902770996
2.4072580337524414
2.3783366680145264
2.377840042114258
2.387089252471924
2.369746685028076
2.990757465362549
2.9911508560180664
2.993502140045166
2.9932591915130615
2.967034101486206
2.9277408123016357
2.9289779663085938
2.9253745079040527
2.8852193355560303
2.8470606803894043
3.446612596511841
3.379025459289551
3.379019021987915
3.363750696182251
3.3130319118499756
3.3591556549072266
3.29183292388916
3.281956434249878
3.301460027694702
3.318533420562744
3.3504083156585693
3.287574052810669
3.257723093032837
3.2787587642669678
3.1987643241882324
3.25567364692688
3.281068801879883
3.2161951065063477
3.1925039291381836
3.2151477336883545
3.5638985633850098
3.528661012649536
3.5401246547698975
3.54518461227417
3.5038225650787354
3.5415163040161133
3.444293260574341
3.4626667499542236
3.4751827716827393
3.441835641860962
3.620817184448242
3.5533955097198486
3.585228681564331
3.6065878868103027
3.56705641746521
3.5663278102874756
3.5383481979370117
3.5176215171813965
3.541041135787964
3.463322162628174
1.6094746589660645
1.5643287897109985
1.5842176675796509
1.5528672933578491
1.4888988733291626
1.487592101097107
1.4427374601364136
1.4276659488677979
1.427926778793335
1.4088528156280518
1.607380986213684
1.6210839748382568
1.6070363521575928
1.5299772024154663
1.545628547668457
1.5182465314865112
1.5248273611068726
1.5338420867919922
1.520432472229004
1.4708350896835327
1.7160637378692627
1.705737590789795
1.6616528034210205
1.6863659620285034
1.6592811346054077
1.6267787218093872
1.6527318954467773
1.6100088357925415
1.6232783794403076
1.5925506353378296
2.094451427459717
2.0043935775756836
2.0036964416503906
1.9895182847976685
1.9566807746887207
1.9957001209259033
1.9584828615188599
1.9240790605545044
1.9805160760879517
1.9051004648208618
2.5893869400024414
2.6160242557525635
2.6571602821350098
2.5454418659210205
2.559122323989868
2.5127828121185303
2.5173091888427734
2.4927473068237305
2.518970251083374
2.409334421157837
2.9031333923339844
2.8782360553741455
2.886223793029785
2.7586352825164795
2.8084254264831543
2.7582879066467285
2.7574312686920166
2.736025333404541
2.7165403366088867
2.699258327484131
2.946535110473633
2.91719126701355
2.931809186935425
2.903177261352539
2.858859062194824
2.8423445224761963
2.8463714122772217
2.7677605152130127
2.809751033782959
2.7050230503082275
3.249696969985962
3.1648216247558594
3.08674955368042
3.0757927894592285
3.0873374938964844
3.1303086280822754
3.0805437564849854
3.03604793548584
2.9901301860809326
2.975862503051758
3.3576879501342773
3.3681483268737793
3.309666872024536
3.2869982719421387
3.229792833328247
3.1870639324188232
3.167475461959839
3.102912664413452
3.1474685668945312
3.093907117843628
1.0573196411132812
1.0876408815383911
1.04496431350708
1.0323765277862549
1.01566743850708
1.020506739616394
0.9812847971916199
1.0098055601119995
0.9941878318786621
0.9924841523170471
1.2348254919052124
1.2615265846252441
1.1996876001358032
1.2112733125686646
1.193940281867981
1.1998915672302246
1.167495846748352
1.1470320224761963
1.2244186401367188
1.1769888401031494
1.4820538759231567
1.490455150604248
1.4689197540283203
1.4337469339370728
1.4499595165252686
1.4501873254776
1.4647363424301147
1.4219069480895996
1.4487621784210205
1.4009519815444946
1.7921745777130127
1.8032746315002441
1.7564692497253418
1.7504748106002808
1.783433198928833
1.723428726196289
1.7331143617630005
1.7484281063079834
1.717512607574463
1.689789056777954
2.3888425827026367
2.368800640106201
2.3298451900482178
2.336608409881592
2.3489370346069336
2.272017240524292
2.3021633625030518
2.3197154998779297
2.2804806232452393
2.2603659629821777
2.6150777339935303
2.62894868850708
2.6222872734069824
2.56796932220459
2.5438501834869385
2.5237390995025635
2.554379463195801
2.53560733795166
2.5197668075561523
2.4797675609588623
3.144918441772461
3.0907888412475586
3.083378553390503
3.081392288208008
3.0107760429382324
2.9894535541534424
2.990461587905884
2.9937727451324463
2.9413487911224365
2.95110821723938
3.2003908157348633
3.1988940238952637
3.148918628692627
3.1480371952056885
3.2031514644622803
3.1468825340270996
3.108781099319458
3.096287965774536
3.073862075805664
3.0766336917877197
3.233811378479004
3.234099864959717
3.1335742473602295
3.1859710216522217
3.1778266429901123
3.1482720375061035
3.125288963317871
3.0386295318603516
3.103976249694824
3.1031506061553955
1.5975538492202759
1.540305733680725
1.5554132461547852
1.4553860425949097
1.4222581386566162
1.3750988245010376
1.361163854598999
1.292396068572998
1.286069631576538
1.2631335258483887
1.5653609037399292
1.5382157564163208
1.5129562616348267
1.5017105340957642
1.4421141147613525
1.4124195575714111
1.4341830015182495
1.3697326183319092
1.3530906438827515
1.326249599456787
1.7443313598632812
1.716587781906128
1.6973901987075806
1.6623601913452148
1.6523160934448242
1.5862597227096558
1.6323201656341553
1.5327346324920654
1.5521281957626343
1.5528546571731567
2.177018642425537
2.079720973968506
2.0422286987304688
2.05491304397583
2.0339486598968506
2.024732828140259
2.02131986618042
1.960438847541809
1.9326938390731812
1.9263688325881958
2.626918315887451
2.6308274269104004
2.5772600173950195
2.5535030364990234
2.554455280303955
2.483267307281494
2.437969446182251
2.4011199474334717
2.4129323959350586
2.382439374923706
3.0468151569366455
3.007460594177246
2.941713333129883
2.835541009902954
2.8809492588043213
2.785649299621582
2.8451168537139893
2.6512691974639893
2.6820268630981445
2.655149459838867
2.5958847999572754
2.628220558166504
2.5098586082458496
2.5138955116271973
2.5399837493896484
2.4308626651763916
2.429701328277588
2.3749730587005615
2.3672966957092285
2.3531699180603027
2.7773067951202393
2.7749931812286377
2.6648523807525635
2.725879430770874
2.673043727874756
2.5838124752044678
2.5756587982177734
2.570988893508911
2.46482253074646
2.422499895095825
3.056220293045044
2.974771738052368
3.0070462226867676
2.9319818019866943
3.012002468109131
2.8982675075531006
2.8129470348358154
2.8155150413513184
2.7742576599121094
2.800283432006836
0.6877495050430298
0.7030826210975647
0.662315845489502
0.637127697467804
0.6488453149795532
0.6272404789924622
0.6201046109199524
0.6013079881668091
0.5801408886909485
0.5889511108398438
0.8806552886962891
0.892831563949585
0.892025351524353
0.8533937335014343
0.8359178304672241
0.8079643845558167
0.8371649384498596
0.8251076340675354
0.821827232837677
0.7946431636810303
1.2677817344665527
1.2326821088790894
1.2280367612838745
1.1985870599746704
1.2118934392929077
1.1773757934570312
1.1898075342178345
1.1554142236709595
1.1341488361358643
1.1875381469726562
1.7079765796661377
1.6697382926940918
1.6590192317962646
1.6886451244354248
1.6646885871887207
1.643154501914978
1.6765092611312866
1.6301453113555908
1.5886025428771973
1.5729424953460693
2.36317777633667
2.3408546447753906
2.332326889038086
2.2897636890411377
2.2880027294158936
2.2216079235076904
2.2345128059387207
2.1942367553710938
2.267632007598877
2.2031846046447754
2.889561176300049
2.813873052597046
2.7600998878479004
2.8305811882019043
2.769929885864258
2.8003158569335938
2.752244472503662
2.7801144123077393
2.796243667602539
2.7117362022399902
2.683799982070923
2.710386037826538
2.6771905422210693
2.6405839920043945
2.6841607093811035
2.6722164154052734
2.6166462898254395
2.5459635257720947
2.6215224266052246
2.6545250415802
3.068977117538452
2.995476007461548
3.0598034858703613
3.049351692199707
2.9977614879608154
2.943549156188965
2.991521120071411
2.942962884902954
2.930410861968994
2.9503729343414307
2.985651731491089
2.983745813369751
2.9913065433502197
2.9911704063415527
2.9402949810028076
2.919903516769409
2.918227195739746
2.861630916595459
2.8130714893341064
2.8482491970062256
0.5382459759712219
0.5413069725036621
0.5311329364776611
0.4996160864830017
0.5114173293113708
0.5061278939247131
0.4917845129966736
0.49164703488349915
0.47988361120224
0.46240487694740295
0.7607336640357971
0.8045836091041565
0.7142791152000427
0.713266134262085
0.7561185359954834
0.7149437665939331
0.7321407198905945
0.709296464920044
0.7032719254493713
0.7085731625556946
1.1440062522888184
1.1170607805252075
1.0782359838485718
1.1528537273406982
1.0942462682724
1.0635467767715454
1.0508947372436523
1.0806455612182617
1.0889105796813965
1.051592469215393
1.653146505355835
1.6578700542449951
1.6141763925552368
1.630500316619873
1.6120017766952515
1.6092358827590942
1.6172248125076294
1.605818510055542
1.5992791652679443
1.5716099739074707
2.381023406982422
2.401756763458252
2.360809087753296
2.326251983642578
2.280992031097412
2.3348631858825684
2.2846453189849854
2.269437313079834
2.3044962882995605
2.290055751800537
2.6668877601623535
2.6711137294769287
2.6744298934936523
2.6321849822998047
2.6133337020874023
2.6109306812286377
2.5806353092193604
2.596956729888916
2.502070903778076
2.4936275482177734
2.980499744415283
3.025050640106201
2.945934772491455
2.9220387935638428
2.9620938301086426
2.8899970054626465
2.827970266342163
2.879535675048828
2.789140224456787
2.824847936630249
3.325477123260498
3.295588731765747
3.246506452560425
3.2005128860473633
3.234452247619629
3.2471210956573486
3.1743574142456055
3.114013433456421
3.0817556381225586
3.1264755725860596
3.560930013656616
3.4832470417022705
3.463675022125244
3.49186110496521
3.4378790855407715
3.4362967014312744
3.370898723602295
3.3510141372680664
3.360663652420044
3.3746747970581055
0.593039870262146
0.5738280415534973
0.553500771522522
0.5463574528694153
0.5296545624732971
0.5149471759796143
0.5188360810279846
0.49254658818244934
0.5002613663673401
0.48993971943855286
0.8091498017311096
0.8165438771247864
0.8233733773231506
0.7821218371391296
0.7907245755195618
0.7477197647094727
0.7348117828369141
0.7710292935371399
0.7324457764625549
0.7210031747817993
1.144948959350586
1.0904901027679443
1.0862983465194702
1.0874866247177124
1.1102874279022217
1.0954521894454956
1.0737656354904175
1.0509389638900757
1.0825183391571045
1.0486503839492798
1.63442862033844
1.6178101301193237
1.6356146335601807
1.6121902465820312
1.5743366479873657
1.577144742012024
1.5533255338668823
1.5257246494293213
1.546032428741455
1.532909870147705
2.2507543563842773
2.2005443572998047
2.1961686611175537
2.1650044918060303
2.1348557472229004
2.1282875537872314
2.1446971893310547
2.0860860347747803
2.113612174987793
2.1121506690979004
2.938354015350342
2.9289543628692627
2.890228509902954
2.8855183124542236
2.848921537399292
2.7691075801849365
2.7972960472106934
2.7428693771362305
2.710545301437378
2.745666027069092
2.7005045413970947
2.694857597351074
2.6804051399230957
2.6583337783813477
2.6598150730133057
2.6038661003112793
2.5941150188446045
2.5219011306762695
2.5634350776672363
2.556936025619507
3.4343109130859375
3.472125768661499
3.4351646900177
3.427494764328003
3.358973264694214
3.4105114936828613
3.3447957038879395
3.256706476211548
3.347891330718994
3.3109452724456787
2.8911521434783936
2.9277119636535645
2.8356475830078125
2.7712883949279785
2.709435224533081
2.8113691806793213
2.8150408267974854
2.777175188064575
2.696200370788574
2.678941249847412
0.6927163600921631
0.6692816615104675
0.6307697296142578
0.6368876695632935
0.6367963552474976
0.6106223464012146
0.6257842779159546
0.5852278470993042
0.568977415561676
0.6234405636787415
0.9890934228897095
0.9300238490104675
0.9455775022506714
0.8916098475456238
0.900644063949585
0.9393474459648132
0.87956303358078
0.8668776750564575
0.8898361325263977
0.8822634816169739
1.3154985904693604
1.2732129096984863
1.2466036081314087
1.2862975597381592
1.2322388887405396
1.1997793912887573
1.213208556175232
1.2111144065856934
1.1998867988586426
1.184628963470459
1.7888481616973877
1.8107292652130127
1.8079495429992676
1.8061838150024414
1.776492953300476
1.7621279954910278
1.750781774520874
1.723524808883667
1.779050588607788
1.7099839448928833
2.605700731277466
2.61503267288208
2.5653998851776123
2.574507713317871
2.519174098968506
2.5219545364379883
2.4952733516693115
2.5053632259368896
2.4304773807525635
2.4285945892333984
2.843472957611084
2.785127639770508
2.766493558883667
2.693737030029297
2.710049867630005
2.639603614807129
2.6552791595458984
2.604628324508667
2.6011550426483154
2.596031427383423
2.7509374618530273
2.771228551864624
2.7604808807373047
2.7435169219970703
2.71227765083313
2.668585777282715
2.619817018508911
2.6514976024627686
2.648251533508301
2.626715660095215
3.123908758163452
3.117661714553833
3.045830249786377
3.038769483566284
3.076319456100464
3.0308783054351807
2.9549551010131836
2.9689390659332275
2.9567952156066895
2.9161438941955566
3.4194722175598145
3.4038596153259277
3.384491205215454
3.3791396617889404
3.4266016483306885
3.3600730895996094
3.2653603553771973
3.3446366786956787
3.267159938812256
3.316634178161621
0.4636974036693573
0.44532355666160583
0.4358644485473633
0.4245162308216095
0.4272892475128174
0.4221971929073334
0.44220590591430664
0.41259023547172546
0.40230676531791687
0.390814870595932
0.7195060849189758
0.7398275136947632
0.6805246472358704
0.6831874251365662
0.662873387336731
0.7201665043830872
0.6529591679573059
0.6826097965240479
0.6587205529212952
0.6607818603515625
1.107324481010437
1.0671544075012207
1.0897140502929688
1.1142349243164062
1.0954293012619019
1.0603647232055664
1.0736892223358154
1.0717439651489258
1.038261890411377
1.0209294557571411
1.6590425968170166
1.6410070657730103
1.5948305130004883
1.6079974174499512
1.6088168621063232
1.6246776580810547
1.6207842826843262
1.5639597177505493
1.5947240591049194
1.5734251737594604
2.2602016925811768
2.250450849533081
2.246889591217041
2.168501377105713
2.1793694496154785
2.198450803756714
2.1683554649353027
2.1353752613067627
2.1161234378814697
2.1301536560058594
3.1042215824127197
3.102299451828003
3.0757548809051514
3.0184900760650635
3.0418691635131836
2.9976978302001953
2.9406135082244873
2.9647340774536133
2.950859785079956
2.8904502391815186
3.388370990753174
3.400939702987671
3.342176914215088
3.288034200668335
3.2927627563476562
3.269282341003418
3.1869850158691406
3.2071921825408936
3.231658697128296
3.177528142929077
2.8409266471862793
2.902676820755005
2.838707685470581
2.867536783218384
2.7893831729888916
2.7940354347229004
2.7735655307769775
2.78058123588562
2.751894474029541
2.757211208343506
2.793652296066284
2.797926425933838
2.736724376678467
2.7079739570617676
2.7468690872192383
2.6530914306640625
2.7147881984710693
2.696547508239746
2.671525716781616
2.6734461784362793
0.291782021522522
0.29693859815597534
0.27634382247924805
0.28998953104019165
0.26716795563697815
0.2642526626586914
0.2686839699745178
0.2696231007575989
0.25633829832077026
0.26507124304771423
0.5229979157447815
0.5013920068740845
0.49243274331092834
0.5173653960227966
0.5122852921485901
0.5102384090423584
0.4773939847946167
0.4806186854839325
0.46574991941452026
0.490431547164917
0.9469698667526245
0.8997897505760193
0.9132251739501953
0.9177319407463074
0.9040732979774475
0.8914811015129089
0.8649482727050781
0.8955919742584229
0.8901535272598267
0.9148273468017578
1.4717257022857666
1.4579037427902222
1.472546100616455
1.4496326446533203
1.423156499862671
1.4012024402618408
1.4304324388504028
1.4053244590759277
1.3911895751953125
1.3664531707763672
2.288790702819824
2.301750659942627
2.27152156829834
2.262775182723999
2.25644588470459
2.253214120864868
2.214170217514038
2.23098087310791
2.2154626846313477
2.1835851669311523
2.502981185913086
2.5378599166870117
2.5326449871063232
2.4709014892578125
2.441073179244995
2.4553840160369873
2.4281809329986572
2.4389803409576416
2.4871022701263428
2.467660427093506
2.699371099472046
2.6754322052001953
2.6972551345825195
2.674330949783325
2.6836097240448
2.6184825897216797
2.662745237350464
2.649574041366577
2.574314594268799
2.5638787746429443
2.975983142852783
3.004430055618286
3.001288890838623
2.9726364612579346
2.9223458766937256
2.892951488494873
2.889857530593872
2.9151418209075928
2.838153123855591
2.8838491439819336
3.23988938331604
3.2157249450683594
3.1702494621276855
3.2112832069396973
3.1252551078796387
3.1355018615722656
3.1197633743286133
3.056126832962036
3.0581514835357666
3.046786308288574
0.5261374711990356
0.5112676620483398
0.4970928728580475
0.4715701937675476
0.45837557315826416
0.48543211817741394
0.47046053409576416
0.45857810974121094
0.43814170360565186
0.43992286920547485
0.8303747177124023
0.8194177150726318
0.7994158267974854
0.8035698533058167
0.7869043350219727
0.7699397206306458
0.7505240440368652
0.7931843996047974
0.7204886078834534
0.7431236505508423
1.2243589162826538
1.2228257656097412
1.2353957891464233
1.1739739179611206
1.1888914108276367
1.175398826599121
1.144047498703003
1.1681432723999023
1.135420799255371
1.1245381832122803
1.8436989784240723
1.8399579524993896
1.7844442129135132
1.814684271812439
1.7692433595657349
1.7403559684753418
1.7120757102966309
1.6922783851623535
1.6853185892105103
1.6908118724822998
2.7512922286987305
2.671969413757324
2.6278433799743652
2.5868754386901855
2.5945539474487305
2.5720741748809814
2.5430033206939697
2.5395689010620117
2.4867725372314453
2.4711246490478516
2.8660452365875244
2.798640012741089
2.7902729511260986
2.72971510887146
2.7365498542785645
2.704627513885498
2.7001523971557617
2.694366693496704
2.6823465824127197
2.6424062252044678
3.1587295532226562
3.1208019256591797
3.0571422576904297
3.1045291423797607
2.983917713165283
2.961637020111084
2.980452537536621
2.949993848800659
2.945788860321045
2.895902156829834
3.1974940299987793
3.0815839767456055
3.0015578269958496
2.9993703365325928
2.935497999191284
2.9866995811462402
2.9388537406921387
2.882434368133545
2.8642868995666504
2.901477813720703
2.726649284362793
2.6969988346099854
2.6656785011291504
2.695098876953125
2.6318256855010986
2.589128255844116
2.557605743408203
2.569455623626709
2.521904945373535
2.510824203491211
0.3945481479167938
0.3934207856655121
0.3810577988624573
0.40327537059783936
0.363682359457016
0.37786149978637695
0.37640511989593506
0.34181466698646545
0.3389020264148712
0.36616021394729614
0.6588397026062012
0.6895784139633179
0.6584729552268982
0.6908223628997803
0.6366750597953796
0.6203533411026001
0.6511988043785095
0.6064971685409546
0.5897548198699951
0.6249701976776123
1.1677072048187256
1.075792908668518
1.074161171913147
1.0503515005111694
1.0950864553451538
1.0787155628204346
1.0670849084854126
1.0342471599578857
1.0638339519500732
1.0364444255828857
1.701302170753479
1.6731462478637695
1.6882504224777222
1.6532108783721924
1.645768642425537
1.6292967796325684
1.6311044692993164
1.6063868999481201
1.6073784828186035
1.5837762355804443
2.4508779048919678
2.459944486618042
2.4104561805725098
2.388362169265747
2.399395704269409
2.3562192916870117
2.3421854972839355
2.286618947982788
2.3470847606658936
2.254730701446533
2.9786386489868164
2.9239320755004883
2.898591995239258
2.898890495300293
2.839834451675415
2.842276096343994
2.8412487506866455
2.795456886291504
2.750802755355835
2.740191698074341
3.04736328125
3.0044054985046387
3.0389158725738525
2.9606006145477295
2.9367763996124268
2.901163339614868
2.9263951778411865
2.8875973224639893
2.8856775760650635
2.829371929168701
2.9997787475585938
2.9396438598632812
2.9862163066864014
2.9563522338867188
2.921018600463867
2.904327869415283
2.837381362915039
2.8308396339416504
2.789539337158203
2.8037004470825195
2.830970048904419
2.6966264247894287
2.690694808959961
2.682328224182129
2.6572823524475098
2.627870798110962
2.6244120597839355
2.6215009689331055
2.543550491333008
2.5529966354370117
0.5418304800987244
0.5528298616409302
0.48406490683555603
0.48649415373802185
0.47987261414527893
0.47262823581695557
0.41897425055503845
0.43250906467437744
0.40964019298553467
0.40786299109458923
0.8105351328849792
0.8307985067367554
0.7642064094543457
0.7764642834663391
0.7339025139808655
0.7386662364006042
0.7529398202896118
0.7138023376464844
0.7137380838394165
0.6893855333328247
1.3376537561416626
1.3234257698059082
1.2522908449172974
1.2366517782211304
1.2214272022247314
1.2310158014297485
1.1943708658218384
1.1694278717041016
1.179983377456665
1.1731657981872559
1.8957021236419678
1.852960467338562
1.84934663772583
1.8281834125518799
1.8571290969848633
1.830081820487976
1.7400480508804321
1.706826090812683
1.7605066299438477
1.6800057888031006
2.7835774421691895
2.820664882659912
2.7332701683044434
2.6926429271698
2.6742045879364014
2.656303882598877
2.6218249797821045
2.5518622398376465
2.527303457260132
2.533433437347412
3.059567928314209
3.0020337104797363
2.980947494506836
2.8972532749176025
2.8805084228515625
2.8191211223602295
2.8584859371185303
2.816830635070801
2.680636405944824
2.7022547721862793
3.071052074432373
3.0137553215026855
3.00113582611084
2.969900131225586
2.9444499015808105
2.929427146911621
2.8476274013519287
2.9151804447174072
2.819244384765625
2.840552568435669
3.422323703765869
3.344628095626831
3.285545587539673
3.2611677646636963
3.2614569664001465
3.2041196823120117
3.1866469383239746
3.13437557220459
3.1415343284606934
3.1354808807373047
3.45538067817688
3.426339626312256
3.3515625
3.304492712020874
3.2444210052490234
3.2439653873443604
3.1926870346069336
3.1786375045776367
3.175969362258911
3.0279839038848877
0.3881579041481018
0.37495774030685425
0.36530205607414246
0.3636159300804138
0.3435872495174408
0.3541448712348938
0.34118109941482544
0.33917132019996643
0.32299044728279114
0.32268157601356506
0.6701735854148865
0.6433830857276917
0.6487064957618713
0.6279166340827942
0.6041731834411621
0.6479586958885193
0.5796092748641968
0.5969206094741821
0.5786755084991455
0.5487125515937805
1.085415005683899
1.0925419330596924
1.0539389848709106
1.0333987474441528
1.0141303539276123
1.0028290748596191
1.034562110900879
1.0212726593017578
0.9632168412208557
0.9895572662353516
1.58568274974823
1.5662791728973389
1.5488201379776
1.5747343301773071
1.5466530323028564
1.50895094871521
1.4865715503692627
1.4893226623535156
1.4841361045837402
1.4838309288024902
2.500060796737671
2.384830951690674
2.499239921569824
2.4126737117767334
2.35554575920105
2.3602187633514404
2.3817992210388184
2.30816912651062
2.3000752925872803
2.283872127532959
2.8139753341674805
2.7882614135742188
2.7981741428375244
2.7798705101013184
2.7342987060546875
2.771601676940918
2.719588041305542
2.6805906295776367
2.7246997356414795
2.583069086074829
2.85630202293396
2.8919126987457275
2.8493642807006836
2.8430702686309814
2.8052942752838135
2.78560733795166
2.7667603492736816
2.75351619720459
2.677473783493042
2.6635358333587646
2.4867141246795654
2.403215169906616
2.4019107818603516
2.3353140354156494
2.3464837074279785
2.407956123352051
2.3214216232299805
2.264251708984375
2.293039321899414
2.2628283500671387
3.2260258197784424
3.2110629081726074
3.1933114528656006
3.190993309020996
3.126555919647217
3.076968193054199
3.0257630348205566
2.999147415161133
2.9815595149993896
3.0127289295196533
0.9054132699966431
0.8206079006195068
0.7936940789222717
0.7338456511497498
0.732703685760498
0.6870579719543457
0.6591765880584717
0.6479691863059998
0.5886516571044922
0.5838856101036072
1.06468665599823
1.006653070449829
0.9999557137489319
0.941821813583374
0.8838213086128235
0.9122582077980042
0.8560158014297485
0.8430483937263489
0.8062833547592163
0.7730883359909058
1.307698130607605
1.2857788801193237
1.2478069067001343
1.2415587902069092
1.1749130487442017
1.1620979309082031
1.1228307485580444
1.1212269067764282
1.107759714126587
1.0829424858093262
1.9088176488876343
1.8679008483886719
1.7847193479537964
1.753426432609558
1.7409446239471436
1.7112767696380615
1.6655381917953491
1.6358104944229126
1.598863959312439
1.5969009399414062
2.6695621013641357
2.6507866382598877
2.6208767890930176
2.562056064605713
2.5217702388763428
2.4329147338867188
2.424398422241211
2.4296200275421143
2.3131561279296875
2.269162178039551
2.985597610473633
2.965442419052124
2.914658784866333
2.8437647819519043
2.809804677963257
2.709632396697998
2.7219157218933105
2.701078414916992
2.60762095451355
2.615100383758545
3.005983591079712
2.8919334411621094
2.8750805854797363
2.8259479999542236
2.8312926292419434
2.750967502593994
2.7103755474090576
2.6638550758361816
2.6423349380493164
2.6203722953796387
2.484269380569458
2.4421451091766357
2.41969633102417
2.419865846633911
2.325887441635132
2.329941749572754
2.284717559814453
2.2683897018432617
2.221403121948242
2.1860525608062744
2.903709888458252
2.836264133453369
2.822162628173828
2.833221912384033
2.7907142639160156
2.6600024700164795
2.6800520420074463
2.6557838916778564
2.609128952026367
2.602052688598633
0.256653368473053
0.27248093485832214
0.2610051929950714
0.24730736017227173
0.25457707047462463
0.2509072721004486
0.2345602959394455
0.23241621255874634
0.22813008725643158
0.23838815093040466
0.5606685280799866
0.5691370368003845
0.560073971748352
0.5041223764419556
0.5191641449928284
0.5017778873443604
0.48487189412117004
0.4697292745113373
0.446717768907547
0.438709020614624
1.0177704095840454
0.9849409461021423
0.945273220539093
0.942326009273529
0.8871555328369141
0.9109733700752258
0.8892911076545715
0.8496564626693726
0.8364489674568176
0.8091683983802795
1.7692599296569824
1.697757363319397
1.6527482271194458
1.5880893468856812
1.568415641784668
1.5546759366989136
1.5407291650772095
1.512085199356079
1.4507715702056885
1.4551795721054077
2.5440540313720703
2.468474864959717
2.42145037651062
2.4032609462738037
2.3690414428710938
2.3246634006500244
2.2533578872680664
2.199526786804199
2.1342663764953613
2.1575050354003906
2.762357473373413
2.676356554031372
2.655242443084717
2.5866994857788086
2.5167620182037354
2.469006061553955
2.4328806400299072
2.4226763248443604
2.414608955383301
2.375267505645752
2.4834442138671875
2.4179344177246094
2.3924849033355713
2.3687987327575684
2.4067771434783936
2.286746025085449
2.2578330039978027
2.205131769180298
2.2049031257629395
2.1713061332702637
2.9296622276306152
2.8844223022460938
2.852130651473999
2.7809879779815674
2.7987704277038574
2.7912514209747314
2.7198548316955566
2.67708420753479
2.6512739658355713
2.626680374145508
3.233837604522705
3.112358570098877
3.1154990196228027
3.0625293254852295
3.0381438732147217
2.9562690258026123
2.9863274097442627
2.9277496337890625
2.9011120796203613
2.8659393787384033
0.36373263597488403
0.3414088189601898
0.3302772045135498
0.3247235119342804
0.31912779808044434
0.3029341399669647
0.2992801368236542
0.2999100387096405
0.27284106612205505
0.27621737122535706
0.5673394203186035
0.5676432251930237
0.5500215888023376
0.5353209972381592
0.5215050578117371
0.5273410677909851
0.5122527480125427
0.4962232708930969
0.4929979145526886
0.4773927927017212
0.9700385332107544
0.9418532848358154
0.9306506514549255
0.9146755933761597
0.890537679195404
0.8906424045562744
0.8473457098007202
0.8499199748039246
0.8190912008285522
0.8241468667984009
1.6177425384521484
1.5972930192947388
1.536986231803894
1.5457024574279785
1.499583125114441
1.4346970319747925
1.417237639427185
1.4693102836608887
1.3591505289077759
1.3169476985931396
2.3615872859954834
2.335580348968506
2.249436140060425
2.293367624282837
2.2558839321136475
2.1388418674468994
2.130498170852661
2.0874216556549072
2.0420401096343994
2.0123164653778076
3.083193778991699
3.029062032699585
2.981654644012451
2.895280361175537
2.8465662002563477
2.814460277557373
2.7311129570007324
2.7031705379486084
2.696776866912842
2.635446071624756
2.7875289916992188
2.7390058040618896
2.7229180335998535
2.665311574935913
2.642867088317871
2.542462110519409
2.574894905090332
2.5030202865600586
2.497372627258301
2.348296880722046
3.392690896987915
3.355809450149536
3.299837112426758
3.3024322986602783
3.219285011291504
3.1405551433563232
3.150408983230591
3.074059247970581
3.0039045810699463
2.9520323276519775
2.58583927154541
2.532655715942383
2.540055751800537
2.465977430343628
2.4533300399780273
2.385249137878418
2.395247459411621
2.3055548667907715
2.3179104328155518
2.3073923587799072
0.3091737926006317
0.29536736011505127
0.28723058104515076
0.28731977939605713
0.27189621329307556
0.2741052210330963
0.2622494101524353
0.24953815340995789
0.23589816689491272
0.2500579059123993
0.5783030986785889
0.5395327806472778
0.5269277095794678
0.547782301902771
0.4992820918560028
0.47453176975250244
0.4733910858631134
0.44714513421058655
0.4528442621231079
0.44674691557884216
0.9061166644096375
0.9046448469161987
0.9057033061981201
0.9061962962150574
0.8176267743110657
0.8374606966972351
0.8054705858230591
0.8022298812866211
0.765626072883606
0.7679814100265503
1.5700925588607788
1.516890287399292
1.5255866050720215
1.452838659286499
1.442266583442688
1.4266273975372314
1.4121265411376953
1.3579719066619873
1.357137680053711
1.344605803489685
2.5909922122955322
2.5317940711975098
2.4818930625915527
2.4282524585723877
2.450161933898926
2.3520147800445557
2.3206794261932373
2.299020290374756
2.294161081314087
2.214538812637329
3.45650577545166
3.3804879188537598
3.345539093017578
3.2865242958068848
3.232032299041748
3.161247730255127
3.0904791355133057
3.102245330810547
2.996624231338501
2.9794278144836426
3.2470595836639404
3.1695306301116943
3.159660816192627
3.092912197113037
3.0668272972106934
2.9792940616607666
2.997882604598999
2.992708444595337
2.8728907108306885
2.874180316925049
3.173189640045166
3.141535997390747
3.0152366161346436
3.009012460708618
2.9642493724823
2.9953622817993164
2.893120765686035
2.8764591217041016
2.8269641399383545
2.8029119968414307
2.427459239959717
2.325857400894165
2.282914400100708
2.297905206680298
2.2873048782348633
2.230846881866455
2.149420976638794
2.1296019554138184
2.1198716163635254
2.090132474899292
0.7246955633163452
0.6830652952194214
0.5947238802909851
0.590246319770813
0.5723469853401184
0.48834457993507385
0.4716215133666992
0.450469046831131
0.4120553731918335
0.39211395382881165
0.9285353422164917
0.8656724095344543
0.8000854849815369
0.7736971974372864
0.731640100479126
0.6858631372451782
0.7067927122116089
0.642713725566864
0.6150631308555603
0.5995388627052307
1.294900894165039
1.2200411558151245
1.2001475095748901
1.1635240316390991
1.0696985721588135
1.0871249437332153
0.987326979637146
1.0018579959869385
1.001767873764038
0.9535917043685913
1.775719404220581
1.7033658027648926
1.6814943552017212
1.6602239608764648
1.550256371498108
1.5825564861297607
1.486459732055664
1.4351528882980347
1.402024269104004
1.4152007102966309
2.553452491760254
2.498638153076172
2.3452186584472656
2.2928214073181152
2.2245445251464844
2.192622661590576
2.157865524291992
2.0370161533355713
1.9703104496002197
1.9660614728927612
3.056288957595825
2.9909744262695312
2.8841567039489746
2.8612518310546875
2.8099372386932373
2.711740732192993
2.7269816398620605
2.6373775005340576
2.571140766143799
2.5468873977661133
2.84120512008667
2.766878843307495
2.7790253162384033
2.7055726051330566
2.6815240383148193
2.5959088802337646
2.5673325061798096
2.517927885055542
2.481353282928467
2.4437592029571533
2.8852591514587402
2.857604742050171
2.759786367416382
2.7953710556030273
2.752751350402832
2.6398632526397705
2.583190441131592
2.561924934387207
2.5436036586761475
2.5446090698242188
2.33077073097229
2.197054386138916
2.166694164276123
2.1794533729553223
2.1654231548309326
2.0469374656677246
2.053697347640991
2.0264503955841064
1.9563422203063965
1.9352871179580688
0.7164232730865479
0.6433141231536865
0.6160176992416382
0.5861470103263855
0.5405977368354797
0.5290313959121704
0.5267325639724731
0.49567827582359314
0.4602517783641815
0.4387056529521942
0.8723107576370239
0.821587085723877
0.7908027172088623
0.7372924089431763
0.7282924652099609
0.7158641219139099
0.7083756923675537
0.6709848642349243
0.6507977247238159
0.6677965521812439
1.3314481973648071
1.2604963779449463
1.1925417184829712
1.21437406539917
1.1616867780685425
1.1305055618286133
1.114570140838623
1.0771876573562622
1.0649253129959106
1.026597499847412
2.0863401889801025
2.039832592010498
2.008542537689209
1.9654592275619507
1.918414831161499
1.9192172288894653
1.8435068130493164
1.8304443359375
1.8226957321166992
1.7390620708465576
3.0688366889953613
3.0264527797698975
2.883133888244629
2.858985185623169
2.8475871086120605
2.773872137069702
2.7372164726257324
2.712313175201416
2.688382863998413
2.6401984691619873
2.7420918941497803
2.740091323852539
2.6396546363830566
2.5625059604644775
2.5134265422821045
2.544510841369629
2.474794626235962
2.3913490772247314
2.2933313846588135
2.2999727725982666
3.365900993347168
3.3548758029937744
3.2196691036224365
3.1913304328918457
3.101884365081787
3.0420658588409424
3.05621075630188
2.966993808746338
2.9080162048339844
2.866858720779419
2.58449387550354
2.597883701324463
2.53143310546875
2.419656276702881
2.3913702964782715
2.386272668838501
2.2731831073760986
2.2909226417541504
2.2530887126922607
2.211242437362671
3.4196174144744873
3.4633727073669434
3.2916910648345947
3.251528739929199
3.2006235122680664
3.208730936050415
3.054464817047119
3.0976450443267822
2.999450206756592
3.005230665206909
0.2916503846645355
0.2849135100841522
0.2689055800437927
0.26074284315109253
0.2415686696767807
0.2385326325893402
0.23587073385715485
0.22586628794670105
0.2283586859703064
0.21004223823547363
0.5451347231864929
0.5428251028060913
0.5213510394096375
0.48070234060287476
0.47146302461624146
0.4595353305339813
0.42548343539237976
0.4400401711463928
0.39661628007888794
0.37534910440444946
0.944482684135437
0.9018839001655579
0.8526436686515808
0.7949227094650269
0.7854548692703247
0.743226170539856
0.7495086193084717
0.6895922422409058
0.6933850049972534
0.6702835559844971
1.4844677448272705
1.4012371301651
1.3844753503799438
1.286470890045166
1.2386562824249268
1.1991872787475586
1.111609935760498
1.1231272220611572
1.0866308212280273
1.0520944595336914
2.1874899864196777
2.1121997833251953
2.008779525756836
1.9496346712112427
1.8461884260177612
1.7642940282821655
1.6825227737426758
1.6723041534423828
1.6472731828689575
1.543907880783081
2.724836587905884
2.602365255355835
2.556455373764038
2.5115182399749756
2.4287281036376953
2.3244881629943848
2.2779319286346436
2.2560503482818604
2.2315661907196045
2.1001813411712646
3.333757162094116
3.1866660118103027
3.1521100997924805
3.1843342781066895
3.117056369781494
2.9389259815216064
2.869624614715576
2.769580602645874
2.8015382289886475
2.671992301940918
2.3676395416259766
2.390608072280884
2.33498215675354
2.3181207180023193
2.2757370471954346
2.171841621398926
2.187005043029785
2.1285526752471924
2.1192102432250977
2.053117513656616
3.150747537612915
3.0477378368377686
3.0184762477874756
2.9404332637786865
2.878746509552002
2.8423855304718018
2.799154043197632
2.772958278656006
2.6861352920532227
2.7041945457458496
0.19950464367866516
0.2038484364748001
0.19057676196098328
0.1856950968503952
0.17602397501468658
0.18848535418510437
0.1840517818927765
0.171721950173378
0.16821853816509247
0.15560521185398102
0.4518146812915802
0.4299730658531189
0.40418294072151184
0.3960362374782562
0.3930354416370392
0.3805093467235565
0.36308160424232483
0.3612889349460602
0.3311292827129364
0.358440637588501
0.7762830853462219
0.7579688429832458
0.7006680965423584
0.695646345615387
0.6924134492874146
0.6660143136978149
0.6473469734191895
0.6233906745910645
0.6160590052604675
0.5994613170623779
1.315659761428833
1.2555084228515625
1.2774583101272583
1.2005025148391724
1.1732980012893677
1.1788060665130615
1.131675124168396
1.131903886795044
1.0929471254348755
1.0943678617477417
2.0990536212921143
2.016024589538574
2.018547534942627
1.9904793500900269
1.922415852546692
1.8509267568588257
1.848093032836914
1.8009134531021118
1.7724385261535645
1.700482964515686
2.5053555965423584
2.4015748500823975
2.3159358501434326
2.318448781967163
2.238706111907959
2.12778377532959
2.1725478172302246
2.099907159805298
2.0071332454681396
2.0052831172943115
2.7996649742126465
2.7441234588623047
2.705625295639038
2.599886894226074
2.6176371574401855
2.5466744899749756
2.415593385696411
2.4278564453125
2.361755847930908
2.2772061824798584
3.0865774154663086
3.09468150138855
3.033064603805542
2.933881998062134
2.8826749324798584
2.808077573776245
2.7792727947235107
2.780895471572876
2.662074565887451
2.6296043395996094
2.9043431282043457
2.916717529296875
2.7814035415649414
2.8141891956329346
2.74741268157959
2.7144649028778076
2.669009208679199
2.6622676849365234
2.519303560256958
2.5427610874176025
0.1291329562664032
0.10892512649297714
0.1064816415309906
0.10496064275503159
0.11321265995502472
0.1020694449543953
0.10232067108154297
0.10388922691345215
0.1022908166050911
0.10189750790596008
0.34012603759765625
0.2981303036212921
0.284877747297287
0.2872847318649292
0.2801448404788971
0.28777262568473816
0.29894760251045227
0.2725119888782501
0.24973595142364502
0.2804066240787506
0.7902898192405701
0.7375997304916382
0.6894703507423401
0.6732739210128784
0.6570289134979248
0.6661584973335266
0.6455004811286926
0.6506978273391724
0.6435183882713318
0.5991003513336182
1.5214639902114868
1.4786655902862549
1.4168994426727295
1.385250449180603
1.3352606296539307
1.2946875095367432
1.2622265815734863
1.2488394975662231
1.2086204290390015
1.197678804397583
2.408215045928955
2.3886704444885254
2.319852828979492
2.221588611602783
2.222151279449463
2.1308584213256836
2.0349771976470947
2.008596181869507
2.019742012023926
1.995281457901001
2.8432419300079346
2.738294839859009
2.6553354263305664
2.625147581100464
2.5225014686584473
2.5717616081237793
2.4737255573272705
2.389572858810425
2.4398505687713623
2.3909761905670166
2.5897915363311768
2.545015573501587
2.5899698734283447
2.4783132076263428
2.4059901237487793
2.3348283767700195
2.293008327484131
2.2086403369903564
2.225191354751587
2.152031421661377
2.932063102722168
2.8195059299468994
2.800123453140259
2.690326452255249
2.6776123046875
2.6623358726501465
2.5791757106781006
2.6008412837982178
2.550626516342163
2.4368748664855957
3.17492413520813
3.227856397628784
3.1049370765686035
3.016629457473755
3.0719635486602783
3.001239538192749
2.865030288696289
2.9350907802581787
2.7777860164642334
2.7356698513031006
0.15835724771022797
0.15859819948673248
0.15895915031433105
0.14214201271533966
0.13912002742290497
0.1462227702140808
0.13373175263404846
0.12557871639728546
0.12512068450450897
0.1308625489473343
0.3817566931247711
0.35911381244659424
0.33714383840560913
0.31648656725883484
0.32976531982421875
0.2991596460342407
0.3140795826911926
0.2730131149291992
0.27718767523765564
0.2601481080055237
0.7352837324142456
0.7119036316871643
0.6782156825065613
0.6381165385246277
0.6012771725654602
0.606572687625885
0.5485116839408875
0.5690884590148926
0.5534265041351318
0.5081177949905396
1.3071283102035522
1.2475835084915161
1.2127195596694946
1.1523432731628418
1.0793888568878174
1.0502594709396362
1.0268079042434692
0.9895622730255127
0.9283137917518616
0.9208176136016846
2.0552656650543213
1.9368342161178589
1.8474961519241333
1.7832931280136108
1.6659071445465088
1.629793643951416
1.563410997390747
1.4915416240692139
1.513568639755249
1.3866581916809082
2.78123140335083
2.673267364501953
2.6108295917510986
2.5218544006347656
2.4691877365112305
2.3283984661102295
2.251157283782959
2.2268073558807373
2.143890857696533
2.0407590866088867
2.0821049213409424
2.0614805221557617
1.9838697910308838
1.941999077796936
1.8673293590545654
1.7931947708129883
1.781287670135498
1.773776888847351
1.765279769897461
1.668463110923767
2.881969690322876
2.7446463108062744
2.7153091430664062
2.5896425247192383
2.568587303161621
2.499770164489746
2.4816136360168457
2.4343512058258057
2.3646695613861084
2.2889976501464844
2.8947935104370117
2.8175392150878906
2.794267177581787
2.767996311187744
2.7107369899749756
2.6868817806243896
2.619347095489502
2.5363194942474365
2.5475878715515137
2.4810822010040283
0.1758696585893631
0.16026487946510315
0.16045497357845306
0.1566709727048874
0.1545923799276352
0.14431458711624146
0.14193035662174225
0.13889484107494354
0.15328095853328705
0.13747313618659973
0.44184404611587524
0.41798320412635803
0.4063888192176819
0.3953777551651001
0.3755755126476288
0.36326390504837036
0.3509237766265869
0.3223934769630432
0.331625759601593
0.30840086936950684
0.8012112975120544
0.8107895851135254
0.7167258262634277
0.7037353515625
0.6734257340431213
0.6423896551132202
0.6125356554985046
0.607695460319519
0.5730391144752502
0.5509823560714722
1.4564390182495117
1.3989346027374268
1.3284238576889038
1.2492510080337524
1.2092827558517456
1.1951040029525757
1.11043119430542
1.0759432315826416
1.0259755849838257
0.9730489253997803
2.2904648780822754
2.1608831882476807
2.108076333999634
1.9855420589447021
1.9356393814086914
1.8170709609985352
1.768728256225586
1.7408332824707031
1.6857351064682007
1.5925793647766113
2.43422532081604
2.3622474670410156
2.2907440662384033
2.173159599304199
2.1055123805999756
2.087360382080078
1.9992824792861938
1.921427845954895
1.8637075424194336
1.8045458793640137
3.114309072494507
2.986605167388916
2.9335978031158447
2.8477256298065186
2.7437376976013184
2.655731439590454
2.632071018218994
2.607403516769409
2.492769718170166
2.4847705364227295
2.2530407905578613
2.125702142715454
2.0663414001464844
2.007981061935425
2.0609707832336426
1.94687020778656
1.9348517656326294
1.8449076414108276
1.848739743232727
1.8116486072540283
2.738950729370117
2.6681206226348877
2.5903666019439697
2.5177481174468994
2.4528346061706543
2.3953211307525635
2.2742321491241455
2.2522165775299072
2.221843719482422
2.160984992980957
0.9260565042495728
0.8224630355834961
0.7159337401390076
0.6374386548995972
0.5900314450263977
0.5109841823577881
0.48601576685905457
0.46008360385894775
0.42995691299438477
0.39053988456726074
0.8448476195335388
0.8190996646881104
0.7400791645050049
0.7102054357528687
0.6492120623588562
0.6100468635559082
0.5686160326004028
0.5421656966209412
0.544151782989502
0.49269190430641174
1.1203465461730957
1.0526349544525146
0.9686205983161926
0.9559388160705566
0.8581270575523376
0.8839635848999023
0.8165215253829956
0.8054341077804565
0.7694125771522522
0.7153112888336182
1.6697512865066528
1.5929017066955566
1.5343931913375854
1.4705473184585571
1.3795509338378906
1.3363134860992432
1.2675561904907227
1.272544264793396
1.227404236793518
1.1601064205169678
2.332763433456421
2.226609945297241
2.0677552223205566
2.0176260471343994
1.8922500610351562
1.8393669128417969
1.765872597694397
1.660233497619629
1.6461100578308105
1.5876774787902832
2.598794460296631
2.477679491043091
2.3714239597320557
2.3147876262664795
2.234022378921509
2.1480047702789307
2.0648889541625977
2.0134663581848145
1.953084111213684
1.8600846529006958
2.820620059967041
2.827613592147827
2.7759361267089844
2.6507506370544434
2.483380079269409
2.4361982345581055
2.3414881229400635
2.331761121749878
2.215048313140869
2.1628904342651367
2.908383846282959
2.8569047451019287
2.688581943511963
2.649343729019165
2.5774807929992676
2.529641628265381
2.4406583309173584
2.369206666946411
2.366645336151123
2.3066766262054443
3.23169207572937
3.1066296100616455
3.043335199356079
2.955779552459717
2.815237283706665
2.7803280353546143
2.728135824203491
2.742617130279541
2.6011576652526855
2.5538694858551025
0.4598807692527771
0.44402170181274414
0.4286118745803833
0.3878004848957062
0.3807215392589569
0.339237242937088
0.32841095328330994
0.3149271309375763
0.3034818172454834
0.29382702708244324
0.7193300724029541
0.686420202255249
0.6254855394363403
0.626875102519989
0.5816818475723267
0.5395752787590027
0.535440981388092
0.4998787045478821
0.48542895913124084
0.4783293902873993
0.9987183809280396
0.9322838187217712
0.8792244791984558
0.8678567409515381
0.8219397664070129
0.8018160462379456
0.7791242003440857
0.7508777379989624
0.7376430034637451
0.6939809322357178
1.4869542121887207
1.3848987817764282
1.329035997390747
1.301956295967102
1.220780372619629
1.159670114517212
1.1375904083251953
1.0817679166793823
1.0232744216918945
1.0349760055541992
2.1814820766448975
2.078625202178955
1.9649652242660522
1.9150495529174805
1.817787766456604
1.7332000732421875
1.721260905265808
1.603013515472412
1.6064072847366333
1.5320316553115845
2.8957488536834717
2.7592074871063232
2.6700518131256104
2.5228958129882812
2.475635051727295
2.3479816913604736
2.2136709690093994
2.1602821350097656
2.0768463611602783
2.0376393795013428
3.2024917602539062
2.9985013008117676
2.9456653594970703
2.8043935298919678
2.7629125118255615
2.6431822776794434
2.576725721359253
2.5133800506591797
2.4011425971984863
2.4147706031799316
2.3878018856048584
2.2961843013763428
2.2293202877044678
2.1864776611328125
2.1305251121520996
2.055725574493408
1.9913581609725952
1.9432231187820435
1.909250020980835
1.8551926612854004
2.821209669113159
2.693650722503662
2.5555472373962402
2.5548198223114014
2.5031847953796387
2.452662467956543
2.3482043743133545
2.291518211364746
2.2520437240600586
2.1246936321258545
0.14857733249664307
0.1407836675643921
0.1407565176486969
0.1268906146287918
0.12798278033733368
0.11709379404783249
0.11864768713712692
0.1301974654197693
0.11117564141750336
0.10877222567796707
0.38774898648262024
0.3696894347667694
0.34618034958839417
0.3268245756626129
0.31061458587646484
0.29228919744491577
0.3187633454799652
0.2781497538089752
0.26526206731796265
0.26581209897994995
0.7029292583465576
0.7080628871917725
0.6533253192901611
0.6443437337875366
0.611305296421051
0.5744497179985046
0.5581437945365906
0.5193446278572083
0.5351213812828064
0.5186554789543152
1.1913578510284424
1.1200485229492188
1.0416570901870728
1.0514605045318604
0.9781218767166138
0.9320762753486633
0.9441976547241211
0.905980110168457
0.8756234049797058
0.869966983795166
1.6788142919540405
1.6398037672042847
1.5901589393615723
1.5434983968734741
1.4812843799591064
1.4651775360107422
1.432031512260437
1.3717024326324463
1.328636646270752
1.2547944784164429
2.5331990718841553
2.394009828567505
2.3509860038757324
2.2292838096618652
2.20339035987854
2.117703437805176
2.081249952316284
1.998231053352356
1.942626714706421
1.8908966779708862
2.546858310699463
2.48677134513855
2.381382703781128
2.3341064453125
2.1896564960479736
2.1672556400299072
2.1044211387634277
2.0219013690948486
2.0689616203308105
1.9079909324645996
2.917055368423462
2.8451039791107178
2.75248384475708
2.652909278869629
2.6850602626800537
2.5157899856567383
2.502725601196289
2.366769552230835
2.3640811443328857
2.3106794357299805
3.100088596343994
2.977158784866333
2.8908896446228027
2.858551502227783
2.772632598876953
2.796416759490967
2.6806907653808594
2.5801076889038086
2.6061129570007324
2.5465872287750244
0.16897189617156982
0.163343146443367
0.14583171904087067
0.14484332501888275
0.15736506879329681
0.12663862109184265
0.12828117609024048
0.13478240370750427
0.13380339741706848
0.11404772847890854
0.3752925992012024
0.3284246027469635
0.3094220757484436
0.30164363980293274
0.31980806589126587
0.2708415687084198
0.26879727840423584
0.24974367022514343
0.2526923716068268
0.22645989060401917
0.6550624370574951
0.6409505605697632
0.5993024706840515
0.5609434247016907
0.5550078749656677
0.5163247585296631
0.5065149068832397
0.5061659216880798
0.48713842034339905
0.46515384316444397
1.1281564235687256
1.1083338260650635
1.0286800861358643
0.9923423528671265
0.967488706111908
0.9366889595985413
0.9159847497940063
0.8628526329994202
0.8336784839630127
0.8249584436416626
1.8830734491348267
1.7967196702957153
1.719531536102295
1.6652683019638062
1.628953456878662
1.5468733310699463
1.5209074020385742
1.4823343753814697
1.4287725687026978
1.35458242893219
2.404116153717041
2.320274829864502
2.2084646224975586
2.126894474029541
2.054319143295288
1.9067399501800537
1.852822184562683
1.8339096307754517
1.7343313694000244
1.707931637763977
2.8369088172912598
2.679844379425049
2.5937323570251465
2.515164375305176
2.448899030685425
2.370539426803589
2.30772066116333
2.2195322513580322
2.148392915725708
2.15729022026062
2.576571226119995
2.467508554458618
2.3913040161132812
2.3627092838287354
2.2887678146362305
2.1958916187286377
2.120694875717163
2.1172847747802734
2.029339551925659
1.9905204772949219
2.668779134750366
2.5787529945373535
2.4223177433013916
2.3654398918151855
2.3297863006591797
2.29237699508667
2.277684450149536
2.15706205368042
2.0480310916900635
2.014087677001953
0.1079050749540329
0.10370659083127975
0.10442516952753067
0.10055135935544968
0.1038224995136261
0.0955362394452095
0.0950293093919754
0.09199769049882889
0.08848823606967926
0.09267999231815338
0.32076042890548706
0.2955853343009949
0.27701336145401
0.2840411365032196
0.2453506886959076
0.2452729195356369
0.23436881601810455
0.22331656515598297
0.21968971192836761
0.2109728753566742
0.6709434986114502
0.6385387182235718
0.5666362047195435
0.5240596532821655
0.5582349896430969
0.4851519465446472
0.46343934535980225
0.4623066782951355
0.4514409899711609
0.41640788316726685
1.1500089168548584
1.0810816287994385
1.0728816986083984
1.004692792892456
0.9449701309204102
0.9236790537834167
0.8695208430290222
0.8458425998687744
0.8333521485328674
0.834062397480011
1.909488320350647
1.8026833534240723
1.7601462602615356
1.6561633348464966
1.5865304470062256
1.5670607089996338
1.4925570487976074
1.460886836051941
1.3936309814453125
1.3603204488754272
2.458876371383667
2.332371711730957
2.2550790309906006
2.2009599208831787
2.1159591674804688
2.0274317264556885
1.932677149772644
1.904935598373413
1.8613947629928589
1.8309962749481201
2.922434091567993
2.758175849914551
2.641896963119507
2.576361656188965
2.48340106010437
2.466794490814209
2.325218915939331
2.411233901977539
2.2330057621002197
2.2199060916900635
2.118259906768799
2.083195686340332
2.0160813331604004
1.9454561471939087
1.944163203239441
1.8730568885803223
1.8439878225326538
1.7683757543563843
1.711617112159729
1.6760399341583252
3.171464204788208
3.146911859512329
3.080550193786621
3.0158016681671143
2.8737523555755615
2.8673839569091797
2.7827351093292236
2.778160810470581
2.6346402168273926
2.5211374759674072
0.1326504796743393
0.1278938502073288
0.11711162328720093
0.12028731405735016
0.10515277832746506
0.1017516702413559
0.10923761129379272
0.09922794252634048
0.09829211235046387
0.09959457814693451
0.31352338194847107
0.29182398319244385
0.3010757565498352
0.26661214232444763
0.271691232919693
0.2398781031370163
0.2386781871318817
0.22046218812465668
0.2223988175392151
0.21627327799797058
0.6494380235671997
0.5973013043403625
0.5877048969268799
0.548239529132843
0.4909416437149048
0.5109407305717468
0.4748099744319916
0.4487457275390625
0.43515074253082275
0.42064422369003296
1.129732608795166
1.1005778312683105
1.0379306077957153
0.983314573764801
0.9847979545593262
0.9067040681838989
0.8646355271339417
0.8521018028259277
0.8105980753898621
0.8329737186431885
1.9503520727157593
1.8319340944290161
1.7314159870147705
1.6509429216384888
1.6091489791870117
1.6062556505203247
1.4774988889694214
1.4744141101837158
1.4457544088363647
1.3567988872528076
2.6667051315307617
2.4917871952056885
2.418085813522339
2.3341875076293945
2.3278586864471436
2.2022500038146973
2.159531831741333
2.1129841804504395
2.111701011657715
1.9997605085372925
2.711179256439209
2.6664178371429443
2.5543129444122314
2.4995875358581543
2.3798258304595947
2.3270020484924316
2.273197889328003
2.2041149139404297
2.1774823665618896
2.1310389041900635
2.769287109375
2.6825602054595947
2.58884859085083
2.5531740188598633
2.5297627449035645
2.417574167251587
2.3777449131011963
2.3989744186401367
2.335982322692871
2.306570053100586
2.7784509658813477
2.6301658153533936
2.5511326789855957
2.580986976623535
2.510571002960205
2.4615015983581543
2.4768893718719482
2.363168716430664
2.374915599822998
2.258955478668213
0.14584040641784668
0.13782547414302826
0.13119740784168243
0.13123582303524017
0.11948714405298233
0.11977055668830872
0.12068692594766617
0.11805901676416397
0.10947664082050323
0.10348816961050034
0.3892136812210083
0.3517569303512573
0.3175581395626068
0.3251887261867523
0.2851291298866272
0.2770307660102844
0.27681222558021545
0.24981485307216644
0.23648279905319214
0.22628706693649292
0.7424353361129761
0.6955652236938477
0.6408230662345886
0.6212683916091919
0.5735761523246765
0.5405422449111938
0.5304482579231262
0.49540597200393677
0.5012772083282471
0.5145241022109985
1.3670969009399414
1.2968248128890991
1.2330825328826904
1.2049367427825928
1.150693416595459
1.0740092992782593
1.042205810546875
1.0344126224517822
1.0084279775619507
0.9705660939216614
2.3664262294769287
2.2976841926574707
2.1788241863250732
2.095444917678833
2.0640299320220947
2.010921001434326
1.9099206924438477
1.8208576440811157
1.7869447469711304
1.7442083358764648
2.9418094158172607
2.7955846786499023
2.7097883224487305
2.6537251472473145
2.567356824874878
2.4878103733062744
2.4107556343078613
2.3665919303894043
2.3355324268341064
2.243501901626587
3.0410733222961426
2.9819650650024414
2.8844997882843018
2.7714288234710693
2.690253257751465
2.7152187824249268
2.6099469661712646
2.5989692211151123
2.584404706954956
2.453608989715576
3.1324691772460938
2.981992721557617
3.0055572986602783
2.905565023422241
2.8857548236846924
2.7950119972229004
2.8013927936553955
2.688992738723755
2.6767706871032715
2.65498685836792
3.1400866508483887
3.1164183616638184
2.992408037185669
2.928351402282715
2.856492042541504
2.880722999572754
2.7341036796569824
2.710864782333374
2.676204204559326
2.6833417415618896
0.0968182161450386
0.09171514958143234
0.09773322194814682
0.09059707820415497
0.0868915319442749
0.09098657965660095
0.0834227204322815
0.08254867792129517
0.07822167128324509
0.08523093163967133
0.2839994728565216
0.2552810311317444
0.24417254328727722
0.2329065352678299
0.2190576195716858
0.21491023898124695
0.1958591639995575
0.2058347463607788
0.18490061163902283
0.18623588979244232
0.5924411416053772
0.563424289226532
0.535086452960968
0.4707835912704468
0.47999119758605957
0.4671894609928131
0.4353972375392914
0.41722047328948975
0.41335269808769226
0.3981875479221344
1.0688683986663818
1.0489063262939453
0.9437785148620605
0.910351037979126
0.8739446997642517
0.8688099980354309
0.786492109298706
0.7827311754226685
0.7350232601165771
0.7334536910057068
1.8135311603546143
1.698540449142456
1.6422985792160034
1.5545365810394287
1.5518484115600586
1.4278755187988281
1.3659989833831787
1.3240525722503662
1.272219181060791
1.239158034324646
2.5947113037109375
2.4942374229431152
2.3730196952819824
2.2815709114074707
2.1864726543426514
2.118603467941284
2.00998854637146
1.9420230388641357
1.8814815282821655
1.8404394388198853
3.0618507862091064
2.9737658500671387
2.8894312381744385
2.8043341636657715
2.7138657569885254
2.7232565879821777
2.634401321411133
2.594388008117676
2.4441611766815186
2.45733642578125
2.903988838195801
2.820215940475464
2.784776449203491
2.7223904132843018
2.68159556388855
2.591308116912842
2.6137232780456543
2.513439416885376
2.523082971572876
2.461544990539551
2.7537682056427
2.6459884643554688
2.5828466415405273
2.5562009811401367
2.4708242416381836
2.4106314182281494
2.3875136375427246
2.3937718868255615
2.3506228923797607
2.272296667098999
0.21937404572963715
0.209053173661232
0.19509541988372803
0.18076485395431519
0.17379041016101837
0.16576114296913147
0.16208428144454956
0.1507212370634079
0.1565159112215042
0.137599915266037
0.48802971839904785
0.447787880897522
0.4025214612483978
0.38776254653930664
0.35888242721557617
0.34976592659950256
0.3406733572483063
0.32110852003097534
0.3026871681213379
0.2813132405281067
0.8620271682739258
0.7961674928665161
0.7540470957756042
0.7458503842353821
0.6748114824295044
0.6382762789726257
0.6065054535865784
0.5891522169113159
0.5636524558067322
0.5565055012702942
1.5144577026367188
1.4631268978118896
1.3764691352844238
1.2980912923812866
1.2356975078582764
1.2056349515914917
1.163498878479004
1.1132373809814453
1.0834665298461914
1.0168368816375732
2.247133493423462
2.1288135051727295
2.0655534267425537
1.9605376720428467
1.8794699907302856
1.8309212923049927
1.7268935441970825
1.6637424230575562
1.6202666759490967
1.5980641841888428
2.990057945251465
2.87223744392395
2.776348114013672
2.6694180965423584
2.5769851207733154
2.523298501968384
2.5190188884735107
2.3931732177734375
2.328071355819702
2.2421927452087402
3.2157607078552246
3.1589863300323486
3.114919662475586
2.9797093868255615
2.95914626121521
2.836123466491699
2.8084399700164795
2.764726400375366
2.736543655395508
2.6949410438537598
3.276590347290039
3.1494295597076416
3.0992698669433594
3.0965418815612793
3.008749008178711
2.958707809448242
2.9448812007904053
2.8432297706604004
2.8091816902160645
2.797713279724121
2.840818166732788
2.781263589859009
2.705252170562744
2.6583662033081055
2.651186943054199
2.563722848892212
2.4495089054107666
2.489769458770752
2.451972007751465
2.375276803970337
