4.07317590713501
4.071287631988525
4.0671491622924805
4.069507598876953
4.070555210113525
4.073265075683594
4.073253154754639
4.073629379272461
4.072534561157227
4.0651044845581055
4.076298713684082
4.07106351852417
4.074148178100586
4.077029228210449
4.074985027313232
4.076761245727539
4.079339981079102
4.076628684997559
4.074162483215332
4.076666355133057
4.070001602172852
4.067175388336182
4.06837797164917
4.075921058654785
4.074336051940918
4.068458080291748
4.069647312164307
4.068814754486084
4.069177150726318
4.067997932434082
4.042120933532715
4.047215461730957
4.043334484100342
4.039473056793213
4.043556213378906
4.046330451965332
4.042978286743164
4.0426530838012695
4.0470099449157715
4.049228191375732
4.047062397003174
4.0512847900390625
4.046909809112549
4.048208713531494
4.046594142913818
4.049952507019043
4.047418117523193
4.0472235679626465
4.0559515953063965
4.050451278686523
4.0515594482421875
4.051184177398682
4.056988716125488
4.046881675720215
4.053586006164551
4.059894561767578
4.051109790802002
4.052919864654541
4.047449588775635
4.057111740112305
4.047826290130615
4.045383453369141
4.050528049468994
4.049266815185547
4.044867992401123
4.0497355461120605
4.048428535461426
4.046383857727051
4.04791784286499
4.044578552246094
4.039654731750488
4.035912036895752
4.036092758178711
4.043975830078125
4.037721633911133
4.039328575134277
4.035605430603027
4.044944763183594
4.0396409034729
4.0377702713012695
4.043689250946045
4.047497749328613
4.046015739440918
4.043670177459717
4.04589319229126
4.046263694763184
4.047346115112305
4.045934200286865
4.0466814041137695
4.0478386878967285
3.9100966453552246
3.914893388748169
3.908674955368042
3.9107015132904053
3.906851053237915
3.9086484909057617
3.906630516052246
3.903446912765503
3.9026293754577637
3.9026412963867188
3.908224582672119
3.913728952407837
3.9152183532714844
3.9204328060150146
3.916670560836792
3.912526845932007
3.914248466491699
3.904884099960327
3.912869930267334
3.9100306034088135
3.915348529815674
3.9222590923309326
3.905334711074829
3.909841537475586
3.9210033416748047
3.91774320602417
3.9171576499938965
3.917731761932373
3.9174180030822754
3.912862539291382
3.8849730491638184
3.882685661315918
3.8926119804382324
3.8828511238098145
3.884700059890747
3.876681327819824
3.8744285106658936
3.8815677165985107
3.8804757595062256
3.8827977180480957
3.895423412322998
3.8831706047058105
3.881983518600464
3.8831613063812256
3.8856210708618164
3.8814585208892822
3.8803834915161133
3.8867011070251465
3.8886938095092773
3.8833529949188232
3.876296281814575
3.8797125816345215
3.8858320713043213
3.8685195446014404
3.8692171573638916
3.876326084136963
3.8658740520477295
3.876556873321533
3.872652769088745
3.870459794998169
3.887669801712036
3.884922742843628
3.878117322921753
3.8832480907440186
3.879255771636963
3.8928065299987793
3.899683713912964
3.882354974746704
3.890312671661377
3.8885579109191895
3.882272720336914
3.8837320804595947
3.8873884677886963
3.89542293548584
3.8860926628112793
3.8846545219421387
3.884392738342285
3.888450860977173
3.887528896331787
3.874013900756836
3.8920602798461914
3.898117780685425
3.898592472076416
3.887019157409668
3.8984718322753906
3.8986527919769287
3.893014907836914
3.892678737640381
3.8965706825256348
3.896657705307007
3.1682116985321045
3.1671557426452637
3.1761066913604736
3.153430223464966
3.160207748413086
3.175363302230835
3.147583246231079
3.160419225692749
3.1596295833587646
3.171483039855957
3.1138885021209717
3.1066832542419434
3.094315528869629
3.1074721813201904
3.1117355823516846
3.1064529418945312
3.119985342025757
3.084412097930908
3.097682476043701
3.1105873584747314
3.112974166870117
3.113224983215332
3.1081626415252686
3.1195225715637207
3.1088881492614746
3.1079206466674805
3.1137900352478027
3.0966830253601074
3.1151742935180664
3.098163604736328
3.1143717765808105
3.10681414604187
3.0921871662139893
3.089021682739258
3.112489700317383
3.083310842514038
3.0934128761291504
3.0856854915618896
3.0966453552246094
3.0791733264923096
3.150160551071167
3.125854015350342
3.132298469543457
3.1276907920837402
3.126117467880249
3.106311559677124
3.140045642852783
3.1157095432281494
3.1202785968780518
3.1215531826019287
3.1170122623443604
3.119473695755005
3.1134228706359863
3.1025309562683105
3.121363639831543
3.115964412689209
3.115762233734131
3.1084513664245605
3.1237428188323975
3.1225006580352783
3.1930501461029053
3.212394952774048
3.2062857151031494
3.207737922668457
3.1896772384643555
3.1924023628234863
3.178975820541382
3.2012510299682617
3.2060508728027344
3.1968986988067627
3.3354744911193848
3.3502044677734375
3.342346668243408
3.3440847396850586
3.338257312774658
3.343423366546631
3.341010093688965
3.310664176940918
3.3193259239196777
3.3501570224761963
3.4671742916107178
3.467876672744751
3.473975419998169
3.4724555015563965
3.4533722400665283
3.480552911758423
3.4471330642700195
3.4486396312713623
3.463653802871704
3.4572505950927734
2.9595937728881836
2.966336250305176
2.9592692852020264
2.9607815742492676
2.9503891468048096
2.9265007972717285
2.9680428504943848
2.9504051208496094
2.94680118560791
2.944549322128296
2.9935178756713867
2.9892334938049316
2.9748425483703613
2.9868693351745605
2.9802985191345215
2.9658071994781494
2.9912543296813965
2.9761404991149902
2.989506244659424
2.9677648544311523
3.034517526626587
3.0283539295196533
3.041705369949341
3.0188398361206055
3.0235583782196045
3.0024237632751465
3.023085594177246
3.004021406173706
3.022953748703003
3.0116710662841797
3.000574827194214
2.9935061931610107
3.0091278553009033
2.9957306385040283
2.9998135566711426
2.9839391708374023
2.9950218200683594
2.989978551864624
3.004307270050049
2.9986300468444824
3.05651593208313
3.04628849029541
3.062227249145508
3.047363519668579
3.0544145107269287
3.0508275032043457
3.061746835708618
3.05608868598938
3.053286552429199
3.0581705570220947
3.1945176124572754
3.1982743740081787
3.183337450027466
3.1806349754333496
3.195882797241211
3.191638469696045
3.1910672187805176
3.1944189071655273
3.182577610015869
3.1794564723968506
3.4037506580352783
3.4024438858032227
3.3831112384796143
3.391749382019043
3.375340461730957
3.373037338256836
3.382354259490967
3.382002830505371
3.3621270656585693
3.370655059814453
3.4840939044952393
3.4624953269958496
3.4683313369750977
3.4481496810913086
3.4471418857574463
3.447843074798584
3.4506375789642334
3.463901996612549
3.4446732997894287
3.461491584777832
3.6293246746063232
3.6202924251556396
3.631577253341675
3.609165906906128
3.6164512634277344
3.628859519958496
3.6265244483947754
3.5978190898895264
3.6271419525146484
3.6141858100891113
2.8118529319763184
2.8004539012908936
2.8147146701812744
2.806729793548584
2.789257049560547
2.819441080093384
2.7853853702545166
2.8039016723632812
2.798571825027466
2.8198671340942383
2.8229730129241943
2.799891948699951
2.8053014278411865
2.8096275329589844
2.797872543334961
2.813537120819092
2.8140952587127686
2.8054802417755127
2.7970774173736572
2.790909767150879
2.87860369682312
2.878070116043091
2.8766965866088867
2.871739387512207
2.866084575653076
2.8673501014709473
2.8561134338378906
2.8585638999938965
2.86356782913208
2.8473339080810547
2.9629650115966797
2.9596996307373047
2.964076280593872
2.9646754264831543
2.9868004322052
2.977360248565674
2.960754156112671
2.9475178718566895
2.962110757827759
2.9623308181762695
3.1358134746551514
3.1118311882019043
3.1336610317230225
3.1123242378234863
3.1023199558258057
3.114182949066162
3.0991079807281494
3.0911319255828857
3.1115407943725586
3.092900037765503
3.2423744201660156
3.243723154067993
3.242979049682617
3.2618534564971924
3.2456202507019043
3.209665060043335
3.238250494003296
3.234511613845825
3.2331924438476562
3.2360777854919434
3.242994785308838
3.23738431930542
3.234041929244995
3.2375073432922363
3.244685649871826
3.2322988510131836
3.2314579486846924
3.2059133052825928
3.238950490951538
3.2196168899536133
3.4694182872772217
3.477220296859741
3.4666597843170166
3.450228214263916
3.4625144004821777
3.4704413414001465
3.4501793384552
3.441281795501709
3.466561794281006
3.4264607429504395
3.804309368133545
3.7808046340942383
3.765334129333496
3.7808096408843994
3.7657761573791504
3.757232666015625
3.7560746669769287
3.752983570098877
3.7559118270874023
3.7487001419067383
