4.07317590713501
4.071287631988525
4.0671491622924805
4.069507598876953
4.070555210113525
4.073265075683594
4.073253154754639
4.073629379272461
4.072534561157227
4.0651044845581055
4.076298713684082
4.07106351852417
4.074148178100586
4.077029228210449
4.074985027313232
4.076761245727539
4.079339981079102
4.076628684997559
4.074162483215332
4.076666355133057
4.070001602172852
4.067175388336182
4.06837797164917
4.075921058654785
4.074336051940918
4.068458080291748
4.069647312164307
4.068814754486084
4.069177150726318
4.067997932434082
4.042120933532715
4.047215461730957
4.043334484100342
4.039473056793213
4.043556213378906
4.046330451965332
4.042978286743164
4.0426530838012695
4.0470099449157715
4.049228191375732
4.047062397003174
4.0512847900390625
4.046909809112549
4.048208713531494
4.046594142913818
4.049952507019043
4.047418117523193
4.0472235679626465
4.0559515953063965
4.050451278686523
4.0515594482421875
4.051184177398682
4.056988716125488
4.046881675720215
4.053586006164551
4.059894561767578
4.051109790802002
4.052919864654541
4.047449588775635
4.057111740112305
4.047826290130615
4.045383453369141
4.050528049468994
4.049266815185547
4.044867992401123
4.0497355461120605
4.048428535461426
4.046383857727051
4.04791784286499
4.044578552246094
4.039654731750488
4.035912036895752
4.036092758178711
4.043975830078125
4.037721633911133
4.039328575134277
4.035605430603027
4.044944763183594
4.0396409034729
4.0377702713012695
4.043689250946045
4.047497749328613
4.046015739440918
4.043670177459717
4.04589319229126
4.046263694763184
4.047346115112305
4.045934200286865
4.0466814041137695
4.0478386878967285
3.9100966453552246
3.914893388748169
3.908674955368042
3.9107015132904053
3.906851053237915
3.9086484909057617
3.906630516052246
3.903446912765503
3.9026293754577637
3.9026412963867188
3.908224582672119
3.913728952407837
3.9152183532714844
3.9204328060150146
3.916670560836792
3.912526845932007
3.914248466491699
3.904884099960327
3.912869930267334
3.9100306034088135
3.915348529815674
3.9222590923309326
3.905334711074829
3.909841537475586
3.9210033416748047
3.91774320602417
3.9171576499938965
3.917731761932373
3.9174180030822754
3.912862539291382
3.8849730491638184
3.882685661315918
3.8926119804382324
3.8828511238098145
3.884700059890747
3.876681327819824
3.8744285106658936
3.8815677165985107
3.8804757595062256
3.8827977180480957
3.895423412322998
3.8831706047058105
3.881983518600464
3.8831613063812256
3.8856210708618164
3.8814585208892822
3.8803834915161133
3.8867011070251465
3.8886938095092773
3.8833529949188232
3.876296281814575
3.8797125816345215
3.8858320713043213
3.8685195446014404
3.8692171573638916
3.876326084136963
3.8658740520477295
3.876556873321533
3.872652769088745
3.870459794998169
3.887669801712036
3.884922742843628
3.878117322921753
3.8832480907440186
3.879255771636963
3.8928065299987793
3.899683713912964
3.882354974746704
3.890312671661377
3.8885579109191895
3.882272720336914
3.8837320804595947
3.8873884677886963
3.89542293548584
3.8860926628112793
3.8846545219421387
3.884392738342285
3.888450860977173
3.887528896331787
3.874013900756836
3.8920602798461914
3.898117780685425
3.898592472076416
3.887019157409668
3.8984718322753906
3.8986527919769287
3.893014907836914
3.892678737640381
3.8965706825256348
3.896657705307007
3.1682116985321045
3.1671557426452637
3.1761066913604736
3.153430223464966
3.160207748413086
3.175363302230835
3.147583246231079
3.160419225692749
3.1596295833587646
3.171483039855957
3.1138885021209717
3.1066832542419434
3.094315528869629
3.1074721813201904
3.1117355823516846
3.1064529418945312
3.119985342025757
3.084412097930908
3.097682476043701
3.1105873584747314
3.112974166870117
3.113224983215332
3.1081626415252686
3.1195225715637207
3.1088881492614746
3.1079206466674805
3.1137900352478027
3.0966830253601074
3.1151742935180664
3.098163604736328
3.1143717765808105
3.10681414604187
3.0921871662139893
3.089021682739258
3.112489700317383
3.083310842514038
3.0934128761291504
3.0856854915618896
3.0966453552246094
3.0791733264923096
3.150160551071167
3.125854015350342
3.132298469543457
3.1276907920837402
3.126117467880249
3.106311559677124
3.140045642852783
3.1157095432281494
3.1202785968780518
3.1215531826019287
3.1170122623443604
3.119473695755005
3.1134228706359863
3.1025309562683105
3.121363639831543
3.115964412689209
3.115762233734131
3.1084513664245605
3.1237428188323975
3.1225006580352783
3.1930501461029053
3.212394952774048
3.2062857151031494
3.207737922668457
3.1896772384643555
3.1924023628234863
3.178975820541382
3.2012510299682617
3.2060508728027344
3.1968986988067627
3.3354744911193848
3.3502044677734375
3.342346668243408
3.3440847396850586
3.338257312774658
3.343423366546631
3.341010093688965
3.310664176940918
3.3193259239196777
3.3501570224761963
3.4671742916107178
3.467876672744751
3.473975419998169
3.4724555015563965
3.4533722400665283
3.480552911758423
3.4471330642700195
3.4486396312713623
3.463653802871704
3.4572505950927734
2.9595937728881836
2.966336250305176
2.9592692852020264
2.9607815742492676
2.9503891468048096
2.9265007972717285
2.9680428504943848
2.9504051208496094
2.94680118560791
2.944549322128296
2.9935178756713867
2.9892334938049316
2.9748425483703613
2.9868693351745605
2.9802985191345215
2.9658071994781494
2.9912543296813965
2.9761404991149902
2.989506244659424
2.9677648544311523
3.034517526626587
3.0283539295196533
3.041705369949341
3.0188398361206055
3.0235583782196045
3.0024237632751465
3.023085594177246
3.004021406173706
3.022953748703003
3.0116710662841797
3.000574827194214
2.9935061931610107
3.0091278553009033
2.9957306385040283
2.9998135566711426
2.9839391708374023
2.9950218200683594
2.989978551864624
3.004307270050049
2.9986300468444824
3.05651593208313
3.04628849029541
3.062227249145508
3.047363519668579
3.0544145107269287
3.0508275032043457
3.061746835708618
3.05608868598938
3.053286552429199
3.0581705570220947
3.1945176124572754
3.1982743740081787
3.183337450027466
3.1806349754333496
3.195882797241211
3.191638469696045
3.1910672187805176
3.1944189071655273
3.182577610015869
3.1794564723968506
3.4037506580352783
3.4024438858032227
3.3831112384796143
3.391749382019043
3.375340461730957
3.373037338256836
3.382354259490967
3.382002830505371
3.3621270656585693
3.370655059814453
3.4840939044952393
3.4624953269958496
3.4683313369750977
3.4481496810913086
3.4471418857574463
3.447843074798584
3.4506375789642334
3.463901996612549
3.4446732997894287
3.461491584777832
3.6293246746063232
3.6202924251556396
3.631577253341675
3.609165906906128
3.6164512634277344
3.628859519958496
3.6265244483947754
3.5978190898895264
3.6271419525146484
3.6141858100891113
2.8118529319763184
2.8004539012908936
2.8147146701812744
2.806729793548584
2.789257049560547
2.819441080093384
2.7853853702545166
2.8039016723632812
2.798571825027466
2.8198671340942383
2.8229730129241943
2.799891948699951
2.8053014278411865
2.8096275329589844
2.797872543334961
2.813537120819092
2.8140952587127686
2.8054802417755127
2.7970774173736572
2.790909767150879
2.87860369682312
2.878070116043091
2.8766965866088867
2.871739387512207
2.866084575653076
2.8673501014709473
2.8561134338378906
2.8585638999938965
2.86356782913208
2.8473339080810547
2.9629650115966797
2.9596996307373047
2.964076280593872
2.9646754264831543
2.9868004322052
2.977360248565674
2.960754156112671
2.9475178718566895
2.962110757827759
2.9623308181762695
3.1358134746551514
3.1118311882019043
3.1336610317230225
3.1123242378234863
3.1023199558258057
3.114182949066162
3.0991079807281494
3.0911319255828857
3.1115407943725586
3.092900037765503
3.2423744201660156
3.243723154067993
3.242979049682617
3.2618534564971924
3.2456202507019043
3.209665060043335
3.238250494003296
3.234511613845825
3.2331924438476562
3.2360777854919434
3.242994785308838
3.23738431930542
3.234041929244995
3.2375073432922363
3.244685649871826
3.2322988510131836
3.2314579486846924
3.2059133052825928
3.238950490951538
3.2196168899536133
3.4694182872772217
3.477220296859741
3.4666597843170166
3.450228214263916
3.4625144004821777
3.4704413414001465
3.4501793384552
3.441281795501709
3.466561794281006
3.4264607429504395
3.804309368133545
3.7808046340942383
3.765334129333496
3.7808096408843994
3.7657761573791504
3.757232666015625
3.7560746669769287
3.752983570098877
3.7559118270874023
3.7487001419067383
2.5622828006744385
2.591477870941162
2.5885210037231445
2.59128737449646
2.577815055847168
2.5672402381896973
2.5740575790405273
2.5868799686431885
2.5732064247131348
2.5716516971588135
2.636716604232788
2.649294376373291
2.6361467838287354
2.6335673332214355
2.633349895477295
2.6367664337158203
2.6433658599853516
2.6470184326171875
2.6338858604431152
2.624068260192871
2.7081892490386963
2.6960058212280273
2.710197687149048
2.691006660461426
2.703568696975708
2.6897377967834473
2.6849334239959717
2.7045319080352783
2.6939942836761475
2.6932079792022705
2.853389263153076
2.8480007648468018
2.8264760971069336
2.831157684326172
2.8476574420928955
2.8385331630706787
2.835768938064575
2.8224880695343018
2.842684507369995
2.837170362472534
3.054263114929199
3.032184600830078
3.042151927947998
3.030071973800659
3.0273587703704834
3.048755168914795
3.0411596298217773
3.0289466381073
3.0360538959503174
3.041668653488159
3.2188961505889893
3.208961009979248
3.2256948947906494
3.2071938514709473
3.2204837799072266
3.244781255722046
3.237720251083374
3.2260820865631104
3.2092549800872803
3.218700408935547
3.441128969192505
3.423910617828369
3.4427945613861084
3.440277576446533
3.4163503646850586
3.4174399375915527
3.4227213859558105
3.445988416671753
3.4254605770111084
3.4196345806121826
3.545959711074829
3.552947759628296
3.555652379989624
3.5407466888427734
3.5351662635803223
3.5443310737609863
3.526441812515259
3.5344607830047607
3.52742075920105
3.519566535949707
3.5879592895507812
3.6163158416748047
3.6129865646362305
3.6373002529144287
3.6077094078063965
3.6053061485290527
3.6164448261260986
3.593803882598877
3.5801703929901123
3.5686371326446533
2.5639281272888184
2.5595502853393555
2.543386220932007
2.5675861835479736
2.5407874584198
2.5338456630706787
2.554105281829834
2.5528159141540527
2.5383269786834717
2.527412176132202
2.6268019676208496
2.6060776710510254
2.6280059814453125
2.613285541534424
2.6324570178985596
2.6107592582702637
2.628797769546509
2.619912624359131
2.6126291751861572
2.6163458824157715
2.709296226501465
2.70479679107666
2.6868808269500732
2.7017784118652344
2.6698756217956543
2.66680908203125
2.678983211517334
2.6672556400299072
2.687164783477783
2.6779069900512695
2.8027126789093018
2.8355369567871094
2.812027931213379
2.8169689178466797
2.791398525238037
2.8161628246307373
2.7997584342956543
2.801633358001709
2.785472869873047
2.799694299697876
2.9826111793518066
2.9733145236968994
2.978219509124756
2.9802379608154297
2.964603900909424
2.984060525894165
2.9538142681121826
2.9779019355773926
2.950411796569824
2.9479310512542725
3.098468780517578
3.10176944732666
3.1091420650482178
3.133899688720703
3.10583758354187
3.102715015411377
3.129138708114624
3.0918807983398438
3.0945653915405273
3.091197967529297
3.3833720684051514
3.395589828491211
3.3734312057495117
3.364976406097412
3.35817551612854
3.3405659198760986
3.3724324703216553
3.364832878112793
3.3336501121520996
3.3515708446502686
3.4315409660339355
3.426605701446533
3.415879249572754
3.440471649169922
3.402676582336426
3.4267964363098145
3.3924384117126465
3.437098264694214
3.4059360027313232
3.396566867828369
3.7470388412475586
3.750610589981079
3.717445135116577
3.7223994731903076
3.7141273021698
3.7374558448791504
3.733497381210327
3.6553268432617188
3.74890398979187
3.7125778198242188
2.728433847427368
2.6921236515045166
2.7179884910583496
2.730234384536743
2.712050199508667
2.715853214263916
2.6715259552001953
2.6414589881896973
2.665597438812256
2.675377368927002
2.8293561935424805
2.776733875274658
2.764312505722046
2.7727949619293213
2.7740304470062256
2.7622315883636475
2.7728307247161865
2.7469229698181152
2.754722833633423
2.7420878410339355
2.933375597000122
2.895480155944824
2.8486948013305664
2.923990249633789
2.8990306854248047
2.8864307403564453
2.853668212890625
2.899548053741455
2.849440097808838
2.8544585704803467
3.0798377990722656
3.0560050010681152
3.02665376663208
3.0665245056152344
3.0114212036132812
3.0472121238708496
3.0193369388580322
3.0021004676818848
2.985074281692505
3.0021839141845703
3.3604836463928223
3.3514411449432373
3.3466362953186035
3.3639943599700928
3.3357746601104736
3.323772430419922
3.3397724628448486
3.3190410137176514
3.321215867996216
3.305197238922119
3.3255443572998047
3.3713126182556152
3.3304309844970703
3.313889980316162
3.3306825160980225
3.3030996322631836
3.3346033096313477
3.300227403640747
3.309605836868286
3.304340362548828
3.6531615257263184
3.637333869934082
3.621490955352783
3.6353344917297363
3.6227505207061768
3.597449541091919
3.586235761642456
3.589592218399048
3.563122510910034
3.554614305496216
3.439471960067749
3.4449265003204346
3.404207944869995
3.3959665298461914
3.3987693786621094
3.3657665252685547
3.4092042446136475
3.377561330795288
3.368363857269287
3.373134136199951
3.459862470626831
3.413844347000122
3.374966621398926
3.4112253189086914
3.4372317790985107
3.3965327739715576
3.38726544380188
3.3691985607147217
3.371220588684082
3.334942579269409
2.4860849380493164
2.4794633388519287
2.4959235191345215
2.4823062419891357
2.487186908721924
2.455510377883911
2.4669528007507324
2.4413177967071533
2.4394428730010986
2.4527459144592285
2.543048858642578
2.5227880477905273
2.5383453369140625
2.5383265018463135
2.514394998550415
2.5016722679138184
2.5044496059417725
2.5403993129730225
2.508129596710205
2.5353410243988037
2.620835781097412
2.597529649734497
2.6260666847229004
2.5919814109802246
2.5940330028533936
2.6063132286071777
2.59065842628479
2.5798754692077637
2.5767369270324707
2.5865352153778076
2.8874223232269287
2.825197458267212
2.857865571975708
2.8659675121307373
2.8648669719696045
2.865093946456909
2.842569589614868
2.829557418823242
2.817690134048462
2.7981386184692383
2.981355667114258
3.016237258911133
3.0356709957122803
2.9880259037017822
2.9898016452789307
2.9682438373565674
2.9652700424194336
2.959949254989624
2.9448916912078857
2.941673517227173
3.2034361362457275
3.2075936794281006
3.1860809326171875
3.170504331588745
3.127368927001953
3.1666510105133057
3.166757345199585
3.1696856021881104
3.140582323074341
3.1250531673431396
3.252805709838867
3.2378804683685303
3.2207844257354736
3.215627431869507
3.2420153617858887
3.1814446449279785
3.1967642307281494
3.179924964904785
3.184065818786621
3.165346384048462
3.4719974994659424
3.3930675983428955
3.4144296646118164
3.400035858154297
3.4120359420776367
3.39227294921875
3.386253833770752
3.3953423500061035
3.3743650913238525
3.358560085296631
3.5181820392608643
3.533597469329834
3.5483345985412598
3.5049283504486084
3.522836208343506
3.5103256702423096
3.455946922302246
3.4896740913391113
3.5100622177124023
3.47832989692688
2.146111488342285
2.113288164138794
2.0982720851898193
2.1106081008911133
2.1486501693725586
2.0895442962646484
2.080183982849121
2.0644612312316895
2.0518789291381836
2.0672898292541504
2.204474449157715
2.207394599914551
2.175079345703125
2.204622507095337
2.157280445098877
2.138808488845825
2.1832313537597656
2.1380770206451416
2.161672592163086
2.1390349864959717
2.331724166870117
2.338226079940796
2.2830042839050293
2.2799556255340576
2.2639708518981934
2.2971785068511963
2.3071837425231934
2.310772657394409
2.2863337993621826
2.2430663108825684
2.650336265563965
2.62915301322937
2.6876988410949707
2.6326403617858887
2.65859055519104
2.6556146144866943
2.633772850036621
2.6002817153930664
2.600954055786133
2.5898873805999756
2.846816301345825
2.8214645385742188
2.8584389686584473
2.824143409729004
2.8533074855804443
2.830487012863159
2.837597131729126
2.794152021408081
2.7996444702148438
2.8156282901763916
3.2447266578674316
3.241021156311035
3.2201106548309326
3.244607448577881
3.239071846008301
3.200516700744629
3.198739767074585
3.192986488342285
3.1866331100463867
3.1519126892089844
3.2067573070526123
3.223602294921875
3.2440669536590576
3.210365056991577
3.2703042030334473
3.2144951820373535
3.22965407371521
3.2093963623046875
3.187748670578003
3.238105297088623
3.247724771499634
3.2496542930603027
3.264974594116211
3.249793291091919
3.291254758834839
3.230530261993408
3.2349095344543457
3.2300257682800293
3.2391164302825928
3.2481508255004883
3.37996506690979
3.404597520828247
3.412388324737549
3.3864996433258057
3.3768720626831055
3.381681203842163
3.3517489433288574
3.358375072479248
3.369541883468628
3.348538637161255
2.1966865062713623
2.141672134399414
2.0997190475463867
2.1008341312408447
2.0884087085723877
2.0427727699279785
2.033597707748413
2.0435402393341064
2.0718021392822266
1.9988338947296143
2.163362741470337
2.162059783935547
2.1288583278656006
2.1491425037384033
2.11297345161438
2.130405902862549
2.1182851791381836
2.0894570350646973
2.094290018081665
2.086104393005371
2.34774112701416
2.3079779148101807
2.3113019466400146
2.2889671325683594
2.2771589756011963
2.2711048126220703
2.301506996154785
2.2926247119903564
2.2798008918762207
2.2226643562316895
2.7019238471984863
2.6433026790618896
2.6144042015075684
2.616025447845459
2.6619625091552734
2.6151387691497803
2.603797674179077
2.590833902359009
2.581902027130127
2.60506010055542
3.0555930137634277
3.0556588172912598
3.0204381942749023
3.014580726623535
3.0124199390411377
2.9862189292907715
2.9996540546417236
3.011772871017456
3.044857978820801
2.9923431873321533
2.991730213165283
2.985516309738159
2.95509672164917
2.9181549549102783
2.958888292312622
2.899359941482544
2.8884661197662354
2.9083218574523926
2.878127098083496
2.907902717590332
3.308689832687378
3.3309292793273926
3.3550565242767334
3.320706605911255
3.2955691814422607
3.272369861602783
3.2850325107574463
3.258202075958252
3.24543833732605
3.249178409576416
3.6887991428375244
3.7525882720947266
3.7060155868530273
3.6895148754119873
3.6736321449279785
3.600700855255127
3.5594465732574463
3.638529062271118
3.609210252761841
3.630692481994629
3.6770567893981934
3.6561264991760254
3.6119115352630615
3.6451666355133057
3.5817039012908936
3.5638837814331055
3.5753471851348877
3.5464556217193604
3.566943883895874
3.5872740745544434
1.9779181480407715
1.9659786224365234
1.9594507217407227
1.897722601890564
1.8699477910995483
1.8965814113616943
1.884447455406189
1.876965880393982
1.8945739269256592
1.9123753309249878
1.9232934713363647
1.9079887866973877
1.9187016487121582
1.8963779211044312
1.9206269979476929
1.8829138278961182
1.8921267986297607
1.8814340829849243
1.8831278085708618
1.848449468612671
2.1486942768096924
2.145458698272705
2.121117115020752
2.1241321563720703
2.108781576156616
2.077244281768799
2.0877716541290283
2.066166877746582
2.0591137409210205
2.0522053241729736
2.442850112915039
2.431302070617676
2.4276955127716064
2.449047803878784
2.4188551902770996
2.4072580337524414
2.3783366680145264
2.377840042114258
2.387089252471924
2.369746685028076
2.990757465362549
2.9911508560180664
2.993502140045166
2.9932591915130615
2.967034101486206
2.9277408123016357
2.9289779663085938
2.9253745079040527
2.8852193355560303
2.8470606803894043
3.446612596511841
3.379025459289551
3.379019021987915
3.363750696182251
3.3130319118499756
3.3591556549072266
3.29183292388916
3.281956434249878
3.301460027694702
3.318533420562744
3.3504083156585693
3.287574052810669
3.257723093032837
3.2787587642669678
3.1987643241882324
3.25567364692688
3.281068801879883
3.2161951065063477
3.1925039291381836
3.2151477336883545
3.5638985633850098
3.528661012649536
3.5401246547698975
3.54518461227417
3.5038225650787354
3.5415163040161133
3.444293260574341
3.4626667499542236
3.4751827716827393
3.441835641860962
3.620817184448242
3.5533955097198486
3.585228681564331
3.6065878868103027
3.56705641746521
3.5663278102874756
3.5383481979370117
3.5176215171813965
3.541041135787964
3.463322162628174
