3.9600772857666016
3.9182119369506836
3.9516942501068115
3.93634033203125
3.9549872875213623
3.935767412185669
3.9537246227264404
3.9300849437713623
3.9590792655944824
3.9365389347076416
3.938044548034668
3.9439008235931396
3.9502692222595215
3.943472385406494
3.8914713859558105
3.924969434738159
3.9452881813049316
3.9353318214416504
3.8997206687927246
3.892517328262329
3.894603729248047
3.8805041313171387
3.882352352142334
3.862992286682129
3.864612340927124
3.8836750984191895
3.9096784591674805
3.848438262939453
3.8632330894470215
3.9002976417541504
3.825035333633423
3.7861878871917725
3.8095102310180664
3.787169933319092
3.833946943283081
3.7535617351531982
3.7837612628936768
3.7742342948913574
3.7730062007904053
3.781755208969116
3.8244059085845947
3.8194785118103027
3.8124656677246094
3.782407283782959
3.777325391769409
3.7991340160369873
3.787092924118042
3.766129970550537
3.786669969558716
3.803612470626831
3.841308355331421
3.8407540321350098
3.8527746200561523
3.7937865257263184
3.8366341590881348
3.834993839263916
3.8376591205596924
3.7979094982147217
3.835339307785034
3.809433698654175
3.827824354171753
3.854595184326172
3.8265480995178223
3.8309378623962402
3.8304808139801025
3.827322006225586
3.846947431564331
3.8159592151641846
3.785248041152954
3.824167490005493
3.881284713745117
3.883312702178955
3.8968183994293213
3.904376268386841
3.9046401977539062
3.871520519256592
3.866004228591919
3.9158051013946533
3.8903465270996094
3.858630895614624
4.0002546310424805
4.0373148918151855
4.024791717529297
4.0447516441345215
4.053180694580078
4.027278423309326
4.011812210083008
4.027256488800049
4.03267240524292
4.01007604598999
3.2027547359466553
3.243706464767456
3.214968681335449
3.1738317012786865
3.1323225498199463
3.1654586791992188
3.164377212524414
3.1328015327453613
3.1554412841796875
3.112154245376587
3.1882331371307373
3.172247886657715
3.1690640449523926
3.184568166732788
3.1215221881866455
3.126709222793579
3.1904072761535645
3.0833001136779785
3.0805063247680664
3.1395652294158936
3.1420204639434814
3.162747383117676
3.204116106033325
3.2001476287841797
3.1892189979553223
3.1520462036132812
3.0727899074554443
3.1089060306549072
3.0746965408325195
3.1268341541290283
3.0857033729553223
3.089094400405884
3.07668137550354
3.0502946376800537
3.0457730293273926
2.966413974761963
3.016873598098755
3.0488741397857666
2.9653420448303223
2.982386827468872
3.2335829734802246
3.1599953174591064
3.1818175315856934
3.1629247665405273
3.112400770187378
3.087771415710449
3.135267972946167
3.146790027618408
3.1449785232543945
3.091658353805542
3.3143279552459717
3.355131149291992
3.2643373012542725
3.250098943710327
3.283996343612671
3.253114700317383
3.1957058906555176
3.282593250274658
3.170485496520996
3.159917116165161
3.646824836730957
3.6083016395568848
3.5805654525756836
3.5676064491271973
3.593254327774048
3.55739164352417
3.5226612091064453
3.452618360519409
3.5957088470458984
3.5366783142089844
3.857473611831665
3.7772226333618164
3.7880008220672607
3.6656618118286133
3.748882293701172
3.6562082767486572
3.5575454235076904
3.5955991744995117
3.605325937271118
3.493262767791748
3.5462656021118164
3.4575388431549072
3.4685537815093994
3.437469482421875
3.433443307876587
3.515627384185791
3.4128410816192627
3.3639612197875977
3.4017322063446045
3.3552873134613037
2.8033719062805176
2.812558650970459
2.729104995727539
2.7088325023651123
2.7151122093200684
2.6375515460968018
2.7156314849853516
2.6044082641601562
2.67952299118042
2.7046327590942383
2.5610437393188477
2.519099235534668
2.508236885070801
2.517923593521118
2.5163381099700928
2.430643081665039
2.501932382583618
2.45090913772583
2.418748378753662
2.390305757522583
2.5298540592193604
2.5807909965515137
2.4599719047546387
2.507594108581543
2.4175362586975098
2.408179998397827
2.396693468093872
2.4464869499206543
2.451572895050049
2.3757781982421875
2.5871150493621826
2.5596394538879395
2.4805943965911865
2.475461959838867
2.4450976848602295
2.5110743045806885
2.4512887001037598
2.4360780715942383
2.406498670578003
2.329953193664551
2.8530497550964355
2.8204801082611084
2.817625045776367
2.7474803924560547
2.722994804382324
2.7086844444274902
2.6897878646850586
2.7238025665283203
2.7150657176971436
2.6188910007476807
2.854264736175537
2.8315868377685547
2.8152458667755127
2.7006309032440186
2.6635494232177734
2.688620090484619
2.6262741088867188
2.632772207260132
2.684231758117676
2.646937131881714
3.0018351078033447
2.9068989753723145
2.964232921600342
2.8154373168945312
2.8195323944091797
2.846879720687866
2.8224616050720215
2.8502743244171143
2.771061658859253
2.8126540184020996
3.057666540145874
3.1095383167266846
3.062946319580078
3.0488619804382324
3.058878183364868
2.997609853744507
2.891852617263794
2.9881818294525146
2.919914960861206
2.873678684234619
3.26954984664917
3.166903018951416
3.2223703861236572
3.158778190612793
3.150683879852295
3.2046098709106445
3.1934640407562256
3.06368350982666
3.036576509475708
3.070399761199951
3.002561092376709
2.8916609287261963
2.9176852703094482
2.906214952468872
2.8631486892700195
2.815676689147949
2.8686492443084717
2.829251527786255
2.774850606918335
2.779831647872925
2.872380018234253
2.8756051063537598
2.787553548812866
2.758054494857788
2.813551902770996
2.770845413208008
2.752830743789673
2.7355356216430664
2.709479808807373
2.6199095249176025
3.0025992393493652
2.915576696395874
2.9032742977142334
2.9066574573516846
2.871971368789673
2.8407514095306396
2.8617100715637207
2.779317855834961
2.731593370437622
2.744974374771118
3.1058218479156494
3.027855396270752
2.9758944511413574
2.974257469177246
2.869574546813965
2.87507963180542
2.8209238052368164
2.8364241123199463
2.8116085529327393
2.734562635421753
3.051647663116455
3.079740524291992
3.0164361000061035
3.029064655303955
2.9782657623291016
2.9142351150512695
2.8668594360351562
2.866130828857422
2.857553482055664
2.8619563579559326
3.272759437561035
3.2218639850616455
3.1122019290924072
3.1340742111206055
3.104792594909668
3.0174858570098877
3.0417163372039795
2.95674467086792
2.942103385925293
2.932533025741577
3.3783318996429443
3.4249327182769775
3.3589425086975098
3.329571485519409
3.276475191116333
3.2146899700164795
3.154385566711426
3.243431568145752
3.161834239959717
3.1407108306884766
2.9601078033447266
2.9038336277008057
2.91835355758667
2.990626096725464
2.8433308601379395
2.7189295291900635
2.856022834777832
2.8390161991119385
2.776479721069336
2.689610481262207
3.1190147399902344
3.106062889099121
3.100581407546997
2.982935905456543
3.0108823776245117
2.966973304748535
2.9119646549224854
2.95208477973938
2.925476312637329
2.9191226959228516
1.871200680732727
1.9032535552978516
1.8387525081634521
1.8257298469543457
1.8130054473876953
1.7827473878860474
1.7427388429641724
1.7338045835494995
1.7049671411514282
1.6807053089141846
1.9000303745269775
1.9198368787765503
1.8896465301513672
1.853164553642273
1.8393343687057495
1.826986312866211
1.8008155822753906
1.7706035375595093
1.7140699625015259
1.7442429065704346
2.155869960784912
2.155144691467285
2.0991976261138916
2.096780776977539
2.05698823928833
2.0670931339263916
2.0680580139160156
2.0092220306396484
2.0530169010162354
1.9858226776123047
2.6363906860351562
2.574796199798584
2.6054039001464844
2.614161252975464
2.53324818611145
2.556398630142212
2.456486940383911
2.4658522605895996
2.451629161834717
2.471874952316284
3.124986171722412
3.089336395263672
3.175384998321533
3.096656084060669
3.001403331756592
3.043747901916504
3.0045878887176514
3.0140750408172607
2.954026222229004
2.9091081619262695
2.9229462146759033
2.965322494506836
2.904578685760498
2.8419442176818848
2.8781986236572266
2.9530136585235596
2.8583004474639893
2.8366384506225586
2.8338816165924072
2.825537919998169
2.8061373233795166
2.775768756866455
2.703125476837158
2.693413496017456
2.6910250186920166
2.670212507247925
2.71999454498291
2.636199712753296
2.5618507862091064
2.5575027465820312
3.1597039699554443
3.09047794342041
3.0342578887939453
3.1063199043273926
2.9987664222717285
3.0708250999450684
3.0129263401031494
2.999685764312744
2.9755568504333496
2.942445993423462
3.579681158065796
3.5585410594940186
3.4727892875671387
3.5316834449768066
3.54817271232605
3.456355571746826
3.462057590484619
3.412590503692627
3.343881845474243
3.359668731689453
2.9997761249542236
2.968820333480835
2.9307053089141846
2.887880563735962
2.877322196960449
2.846120834350586
2.8020730018615723
2.7559425830841064
2.73728609085083
2.756640911102295
2.8344974517822266
2.8195834159851074
2.7516114711761475
2.7175583839416504
2.6643714904785156
2.6586570739746094
2.6363720893859863
2.5795392990112305
2.5792133808135986
2.571274518966675
2.7690272331237793
2.7562947273254395
2.6494908332824707
2.685509204864502
2.5713388919830322
2.5708985328674316
2.548466444015503
2.566917657852173
2.480001926422119
2.503176689147949
2.9436323642730713
2.9453506469726562
2.8665361404418945
2.880510091781616
2.793628454208374
2.7779340744018555
2.6918959617614746
2.7001373767852783
2.700990676879883
2.7038118839263916
3.427306652069092
3.3036582469940186
3.3273658752441406
3.3262851238250732
3.2620716094970703
3.1743316650390625
3.1387388706207275
3.1480495929718018
3.0704102516174316
3.060375690460205
3.0219314098358154
2.9879844188690186
2.9341447353363037
2.9565155506134033
2.862476110458374
2.853487968444824
2.767441987991333
2.8096821308135986
2.831875801086426
2.7661938667297363
3.268582582473755
3.12943959236145
3.121438503265381
3.0827832221984863
3.0729291439056396
3.0224809646606445
2.9379985332489014
2.919145107269287
2.952991485595703
2.9238548278808594
3.059992551803589
3.0016283988952637
3.0743913650512695
3.019808053970337
2.9584407806396484
2.9201748371124268
2.9528470039367676
2.932400941848755
2.886841297149658
2.8466806411743164
3.1599113941192627
3.091362237930298
3.047450542449951
3.0728559494018555
3.0698275566101074
2.9834535121917725
2.9826998710632324
2.9525160789489746
2.9502322673797607
2.9248294830322266
3.641324758529663
3.698293685913086
3.617161273956299
3.627326011657715
3.605116844177246
3.582590341567993
3.5115811824798584
3.500746011734009
3.487061023712158
3.431729793548584
3.558779716491699
3.515653371810913
3.5021612644195557
3.469409942626953
3.4154391288757324
3.4161672592163086
3.384042263031006
3.3637194633483887
3.3526151180267334
3.3032915592193604
3.4015307426452637
3.3377797603607178
3.314164876937866
3.278597831726074
3.3026585578918457
3.227252244949341
3.254077672958374
3.204174518585205
3.1832172870635986
3.109534978866577
3.321089029312134
3.2865257263183594
3.2769267559051514
3.260967969894409
3.2260375022888184
3.152540445327759
3.1406452655792236
3.13588547706604
3.077651262283325
3.0972530841827393
3.3937456607818604
3.3942222595214844
3.3196120262145996
3.324047565460205
3.330648899078369
3.288949966430664
3.203089475631714
3.2242541313171387
3.2164196968078613
3.1397039890289307
3.422673463821411
3.362940788269043
3.4111413955688477
3.336918830871582
3.253207206726074
3.2698135375976562
3.192241668701172
3.151089668273926
3.1757264137268066
3.17402720451355
3.586824417114258
3.5072548389434814
3.504798173904419
3.4570810794830322
3.3578083515167236
3.401569128036499
3.3323521614074707
3.28047776222229
3.3148226737976074
3.247509479522705
3.455296516418457
3.482107639312744
3.4248263835906982
3.3602263927459717
3.3246355056762695
3.3073456287384033
3.247506618499756
3.212219476699829
3.1707677841186523
3.167806386947632
3.707895040512085
3.7434234619140625
3.6772470474243164
3.6522786617279053
3.636854887008667
3.56988525390625
3.564216375350952
3.526703357696533
3.494765043258667
3.4662063121795654
3.138240098953247
3.0730252265930176
3.028693914413452
3.0339910984039307
3.022657871246338
2.9651894569396973
2.91226863861084
2.8683815002441406
2.8321704864501953
2.825507164001465
2.940345048904419
2.9514219760894775
2.9087042808532715
2.883117198944092
2.8481967449188232
2.82009220123291
2.771613359451294
2.777146577835083
2.7587594985961914
2.706573963165283
2.931525945663452
2.8984718322753906
2.885122299194336
2.9034605026245117
2.8773114681243896
2.82844614982605
2.829519510269165
2.7843449115753174
2.7797858715057373
2.7439703941345215
3.038039207458496
3.0183265209198
2.9629738330841064
2.9529154300689697
2.922483205795288
2.909932851791382
2.8404598236083984
2.846254348754883
2.819969415664673
2.793346405029297
3.381648063659668
3.3019797801971436
3.249666452407837
3.284693479537964
3.2396323680877686
3.1611294746398926
3.1863341331481934
3.1114585399627686
3.0560457706451416
3.1025314331054688
3.2709872722625732
3.223688840866089
3.136580467224121
3.1155498027801514
3.1151492595672607
3.0560302734375
3.051243782043457
2.9778826236724854
2.974184513092041
2.9123616218566895
3.4771127700805664
3.419297218322754
3.389561414718628
3.4024481773376465
3.364677906036377
3.3219799995422363
3.2820234298706055
3.1799349784851074
3.162302017211914
3.1449778079986572
3.1378376483917236
3.175142765045166
3.1689069271087646
3.065751552581787
3.102055311203003
3.0007877349853516
3.008776903152466
2.990286350250244
2.894888162612915
2.862196683883667
3.03963303565979
2.9638049602508545
2.9296393394470215
2.9809303283691406
2.854090452194214
2.879582643508911
2.8414559364318848
2.803020715713501
2.738081216812134
2.713728427886963
3.470409870147705
3.3665876388549805
3.3463211059570312
3.259772539138794
3.2808423042297363
3.1763341426849365
3.106746196746826
3.087531089782715
2.9893546104431152
2.948922634124756
3.008448839187622
2.9858062267303467
2.9370462894439697
2.8602709770202637
2.795884370803833
2.7782933712005615
2.7775168418884277
2.697188138961792
2.6849193572998047
2.6604435443878174
2.6879756450653076
2.691744327545166
2.646101236343384
2.624866247177124
2.633465528488159
2.604827404022217
2.5304081439971924
2.493471622467041
2.479065179824829
2.528562545776367
2.7434890270233154
2.6893393993377686
2.6488256454467773
2.6627330780029297
2.595698356628418
2.599329948425293
2.5689942836761475
2.5183658599853516
2.4698450565338135
2.5035507678985596
2.797881603240967
2.7493605613708496
2.6901895999908447
2.6735267639160156
2.6771464347839355
2.5997486114501953
2.6018500328063965
2.5607311725616455
2.5735626220703125
2.5871639251708984
3.066322088241577
3.0112829208374023
2.9340617656707764
2.940742015838623
2.9191501140594482
2.875417470932007
2.8690524101257324
2.819467544555664
2.7603681087493896
2.7625763416290283
3.136260747909546
3.071218252182007
3.0434212684631348
3.038489818572998
3.0695505142211914
2.9682130813598633
2.925440549850464
2.9242184162139893
2.8212664127349854
2.849027156829834
3.3671748638153076
3.331096649169922
3.2338383197784424
3.2236781120300293
3.142340660095215
3.18839168548584
3.1190171241760254
3.081242322921753
3.042327642440796
3.010709524154663
3.185363531112671
3.1314706802368164
3.1778252124786377
3.1215226650238037
3.097562551498413
3.074685573577881
3.0291202068328857
3.0233547687530518
2.934093475341797
2.9346225261688232
3.3675570487976074
3.338061809539795
3.3238542079925537
3.250734329223633
3.2255876064300537
3.1660211086273193
3.1737277507781982
3.105225086212158
3.088451862335205
3.065634250640869
3.1202173233032227
3.0546464920043945
3.054605484008789
3.0009326934814453
2.98087215423584
2.9665334224700928
2.9275057315826416
2.908226728439331
2.875901699066162
2.8595187664031982
2.959407329559326
2.9392807483673096
2.919811725616455
2.8961310386657715
2.8632190227508545
2.8676607608795166
2.8256711959838867
2.7548131942749023
2.7869443893432617
2.7720117568969727
3.048884153366089
3.038433313369751
2.9951653480529785
3.048017978668213
2.9800641536712646
2.9665114879608154
2.949263095855713
2.8868541717529297
2.911083936691284
2.9133286476135254
3.1544787883758545
3.0840723514556885
3.103182077407837
3.0609493255615234
3.0104596614837646
3.003436326980591
2.970982551574707
2.9461796283721924
2.8912034034729004
2.8994979858398438
3.451648712158203
3.433699369430542
3.3618292808532715
3.3581151962280273
3.301036834716797
3.267592668533325
3.2840380668640137
3.1878719329833984
3.19683837890625
3.152285575866699
3.5779552459716797
3.51021409034729
3.4900894165039062
3.4586563110351562
3.4134016036987305
3.391923427581787
3.388193130493164
3.3465049266815186
3.3184256553649902
3.2288625240325928
3.3886961936950684
3.392659902572632
3.3439650535583496
3.267970323562622
3.2428717613220215
3.2417869567871094
3.227686882019043
3.1219310760498047
3.108200788497925
3.1221275329589844
3.465615749359131
3.4488463401794434
3.424959897994995
3.393630027770996
3.3716909885406494
3.3092100620269775
3.2944982051849365
3.2435336112976074
3.204235076904297
3.173755645751953
3.8445305824279785
3.8651986122131348
3.8258166313171387
3.824629306793213
3.7771098613739014
3.7250983715057373
3.7178115844726562
3.6645357608795166
3.6071033477783203
3.642380475997925
3.639040470123291
3.5900301933288574
3.5802712440490723
3.5576322078704834
3.4985671043395996
3.49924373626709
3.4677956104278564
3.478395462036133
3.4110968112945557
3.3996224403381348
3.567401885986328
3.506162166595459
3.557241201400757
3.4956729412078857
3.436441659927368
3.4364705085754395
3.3854212760925293
3.4010205268859863
3.3599648475646973
3.355196952819824
3.6455540657043457
3.6256091594696045
3.6481945514678955
3.5835163593292236
3.4869065284729004
3.4838647842407227
3.5038533210754395
3.4338905811309814
3.4256503582000732
3.3872079849243164
3.9179677963256836
3.8048431873321533
3.7993431091308594
3.750068426132202
3.6954121589660645
3.6727917194366455
3.6414401531219482
3.600431203842163
3.5989627838134766
3.528613567352295
3.6357064247131348
3.6665961742401123
3.6324031352996826
3.630251884460449
3.5158560276031494
3.5664429664611816
3.522003650665283
3.4696781635284424
3.4417977333068848
3.410914421081543
3.7168197631835938
3.681709051132202
3.6913604736328125
3.6333227157592773
3.607835531234741
3.6145715713500977
3.5263383388519287
3.4682018756866455
3.5044870376586914
3.468677520751953
4.011155128479004
3.9813897609710693
3.9229636192321777
3.926135778427124
3.8661410808563232
3.847332000732422
3.7614805698394775
3.733085870742798
3.742185115814209
3.679044246673584
3.945923328399658
3.9051992893218994
3.884423017501831
3.792813301086426
3.767744302749634
3.7287251949310303
3.6726181507110596
3.670220375061035
3.668647289276123
3.6015186309814453
3.7764194011688232
3.7240147590637207
3.7043685913085938
3.643083095550537
3.624006748199463
3.5575063228607178
3.5275497436523438
3.502206563949585
3.494145154953003
3.4225172996520996
3.403395652770996
3.378889799118042
3.307741165161133
3.3268792629241943
3.3033180236816406
3.2595951557159424
3.276369094848633
3.2469935417175293
3.1868770122528076
3.1878395080566406
3.3666677474975586
3.311929225921631
3.3046610355377197
3.2739927768707275
3.215150833129883
3.196878433227539
3.167348623275757
3.0900588035583496
3.162240505218506
3.1194801330566406
3.3795948028564453
3.3396682739257812
3.355153799057007
3.3233935832977295
3.291109561920166
3.2855916023254395
3.254859447479248
3.258423089981079
3.218137741088867
3.1683647632598877
3.755673408508301
3.752487897872925
3.705869674682617
3.6392641067504883
3.6161370277404785
3.5805013179779053
3.590593099594116
3.5527729988098145
3.5110175609588623
3.4925174713134766
4.1726460456848145
4.083329677581787
4.064669132232666
4.016994476318359
4.0193657875061035
3.9269418716430664
3.9670209884643555
3.8759725093841553
3.8448758125305176
3.840744733810425
3.671704053878784
3.611802816390991
3.626722812652588
3.585468053817749
3.5388948917388916
3.5591068267822266
3.506697177886963
3.5382962226867676
3.441340923309326
3.4355106353759766
4.033645153045654
3.9844589233398438
4.014514923095703
3.9081180095672607
3.9297637939453125
3.8882851600646973
3.85756778717041
3.82060170173645
3.781073570251465
3.7855935096740723
3.952664852142334
3.9497265815734863
3.929429531097412
3.8228278160095215
3.8516924381256104
3.802643060684204
3.792957305908203
3.7608253955841064
3.6999213695526123
3.637089490890503
4.498169422149658
4.450620651245117
4.396755695343018
4.339491844177246
4.309497833251953
4.268837928771973
4.233524322509766
4.133059978485107
4.134153842926025
4.064150810241699
4.125141143798828
4.115659713745117
4.043493747711182
3.9993326663970947
3.988844394683838
3.9388608932495117
3.8759336471557617
3.8757100105285645
3.832868814468384
3.769120931625366
3.8180439472198486
3.747178077697754
3.718581199645996
3.6976356506347656
3.630577325820923
3.63309907913208
3.5768728256225586
3.5726256370544434
3.5282557010650635
3.464137315750122
3.5895943641662598
3.573032855987549
3.500939130783081
3.536156177520752
3.4972684383392334
3.419013023376465
3.4367916584014893
3.3813557624816895
3.3201658725738525
3.2775022983551025
3.794692039489746
3.724083662033081
3.6885015964508057
3.676440715789795
3.6178841590881348
3.5566141605377197
3.4865918159484863
3.4588418006896973
3.415677070617676
3.4011125564575195
3.662717342376709
3.6365089416503906
3.55233097076416
3.4822139739990234
3.470871925354004
3.4522290229797363
3.3933424949645996
3.3516933917999268
3.33852481842041
3.3454105854034424
3.504390239715576
3.4890964031219482
3.4053211212158203
3.342101573944092
3.3431284427642822
3.3366782665252686
3.2906181812286377
3.260385036468506
3.225313186645508
3.204648494720459
3.7378134727478027
3.6805946826934814
3.6710126399993896
3.6161041259765625
3.552669048309326
3.5348734855651855
3.500894546508789
3.4630961418151855
3.4826576709747314
3.4066150188446045
3.774817943572998
3.7666242122650146
3.6899497509002686
3.697113275527954
3.693223476409912
3.625317335128784
3.603423833847046
3.6028568744659424
3.614650249481201
3.5138285160064697
2.9715771675109863
2.936819314956665
2.895864248275757
2.8260860443115234
2.8626608848571777
2.7995731830596924
2.7549052238464355
2.720194101333618
2.708585500717163
2.6619279384613037
2.7205023765563965
2.683215856552124
2.676478624343872
2.6371588706970215
2.604984998703003
2.5707345008850098
2.542426109313965
2.4981777667999268
2.5695314407348633
2.506972074508667
2.786677122116089
2.748168706893921
2.6726834774017334
2.6929407119750977
2.6885502338409424
2.627448797225952
2.6911277770996094
2.516234874725342
2.573328733444214
2.4814558029174805
2.7901620864868164
2.7801783084869385
2.760540008544922
2.7140023708343506
2.756056547164917
2.745511770248413
2.6654036045074463
2.639707326889038
2.5859055519104004
2.621029853820801
3.2525644302368164
3.2096588611602783
3.1573641300201416
3.1279659271240234
3.131579875946045
3.0385468006134033
3.028860569000244
2.999243974685669
3.0028257369995117
3.003338575363159
3.1789958477020264
3.207753896713257
3.153778314590454
3.1034343242645264
3.0618643760681152
3.078407049179077
3.041539430618286
2.9741339683532715
2.966635227203369
2.966806411743164
3.445497751235962
3.463656425476074
3.3487586975097656
3.34187650680542
3.300565242767334
3.3040292263031006
3.2505576610565186
3.1536152362823486
3.1272432804107666
3.161179304122925
3.4076249599456787
3.4335970878601074
3.30560564994812
3.3120429515838623
3.2754058837890625
3.208463668823242
3.1589043140411377
3.1470770835876465
3.141951322555542
3.0659964084625244
3.3674941062927246
3.369141101837158
3.3271946907043457
3.361504077911377
3.208591938018799
3.253823757171631
3.18208646774292
3.186506748199463
3.1126253604888916
3.101787567138672
3.221207857131958
3.207336187362671
3.1750588417053223
3.120091438293457
3.0886218547821045
3.0384576320648193
2.99013614654541
2.969998598098755
2.9521172046661377
2.9069466590881348
2.951155185699463
2.9412903785705566
2.8958678245544434
2.904323101043701
2.8240959644317627
2.8352458477020264
2.802802324295044
2.7343592643737793
2.748347759246826
2.700015068054199
2.8319091796875
2.795614004135132
2.77032732963562
2.7478575706481934
2.6968026161193848
2.6746301651000977
2.6776328086853027
2.6541290283203125
2.5977981090545654
2.5959832668304443
2.8943161964416504
2.8263556957244873
2.8571395874023438
2.7826836109161377
2.739544630050659
2.7292370796203613
2.7543911933898926
2.681072950363159
2.6639437675476074
2.6544716358184814
3.037782907485962
3.052152633666992
2.972851037979126
2.984797477722168
2.9159696102142334
2.919827461242676
2.8712778091430664
2.816546678543091
2.8170998096466064
2.7944893836975098
3.2720718383789062
3.2685482501983643
3.2260632514953613
3.156245470046997
3.155560255050659
3.1344823837280273
3.097123146057129
3.0644140243530273
3.0204200744628906
2.993183135986328
3.177187442779541
3.1025943756103516
3.0607545375823975
3.0632431507110596
3.0221307277679443
3.0069539546966553
2.979592800140381
2.9528863430023193
2.9513533115386963
2.8801679611206055
3.103419780731201
3.0186846256256104
2.9576375484466553
2.94317889213562
2.9229736328125
2.879643440246582
2.887695550918579
2.8223822116851807
2.831869602203369
2.7659974098205566
3.20584774017334
3.2450475692749023
3.180227756500244
3.134812831878662
3.1194753646850586
3.088911294937134
3.0040156841278076
3.0136942863464355
3.0316786766052246
2.97574520111084
2.5882039070129395
2.579169750213623
2.5255279541015625
2.487761974334717
2.501559257507324
2.4634110927581787
2.4278881549835205
2.4129855632781982
2.41322922706604
2.3596489429473877
2.4577085971832275
2.4197492599487305
2.4266974925994873
2.3539700508117676
2.3717944622039795
2.3423922061920166
2.3304450511932373
2.316911458969116
2.299882650375366
2.2646491527557373
2.5307672023773193
2.506422281265259
2.4996120929718018
2.487560749053955
2.4332408905029297
2.4357519149780273
2.4168593883514404
2.3802103996276855
2.416640520095825
2.348712682723999
2.6732709407806396
2.6629745960235596
2.6254382133483887
2.6029815673828125
2.573389768600464
2.5557971000671387
2.563406229019165
2.521754741668701
2.502561569213867
2.487501382827759
2.9084722995758057
2.932460308074951
2.901054620742798
2.881789207458496
2.8221828937530518
2.8038835525512695
2.7781765460968018
2.7947168350219727
2.74806809425354
2.7390098571777344
3.2576346397399902
3.2308452129364014
3.1911728382110596
3.1568682193756104
3.127699851989746
3.1096229553222656
3.068880319595337
3.060765266418457
3.021965503692627
3.0002400875091553
3.1864688396453857
3.207834243774414
3.1665265560150146
3.1448965072631836
3.159510612487793
3.1071200370788574
3.0915377140045166
3.0518178939819336
3.0326783657073975
2.983915328979492
3.383338451385498
3.3346095085144043
3.298971176147461
3.3129665851593018
3.293565034866333
3.257089614868164
3.1885578632354736
3.203498601913452
3.185978412628174
3.161149740219116
3.1367969512939453
3.095527410507202
3.0778567790985107
3.050845146179199
3.030169725418091
3.0162429809570312
2.9873008728027344
3.027522325515747
2.9747493267059326
2.954552412033081
3.43198823928833
3.3601815700531006
3.343653678894043
3.303654670715332
3.2419114112854004
3.208942413330078
3.1660327911376953
3.1365151405334473
3.10380482673645
3.0622026920318604
2.941007614135742
2.8662848472595215
2.8326735496520996
2.8223447799682617
2.8152916431427
2.7620444297790527
2.7370877265930176
2.695225954055786
2.688528299331665
2.664742946624756
2.6697075366973877
2.6554582118988037
2.63981294631958
2.6364288330078125
2.5686559677124023
2.569535255432129
2.517446279525757
2.502786159515381
2.4671213626861572
2.4564473628997803
2.7097408771514893
2.688291311264038
2.665651321411133
2.619318723678589
2.585542917251587
2.572033405303955
2.550287961959839
2.5109236240386963
2.4870657920837402
2.470862627029419
2.7867629528045654
2.7683873176574707
2.732746124267578
2.686596632003784
2.6365654468536377
2.6429734230041504
2.595008373260498
2.583287000656128
2.5790278911590576
2.5414111614227295
2.9700512886047363
2.9317984580993652
2.930025100708008
2.89015531539917
2.8479673862457275
2.7982051372528076
2.805112361907959
2.7676877975463867
2.786106586456299
2.7165579795837402
3.1813697814941406
3.1715006828308105
3.114736318588257
3.1229031085968018
3.0584065914154053
3.073676824569702
3.009087562561035
3.00571870803833
2.9856109619140625
2.951263666152954
3.1545591354370117
3.156259536743164
3.1382765769958496
3.0782268047332764
3.089766025543213
3.0741403102874756
3.027724266052246
2.9836487770080566
2.945884943008423
2.9140701293945312
3.440465211868286
3.4032106399536133
3.4032669067382812
3.3630452156066895
3.358936309814453
3.3096492290496826
3.2734947204589844
3.257864475250244
3.219071626663208
3.2365288734436035
3.5317633152008057
3.4947309494018555
3.462775230407715
3.4181480407714844
3.3508670330047607
3.3450632095336914
3.2789413928985596
3.262256383895874
3.222073793411255
3.1766045093536377
3.2581162452697754
3.218625545501709
3.187873601913452
3.1542627811431885
3.1468021869659424
3.0638129711151123
3.083574056625366
3.036064863204956
2.9971115589141846
2.9759464263916016
3.1438069343566895
3.0782604217529297
3.0695717334747314
3.0368731021881104
2.9964499473571777
2.9628570079803467
2.9301700592041016
2.9214179515838623
2.9178173542022705
2.8964731693267822
3.2488489151000977
3.201514959335327
3.1968154907226562
3.149287223815918
3.124605417251587
3.1001691818237305
3.0796256065368652
3.022250175476074
3.043292760848999
2.9927239418029785
3.388261318206787
3.3313117027282715
3.3241021633148193
3.282388925552368
3.2452316284179688
3.1953768730163574
3.1905789375305176
3.1405723094940186
3.1249587535858154
3.106353521347046
3.340128183364868
3.3328628540039062
3.312955856323242
3.2782485485076904
3.242377281188965
3.1751997470855713
3.1640634536743164
3.1376938819885254
3.138331890106201
3.134323835372925
3.331993341445923
3.275034189224243
3.235534906387329
3.22452449798584
3.1644504070281982
3.1538970470428467
3.1002044677734375
3.106489658355713
3.03251576423645
3.0211660861968994
3.6506950855255127
3.6338391304016113
3.633784770965576
3.5733530521392822
3.544663429260254
3.4951083660125732
3.42989182472229
3.408806800842285
3.3915114402770996
3.3662233352661133
2.9524621963500977
2.9463024139404297
2.9181995391845703
2.877682685852051
2.8289144039154053
2.8111319541931152
2.7794816493988037
2.7513997554779053
2.7405147552490234
2.65924334526062
3.868769884109497
3.7859694957733154
3.7203369140625
3.6813554763793945
3.6148879528045654
3.5846476554870605
3.526876211166382
3.4907805919647217
3.419666051864624
3.3906846046447754
3.26006817817688
3.2155981063842773
3.199714183807373
3.128899097442627
3.1036202907562256
3.0549774169921875
3.0061285495758057
2.9647724628448486
2.9312808513641357
2.9302172660827637
2.901681423187256
2.933955669403076
2.865046501159668
2.8363404273986816
2.8171558380126953
2.7552359104156494
2.753086805343628
2.6931028366088867
2.6657536029815674
2.6265857219696045
2.9226393699645996
2.8927206993103027
2.837632179260254
2.8425798416137695
2.774587631225586
2.7756614685058594
2.7090821266174316
2.7021737098693848
2.675676107406616
2.6528303623199463
3.178337574005127
3.112457752227783
3.1034114360809326
3.0610194206237793
3.0202829837799072
2.9471323490142822
2.9083826541900635
2.8888213634490967
2.864401340484619
2.8258838653564453
3.389939785003662
3.2842538356781006
3.2651870250701904
3.2592403888702393
3.197406768798828
3.1714210510253906
3.0938639640808105
3.020779848098755
2.9830214977264404
2.9952011108398438
3.35510516166687
3.287182331085205
3.3018548488616943
3.188140630722046
3.1913437843322754
3.156585693359375
3.083787202835083
3.0429186820983887
3.0054142475128174
2.9709837436676025
3.2433011531829834
3.2012648582458496
3.165395498275757
3.1277687549591064
3.08967924118042
3.0735344886779785
3.010599136352539
2.9411067962646484
2.903931140899658
2.8919758796691895
3.3676586151123047
3.3083202838897705
3.259800672531128
3.170424222946167
3.23123836517334
3.152299404144287
3.1164066791534424
3.0961146354675293
3.072099447250366
3.0189273357391357
3.740255355834961
3.7069365978240967
3.6637651920318604
3.595028877258301
3.5498831272125244
3.5104598999023438
3.5017848014831543
3.4202041625976562
3.372559070587158
3.3426311016082764
3.347074508666992
3.2861509323120117
3.2475152015686035
3.2076449394226074
3.164504289627075
3.1839261054992676
3.1008200645446777
3.077132225036621
3.041672706604004
3.0249409675598145
3.2313880920410156
3.148348331451416
3.141263484954834
3.1241211891174316
3.056643486022949
3.007716178894043
2.9892966747283936
2.9838314056396484
2.913294553756714
2.8582611083984375
3.2076406478881836
3.212984085083008
3.1861116886138916
3.116480588912964
3.0842318534851074
3.0296432971954346
3.0067994594573975
2.976344347000122
2.928223133087158
2.9229981899261475
3.2561628818511963
3.206892490386963
3.1528737545013428
3.115528106689453
3.0815670490264893
3.107693910598755
3.028174877166748
3.028341054916382
2.950504779815674
2.9319512844085693
3.725804090499878
3.6774868965148926
3.641192674636841
3.6019821166992188
3.565074920654297
3.541724681854248
3.456752061843872
3.3965907096862793
3.4236836433410645
3.344374656677246
3.5039000511169434
3.5444748401641846
3.433227062225342
3.4351305961608887
3.3994572162628174
3.3253140449523926
3.326738119125366
3.2778663635253906
3.2573752403259277
3.1838958263397217
3.557387590408325
3.56034517288208
3.470963954925537
3.4421515464782715
3.408726453781128
3.410099744796753
3.3672938346862793
3.3311426639556885
3.3269357681274414
3.2811286449432373
3.18074893951416
3.1355762481689453
3.154048204421997
3.0779380798339844
3.0503666400909424
3.075122356414795
3.042166233062744
3.013810634613037
2.9629690647125244
2.8938889503479004
2.161886215209961
2.127830743789673
2.0817437171936035
2.0700361728668213
2.0596976280212402
2.0385169982910156
1.9875051975250244
1.9489150047302246
1.9340234994888306
1.9098292589187622
1.9415477514266968
1.9149599075317383
1.9102668762207031
1.8831863403320312
1.864639401435852
1.8044482469558716
1.8065917491912842
1.7641781568527222
1.7218286991119385
1.7111133337020874
2.116098165512085
2.0897340774536133
2.052551746368408
2.038649559020996
2.009124517440796
1.9641611576080322
1.928335189819336
1.93830144405365
1.89822256565094
1.895855188369751
2.317202091217041
2.3060901165008545
2.2867751121520996
2.1975908279418945
2.1844534873962402
2.144322633743286
2.150940418243408
2.1106252670288086
2.0757176876068115
2.0330710411071777
2.777588367462158
2.7712464332580566
2.688840866088867
2.6433401107788086
2.598498582839966
2.5846011638641357
2.5190038681030273
2.527528762817383
2.473419666290283
2.421638011932373
2.8585357666015625
2.8115785121917725
2.7641305923461914
2.7052128314971924
2.7011687755584717
2.665647029876709
2.585787296295166
2.5968947410583496
2.523026704788208
2.554008960723877
2.602943181991577
2.5622923374176025
2.5764849185943604
2.520312786102295
2.490107536315918
2.459965944290161
2.437803030014038
2.435060501098633
2.374535083770752
2.3737587928771973
2.896064043045044
2.863696575164795
2.844536781311035
2.8371379375457764
2.8008508682250977
2.770139694213867
2.755584239959717
2.700704574584961
2.6661388874053955
2.6630287170410156
3.155073642730713
3.0638720989227295
3.0971322059631348
3.010883331298828
3.0570900440216064
2.979398250579834
2.9695019721984863
2.925201416015625
2.9126129150390625
2.891874074935913
2.7937569618225098
2.769075870513916
2.7044897079467773
2.6705236434936523
2.638949394226074
2.6164400577545166
2.588499069213867
2.5382704734802246
2.4763386249542236
2.4410030841827393
2.5766117572784424
2.5516364574432373
2.484591484069824
2.441406488418579
2.382535219192505
2.363050699234009
2.3247454166412354
2.310790538787842
2.256272077560425
2.215507745742798
2.4683263301849365
2.422395706176758
2.364079475402832
2.3129193782806396
2.2913637161254883
2.246119976043701
2.1777868270874023
2.1896767616271973
2.1339640617370605
2.0749852657318115
2.6124911308288574
2.558025598526001
2.477710723876953
2.404280185699463
2.3519914150238037
2.307826280593872
2.2733192443847656
2.1747167110443115
2.189464569091797
2.1422979831695557
2.931682586669922
2.834800958633423
2.8308043479919434
2.748830795288086
2.661207914352417
2.622682809829712
2.55187726020813
2.5294058322906494
2.5163068771362305
2.4418351650238037
3.005828619003296
2.960728883743286
2.9005870819091797
2.83890438079834
2.83716082572937
2.7909750938415527
2.7408759593963623
2.710623025894165
2.6448302268981934
2.6001620292663574
3.2232701778411865
3.186264991760254
3.193603038787842
3.095405340194702
3.061337947845459
3.006640672683716
3.0062296390533447
2.916034460067749
2.9252517223358154
2.837756633758545
3.1495919227600098
3.0210466384887695
3.050658702850342
2.972790241241455
2.980245590209961
2.9424686431884766
2.9055166244506836
2.8858070373535156
2.8622655868530273
2.8262007236480713
3.045349359512329
2.983276128768921
2.9736132621765137
2.925856828689575
2.8997576236724854
2.8913469314575195
2.85310697555542
2.7871034145355225
2.8003127574920654
2.721928596496582
