3.9600772857666016
3.9182119369506836
3.9516942501068115
3.93634033203125
3.9549872875213623
3.935767412185669
3.9537246227264404
3.9300849437713623
3.9590792655944824
3.9365389347076416
3.938044548034668
3.9439008235931396
3.9502692222595215
3.943472385406494
3.8914713859558105
3.924969434738159
3.9452881813049316
3.9353318214416504
3.8997206687927246
3.892517328262329
3.894603729248047
3.8805041313171387
3.882352352142334
3.862992286682129
3.864612340927124
3.8836750984191895
3.9096784591674805
3.848438262939453
3.8632330894470215
3.9002976417541504
3.825035333633423
3.7861878871917725
3.8095102310180664
3.787169933319092
3.833946943283081
3.7535617351531982
3.7837612628936768
3.7742342948913574
3.7730062007904053
3.781755208969116
3.8244059085845947
3.8194785118103027
3.8124656677246094
3.782407283782959
3.777325391769409
3.7991340160369873
3.787092924118042
3.766129970550537
3.786669969558716
3.803612470626831
3.841308355331421
3.8407540321350098
3.8527746200561523
3.7937865257263184
3.8366341590881348
3.834993839263916
3.8376591205596924
3.7979094982147217
3.835339307785034
3.809433698654175
3.827824354171753
3.854595184326172
3.8265480995178223
3.8309378623962402
3.8304808139801025
3.827322006225586
3.846947431564331
3.8159592151641846
3.785248041152954
3.824167490005493
3.881284713745117
3.883312702178955
3.8968183994293213
3.904376268386841
3.9046401977539062
3.871520519256592
3.866004228591919
3.9158051013946533
3.8903465270996094
3.858630895614624
4.0002546310424805
4.0373148918151855
4.024791717529297
4.0447516441345215
4.053180694580078
4.027278423309326
4.011812210083008
4.027256488800049
4.03267240524292
4.01007604598999
3.2027547359466553
3.243706464767456
3.214968681335449
3.1738317012786865
3.1323225498199463
3.1654586791992188
3.164377212524414
3.1328015327453613
3.1554412841796875
3.112154245376587
3.1882331371307373
3.172247886657715
3.1690640449523926
3.184568166732788
3.1215221881866455
3.126709222793579
3.1904072761535645
3.0833001136779785
3.0805063247680664
3.1395652294158936
3.1420204639434814
3.162747383117676
3.204116106033325
3.2001476287841797
3.1892189979553223
3.1520462036132812
3.0727899074554443
3.1089060306549072
3.0746965408325195
3.1268341541290283
3.0857033729553223
3.089094400405884
3.07668137550354
3.0502946376800537
3.0457730293273926
2.966413974761963
3.016873598098755
3.0488741397857666
2.9653420448303223
2.982386827468872
3.2335829734802246
3.1599953174591064
3.1818175315856934
3.1629247665405273
3.112400770187378
3.087771415710449
3.135267972946167
3.146790027618408
3.1449785232543945
3.091658353805542
3.3143279552459717
3.355131149291992
3.2643373012542725
3.250098943710327
3.283996343612671
3.253114700317383
3.1957058906555176
3.282593250274658
3.170485496520996
3.159917116165161
3.646824836730957
3.6083016395568848
3.5805654525756836
3.5676064491271973
3.593254327774048
3.55739164352417
3.5226612091064453
3.452618360519409
3.5957088470458984
3.5366783142089844
3.857473611831665
3.7772226333618164
3.7880008220672607
3.6656618118286133
3.748882293701172
3.6562082767486572
3.5575454235076904
3.5955991744995117
3.605325937271118
3.493262767791748
3.5462656021118164
3.4575388431549072
3.4685537815093994
3.437469482421875
3.433443307876587
3.515627384185791
3.4128410816192627
3.3639612197875977
3.4017322063446045
3.3552873134613037
2.8033719062805176
2.812558650970459
2.729104995727539
2.7088325023651123
2.7151122093200684
2.6375515460968018
2.7156314849853516
2.6044082641601562
2.67952299118042
2.7046327590942383
2.5610437393188477
2.519099235534668
2.508236885070801
2.517923593521118
2.5163381099700928
2.430643081665039
2.501932382583618
2.45090913772583
2.418748378753662
2.390305757522583
2.5298540592193604
2.5807909965515137
2.4599719047546387
2.507594108581543
2.4175362586975098
2.408179998397827
2.396693468093872
2.4464869499206543
2.451572895050049
2.3757781982421875
2.5871150493621826
2.5596394538879395
2.4805943965911865
2.475461959838867
2.4450976848602295
2.5110743045806885
2.4512887001037598
2.4360780715942383
2.406498670578003
2.329953193664551
2.8530497550964355
2.8204801082611084
2.817625045776367
2.7474803924560547
2.722994804382324
2.7086844444274902
2.6897878646850586
2.7238025665283203
2.7150657176971436
2.6188910007476807
2.854264736175537
2.8315868377685547
2.8152458667755127
2.7006309032440186
2.6635494232177734
2.688620090484619
2.6262741088867188
2.632772207260132
2.684231758117676
2.646937131881714
3.0018351078033447
2.9068989753723145
2.964232921600342
2.8154373168945312
2.8195323944091797
2.846879720687866
2.8224616050720215
2.8502743244171143
2.771061658859253
2.8126540184020996
3.057666540145874
3.1095383167266846
3.062946319580078
3.0488619804382324
3.058878183364868
2.997609853744507
2.891852617263794
2.9881818294525146
2.919914960861206
2.873678684234619
3.26954984664917
3.166903018951416
3.2223703861236572
3.158778190612793
3.150683879852295
3.2046098709106445
3.1934640407562256
3.06368350982666
3.036576509475708
3.070399761199951
3.002561092376709
2.8916609287261963
2.9176852703094482
2.906214952468872
2.8631486892700195
2.815676689147949
2.8686492443084717
2.829251527786255
2.774850606918335
2.779831647872925
2.872380018234253
2.8756051063537598
2.787553548812866
2.758054494857788
2.813551902770996
2.770845413208008
2.752830743789673
2.7355356216430664
2.709479808807373
2.6199095249176025
3.0025992393493652
2.915576696395874
2.9032742977142334
2.9066574573516846
2.871971368789673
2.8407514095306396
2.8617100715637207
2.779317855834961
2.731593370437622
2.744974374771118
3.1058218479156494
3.027855396270752
2.9758944511413574
2.974257469177246
2.869574546813965
2.87507963180542
2.8209238052368164
2.8364241123199463
2.8116085529327393
2.734562635421753
3.051647663116455
3.079740524291992
3.0164361000061035
3.029064655303955
2.9782657623291016
2.9142351150512695
2.8668594360351562
2.866130828857422
2.857553482055664
2.8619563579559326
3.272759437561035
3.2218639850616455
3.1122019290924072
3.1340742111206055
3.104792594909668
3.0174858570098877
3.0417163372039795
2.95674467086792
2.942103385925293
2.932533025741577
3.3783318996429443
3.4249327182769775
3.3589425086975098
3.329571485519409
3.276475191116333
3.2146899700164795
3.154385566711426
3.243431568145752
3.161834239959717
3.1407108306884766
2.9601078033447266
2.9038336277008057
2.91835355758667
2.990626096725464
2.8433308601379395
2.7189295291900635
2.856022834777832
2.8390161991119385
2.776479721069336
2.689610481262207
3.1190147399902344
3.106062889099121
3.100581407546997
2.982935905456543
3.0108823776245117
2.966973304748535
2.9119646549224854
2.95208477973938
2.925476312637329
2.9191226959228516
1.871200680732727
1.9032535552978516
1.8387525081634521
1.8257298469543457
1.8130054473876953
1.7827473878860474
1.7427388429641724
1.7338045835494995
1.7049671411514282
1.6807053089141846
1.9000303745269775
1.9198368787765503
1.8896465301513672
1.853164553642273
1.8393343687057495
1.826986312866211
1.8008155822753906
1.7706035375595093
1.7140699625015259
1.7442429065704346
2.155869960784912
2.155144691467285
2.0991976261138916
2.096780776977539
2.05698823928833
2.0670931339263916
2.0680580139160156
2.0092220306396484
2.0530169010162354
1.9858226776123047
2.6363906860351562
2.574796199798584
2.6054039001464844
2.614161252975464
2.53324818611145
2.556398630142212
2.456486940383911
2.4658522605895996
2.451629161834717
2.471874952316284
3.124986171722412
3.089336395263672
3.175384998321533
3.096656084060669
3.001403331756592
3.043747901916504
3.0045878887176514
3.0140750408172607
2.954026222229004
2.9091081619262695
2.9229462146759033
2.965322494506836
2.904578685760498
2.8419442176818848
2.8781986236572266
2.9530136585235596
2.8583004474639893
2.8366384506225586
2.8338816165924072
2.825537919998169
2.8061373233795166
2.775768756866455
2.703125476837158
2.693413496017456
2.6910250186920166
2.670212507247925
2.71999454498291
2.636199712753296
2.5618507862091064
2.5575027465820312
3.1597039699554443
3.09047794342041
3.0342578887939453
3.1063199043273926
2.9987664222717285
3.0708250999450684
3.0129263401031494
2.999685764312744
2.9755568504333496
2.942445993423462
3.579681158065796
3.5585410594940186
3.4727892875671387
3.5316834449768066
3.54817271232605
3.456355571746826
3.462057590484619
3.412590503692627
3.343881845474243
3.359668731689453
2.9997761249542236
2.968820333480835
2.9307053089141846
2.887880563735962
2.877322196960449
2.846120834350586
2.8020730018615723
2.7559425830841064
2.73728609085083
2.756640911102295
2.8344974517822266
2.8195834159851074
2.7516114711761475
2.7175583839416504
2.6643714904785156
2.6586570739746094
2.6363720893859863
2.5795392990112305
2.5792133808135986
2.571274518966675
2.7690272331237793
2.7562947273254395
2.6494908332824707
2.685509204864502
2.5713388919830322
2.5708985328674316
2.548466444015503
2.566917657852173
2.480001926422119
2.503176689147949
2.9436323642730713
2.9453506469726562
2.8665361404418945
2.880510091781616
2.793628454208374
2.7779340744018555
2.6918959617614746
2.7001373767852783
2.700990676879883
2.7038118839263916
3.427306652069092
3.3036582469940186
3.3273658752441406
3.3262851238250732
3.2620716094970703
3.1743316650390625
3.1387388706207275
3.1480495929718018
3.0704102516174316
3.060375690460205
3.0219314098358154
2.9879844188690186
2.9341447353363037
2.9565155506134033
2.862476110458374
2.853487968444824
2.767441987991333
2.8096821308135986
2.831875801086426
2.7661938667297363
3.268582582473755
3.12943959236145
3.121438503265381
3.0827832221984863
3.0729291439056396
3.0224809646606445
2.9379985332489014
2.919145107269287
2.952991485595703
2.9238548278808594
3.059992551803589
3.0016283988952637
3.0743913650512695
3.019808053970337
2.9584407806396484
2.9201748371124268
2.9528470039367676
2.932400941848755
2.886841297149658
2.8466806411743164
3.1599113941192627
3.091362237930298
3.047450542449951
3.0728559494018555
3.0698275566101074
2.9834535121917725
2.9826998710632324
2.9525160789489746
2.9502322673797607
2.9248294830322266
3.641324758529663
3.698293685913086
3.617161273956299
3.627326011657715
3.605116844177246
3.582590341567993
3.5115811824798584
3.500746011734009
3.487061023712158
3.431729793548584
3.558779716491699
3.515653371810913
3.5021612644195557
3.469409942626953
3.4154391288757324
3.4161672592163086
3.384042263031006
3.3637194633483887
3.3526151180267334
3.3032915592193604
3.4015307426452637
3.3377797603607178
3.314164876937866
3.278597831726074
3.3026585578918457
3.227252244949341
3.254077672958374
3.204174518585205
3.1832172870635986
3.109534978866577
3.321089029312134
3.2865257263183594
3.2769267559051514
3.260967969894409
3.2260375022888184
3.152540445327759
3.1406452655792236
3.13588547706604
3.077651262283325
3.0972530841827393
3.3937456607818604
3.3942222595214844
3.3196120262145996
3.324047565460205
3.330648899078369
3.288949966430664
3.203089475631714
3.2242541313171387
3.2164196968078613
3.1397039890289307
3.422673463821411
3.362940788269043
3.4111413955688477
3.336918830871582
3.253207206726074
3.2698135375976562
3.192241668701172
3.151089668273926
3.1757264137268066
3.17402720451355
3.586824417114258
3.5072548389434814
3.504798173904419
3.4570810794830322
3.3578083515167236
3.401569128036499
3.3323521614074707
3.28047776222229
3.3148226737976074
3.247509479522705
3.455296516418457
3.482107639312744
3.4248263835906982
3.3602263927459717
3.3246355056762695
3.3073456287384033
3.247506618499756
3.212219476699829
3.1707677841186523
3.167806386947632
3.707895040512085
3.7434234619140625
3.6772470474243164
3.6522786617279053
3.636854887008667
3.56988525390625
3.564216375350952
3.526703357696533
3.494765043258667
3.4662063121795654
3.138240098953247
3.0730252265930176
3.028693914413452
3.0339910984039307
3.022657871246338
2.9651894569396973
2.91226863861084
2.8683815002441406
2.8321704864501953
2.825507164001465
2.940345048904419
2.9514219760894775
2.9087042808532715
2.883117198944092
2.8481967449188232
2.82009220123291
2.771613359451294
2.777146577835083
2.7587594985961914
2.706573963165283
2.931525945663452
2.8984718322753906
2.885122299194336
2.9034605026245117
2.8773114681243896
2.82844614982605
2.829519510269165
2.7843449115753174
2.7797858715057373
2.7439703941345215
3.038039207458496
3.0183265209198
2.9629738330841064
2.9529154300689697
2.922483205795288
2.909932851791382
2.8404598236083984
2.846254348754883
2.819969415664673
2.793346405029297
3.381648063659668
3.3019797801971436
3.249666452407837
3.284693479537964
3.2396323680877686
3.1611294746398926
3.1863341331481934
3.1114585399627686
3.0560457706451416
3.1025314331054688
3.2709872722625732
3.223688840866089
3.136580467224121
3.1155498027801514
3.1151492595672607
3.0560302734375
3.051243782043457
2.9778826236724854
2.974184513092041
2.9123616218566895
3.4771127700805664
3.419297218322754
3.389561414718628
3.4024481773376465
3.364677906036377
3.3219799995422363
3.2820234298706055
3.1799349784851074
3.162302017211914
3.1449778079986572
3.1378376483917236
3.175142765045166
3.1689069271087646
3.065751552581787
3.102055311203003
3.0007877349853516
3.008776903152466
2.990286350250244
2.894888162612915
2.862196683883667
3.03963303565979
2.9638049602508545
2.9296393394470215
2.9809303283691406
2.854090452194214
2.879582643508911
2.8414559364318848
2.803020715713501
2.738081216812134
2.713728427886963
3.470409870147705
3.3665876388549805
3.3463211059570312
3.259772539138794
3.2808423042297363
3.1763341426849365
3.106746196746826
3.087531089782715
2.9893546104431152
2.948922634124756
3.008448839187622
2.9858062267303467
2.9370462894439697
2.8602709770202637
2.795884370803833
2.7782933712005615
2.7775168418884277
2.697188138961792
2.6849193572998047
2.6604435443878174
2.6879756450653076
2.691744327545166
2.646101236343384
2.624866247177124
2.633465528488159
2.604827404022217
2.5304081439971924
2.493471622467041
2.479065179824829
2.528562545776367
2.7434890270233154
2.6893393993377686
2.6488256454467773
2.6627330780029297
2.595698356628418
2.599329948425293
2.5689942836761475
2.5183658599853516
2.4698450565338135
2.5035507678985596
2.797881603240967
2.7493605613708496
2.6901895999908447
2.6735267639160156
2.6771464347839355
2.5997486114501953
2.6018500328063965
2.5607311725616455
2.5735626220703125
2.5871639251708984
3.066322088241577
3.0112829208374023
2.9340617656707764
2.940742015838623
2.9191501140594482
2.875417470932007
2.8690524101257324
2.819467544555664
2.7603681087493896
2.7625763416290283
3.136260747909546
3.071218252182007
3.0434212684631348
3.038489818572998
3.0695505142211914
2.9682130813598633
2.925440549850464
2.9242184162139893
2.8212664127349854
2.849027156829834
3.3671748638153076
3.331096649169922
3.2338383197784424
3.2236781120300293
3.142340660095215
3.18839168548584
3.1190171241760254
3.081242322921753
3.042327642440796
3.010709524154663
3.185363531112671
3.1314706802368164
3.1778252124786377
3.1215226650238037
3.097562551498413
3.074685573577881
3.0291202068328857
3.0233547687530518
2.934093475341797
2.9346225261688232
3.3675570487976074
3.338061809539795
3.3238542079925537
3.250734329223633
3.2255876064300537
3.1660211086273193
3.1737277507781982
3.105225086212158
3.088451862335205
3.065634250640869
3.1202173233032227
3.0546464920043945
3.054605484008789
3.0009326934814453
2.98087215423584
2.9665334224700928
2.9275057315826416
2.908226728439331
2.875901699066162
2.8595187664031982
2.959407329559326
2.9392807483673096
2.919811725616455
2.8961310386657715
2.8632190227508545
2.8676607608795166
2.8256711959838867
2.7548131942749023
2.7869443893432617
2.7720117568969727
3.048884153366089
3.038433313369751
2.9951653480529785
3.048017978668213
2.9800641536712646
2.9665114879608154
2.949263095855713
2.8868541717529297
2.911083936691284
2.9133286476135254
3.1544787883758545
3.0840723514556885
3.103182077407837
3.0609493255615234
3.0104596614837646
3.003436326980591
2.970982551574707
2.9461796283721924
2.8912034034729004
2.8994979858398438
3.451648712158203
3.433699369430542
3.3618292808532715
3.3581151962280273
3.301036834716797
3.267592668533325
3.2840380668640137
3.1878719329833984
3.19683837890625
3.152285575866699
3.5779552459716797
3.51021409034729
3.4900894165039062
3.4586563110351562
3.4134016036987305
3.391923427581787
3.388193130493164
3.3465049266815186
3.3184256553649902
3.2288625240325928
3.3886961936950684
3.392659902572632
3.3439650535583496
3.267970323562622
3.2428717613220215
3.2417869567871094
3.227686882019043
3.1219310760498047
3.108200788497925
3.1221275329589844
3.465615749359131
3.4488463401794434
3.424959897994995
3.393630027770996
3.3716909885406494
3.3092100620269775
3.2944982051849365
3.2435336112976074
3.204235076904297
3.173755645751953
3.8445305824279785
3.8651986122131348
3.8258166313171387
3.824629306793213
3.7771098613739014
3.7250983715057373
3.7178115844726562
3.6645357608795166
3.6071033477783203
3.642380475997925
3.639040470123291
3.5900301933288574
3.5802712440490723
3.5576322078704834
3.4985671043395996
3.49924373626709
3.4677956104278564
3.478395462036133
3.4110968112945557
3.3996224403381348
3.567401885986328
3.506162166595459
3.557241201400757
3.4956729412078857
3.436441659927368
3.4364705085754395
3.3854212760925293
3.4010205268859863
3.3599648475646973
3.355196952819824
3.6455540657043457
3.6256091594696045
3.6481945514678955
3.5835163593292236
3.4869065284729004
3.4838647842407227
3.5038533210754395
3.4338905811309814
3.4256503582000732
3.3872079849243164
3.9179677963256836
3.8048431873321533
3.7993431091308594
3.750068426132202
3.6954121589660645
3.6727917194366455
3.6414401531219482
3.600431203842163
3.5989627838134766
3.528613567352295
3.6357064247131348
3.6665961742401123
3.6324031352996826
3.630251884460449
3.5158560276031494
3.5664429664611816
3.522003650665283
3.4696781635284424
3.4417977333068848
3.410914421081543
3.7168197631835938
3.681709051132202
3.6913604736328125
3.6333227157592773
3.607835531234741
3.6145715713500977
3.5263383388519287
3.4682018756866455
3.5044870376586914
3.468677520751953
4.011155128479004
3.9813897609710693
3.9229636192321777
3.926135778427124
3.8661410808563232
3.847332000732422
3.7614805698394775
3.733085870742798
3.742185115814209
3.679044246673584
3.945923328399658
3.9051992893218994
3.884423017501831
3.792813301086426
3.767744302749634
3.7287251949310303
3.6726181507110596
3.670220375061035
3.668647289276123
3.6015186309814453
3.7764194011688232
3.7240147590637207
3.7043685913085938
3.643083095550537
3.624006748199463
3.5575063228607178
3.5275497436523438
3.502206563949585
3.494145154953003
3.4225172996520996
3.403395652770996
3.378889799118042
3.307741165161133
3.3268792629241943
3.3033180236816406
3.2595951557159424
3.276369094848633
3.2469935417175293
3.1868770122528076
3.1878395080566406
3.3666677474975586
3.311929225921631
3.3046610355377197
3.2739927768707275
3.215150833129883
3.196878433227539
3.167348623275757
3.0900588035583496
3.162240505218506
3.1194801330566406
3.3795948028564453
3.3396682739257812
3.355153799057007
3.3233935832977295
3.291109561920166
3.2855916023254395
3.254859447479248
3.258423089981079
3.218137741088867
3.1683647632598877
3.755673408508301
3.752487897872925
3.705869674682617
3.6392641067504883
3.6161370277404785
3.5805013179779053
3.590593099594116
3.5527729988098145
3.5110175609588623
3.4925174713134766
4.1726460456848145
4.083329677581787
4.064669132232666
4.016994476318359
4.0193657875061035
3.9269418716430664
3.9670209884643555
3.8759725093841553
3.8448758125305176
3.840744733810425
3.671704053878784
3.611802816390991
3.626722812652588
3.585468053817749
3.5388948917388916
3.5591068267822266
3.506697177886963
3.5382962226867676
3.441340923309326
3.4355106353759766
4.033645153045654
3.9844589233398438
4.014514923095703
3.9081180095672607
3.9297637939453125
3.8882851600646973
3.85756778717041
3.82060170173645
3.781073570251465
3.7855935096740723
3.952664852142334
3.9497265815734863
3.929429531097412
3.8228278160095215
3.8516924381256104
3.802643060684204
3.792957305908203
3.7608253955841064
3.6999213695526123
3.637089490890503
4.498169422149658
4.450620651245117
4.396755695343018
4.339491844177246
4.309497833251953
4.268837928771973
4.233524322509766
4.133059978485107
4.134153842926025
4.064150810241699
4.125141143798828
4.115659713745117
4.043493747711182
3.9993326663970947
3.988844394683838
3.9388608932495117
3.8759336471557617
3.8757100105285645
3.832868814468384
3.769120931625366
3.8180439472198486
3.747178077697754
3.718581199645996
3.6976356506347656
3.630577325820923
3.63309907913208
3.5768728256225586
3.5726256370544434
3.5282557010650635
3.464137315750122
3.5895943641662598
3.573032855987549
3.500939130783081
3.536156177520752
3.4972684383392334
3.419013023376465
3.4367916584014893
3.3813557624816895
3.3201658725738525
3.2775022983551025
3.794692039489746
3.724083662033081
3.6885015964508057
3.676440715789795
3.6178841590881348
3.5566141605377197
3.4865918159484863
3.4588418006896973
3.415677070617676
3.4011125564575195
3.662717342376709
3.6365089416503906
3.55233097076416
3.4822139739990234
3.470871925354004
3.4522290229797363
3.3933424949645996
3.3516933917999268
3.33852481842041
3.3454105854034424
3.504390239715576
3.4890964031219482
3.4053211212158203
3.342101573944092
3.3431284427642822
3.3366782665252686
3.2906181812286377
3.260385036468506
3.225313186645508
3.204648494720459
3.7378134727478027
3.6805946826934814
3.6710126399993896
3.6161041259765625
3.552669048309326
3.5348734855651855
3.500894546508789
3.4630961418151855
3.4826576709747314
3.4066150188446045
3.774817943572998
3.7666242122650146
3.6899497509002686
3.697113275527954
3.693223476409912
3.625317335128784
3.603423833847046
3.6028568744659424
3.614650249481201
3.5138285160064697
2.9715771675109863
2.936819314956665
2.895864248275757
2.8260860443115234
2.8626608848571777
2.7995731830596924
2.7549052238464355
2.720194101333618
2.708585500717163
2.6619279384613037
2.7205023765563965
2.683215856552124
2.676478624343872
2.6371588706970215
2.604984998703003
2.5707345008850098
2.542426109313965
2.4981777667999268
2.5695314407348633
2.506972074508667
2.786677122116089
2.748168706893921
2.6726834774017334
2.6929407119750977
2.6885502338409424
2.627448797225952
2.6911277770996094
2.516234874725342
2.573328733444214
2.4814558029174805
2.7901620864868164
2.7801783084869385
2.760540008544922
2.7140023708343506
2.756056547164917
2.745511770248413
2.6654036045074463
2.639707326889038
2.5859055519104004
2.621029853820801
3.2525644302368164
3.2096588611602783
3.1573641300201416
3.1279659271240234
3.131579875946045
3.0385468006134033
3.028860569000244
2.999243974685669
3.0028257369995117
3.003338575363159
3.1789958477020264
3.207753896713257
3.153778314590454
3.1034343242645264
3.0618643760681152
3.078407049179077
3.041539430618286
2.9741339683532715
2.966635227203369
2.966806411743164
3.445497751235962
3.463656425476074
3.3487586975097656
3.34187650680542
3.300565242767334
3.3040292263031006
3.2505576610565186
3.1536152362823486
3.1272432804107666
3.161179304122925
3.4076249599456787
3.4335970878601074
3.30560564994812
3.3120429515838623
3.2754058837890625
3.208463668823242
3.1589043140411377
3.1470770835876465
3.141951322555542
3.0659964084625244
3.3674941062927246
3.369141101837158
3.3271946907043457
3.361504077911377
3.208591938018799
3.253823757171631
3.18208646774292
3.186506748199463
3.1126253604888916
3.101787567138672
3.221207857131958
3.207336187362671
3.1750588417053223
3.120091438293457
3.0886218547821045
3.0384576320648193
2.99013614654541
2.969998598098755
2.9521172046661377
2.9069466590881348
2.951155185699463
2.9412903785705566
2.8958678245544434
2.904323101043701
2.8240959644317627
2.8352458477020264
2.802802324295044
2.7343592643737793
2.748347759246826
2.700015068054199
2.8319091796875
2.795614004135132
2.77032732963562
2.7478575706481934
2.6968026161193848
2.6746301651000977
2.6776328086853027
2.6541290283203125
2.5977981090545654
2.5959832668304443
2.8943161964416504
2.8263556957244873
2.8571395874023438
2.7826836109161377
2.739544630050659
2.7292370796203613
2.7543911933898926
2.681072950363159
2.6639437675476074
2.6544716358184814
3.037782907485962
3.052152633666992
2.972851037979126
2.984797477722168
2.9159696102142334
2.919827461242676
2.8712778091430664
2.816546678543091
2.8170998096466064
2.7944893836975098
3.2720718383789062
3.2685482501983643
3.2260632514953613
3.156245470046997
3.155560255050659
3.1344823837280273
3.097123146057129
3.0644140243530273
3.0204200744628906
2.993183135986328
3.177187442779541
3.1025943756103516
3.0607545375823975
3.0632431507110596
3.0221307277679443
3.0069539546966553
2.979592800140381
2.9528863430023193
2.9513533115386963
2.8801679611206055
3.103419780731201
3.0186846256256104
2.9576375484466553
2.94317889213562
2.9229736328125
2.879643440246582
2.887695550918579
2.8223822116851807
2.831869602203369
2.7659974098205566
3.20584774017334
3.2450475692749023
3.180227756500244
3.134812831878662
3.1194753646850586
3.088911294937134
3.0040156841278076
3.0136942863464355
3.0316786766052246
2.97574520111084
2.5882039070129395
2.579169750213623
2.5255279541015625
2.487761974334717
2.501559257507324
2.4634110927581787
2.4278881549835205
2.4129855632781982
2.41322922706604
2.3596489429473877
2.4577085971832275
2.4197492599487305
2.4266974925994873
2.3539700508117676
2.3717944622039795
2.3423922061920166
2.3304450511932373
2.316911458969116
2.299882650375366
2.2646491527557373
2.5307672023773193
2.506422281265259
2.4996120929718018
2.487560749053955
2.4332408905029297
2.4357519149780273
2.4168593883514404
2.3802103996276855
2.416640520095825
2.348712682723999
2.6732709407806396
2.6629745960235596
2.6254382133483887
2.6029815673828125
2.573389768600464
2.5557971000671387
2.563406229019165
2.521754741668701
2.502561569213867
2.487501382827759
2.9084722995758057
2.932460308074951
2.901054620742798
2.881789207458496
2.8221828937530518
2.8038835525512695
2.7781765460968018
2.7947168350219727
2.74806809425354
2.7390098571777344
3.2576346397399902
3.2308452129364014
3.1911728382110596
3.1568682193756104
3.127699851989746
3.1096229553222656
3.068880319595337
3.060765266418457
3.021965503692627
3.0002400875091553
3.1864688396453857
3.207834243774414
3.1665265560150146
3.1448965072631836
3.159510612487793
3.1071200370788574
3.0915377140045166
3.0518178939819336
3.0326783657073975
2.983915328979492
3.383338451385498
3.3346095085144043
3.298971176147461
3.3129665851593018
3.293565034866333
3.257089614868164
3.1885578632354736
3.203498601913452
3.185978412628174
3.161149740219116
3.1367969512939453
3.095527410507202
3.0778567790985107
3.050845146179199
3.030169725418091
3.0162429809570312
2.9873008728027344
3.027522325515747
2.9747493267059326
2.954552412033081
3.43198823928833
3.3601815700531006
3.343653678894043
3.303654670715332
3.2419114112854004
3.208942413330078
3.1660327911376953
3.1365151405334473
3.10380482673645
3.0622026920318604
2.941007614135742
2.8662848472595215
2.8326735496520996
2.8223447799682617
2.8152916431427
2.7620444297790527
2.7370877265930176
2.695225954055786
2.688528299331665
2.664742946624756
2.6697075366973877
2.6554582118988037
2.63981294631958
2.6364288330078125
2.5686559677124023
2.569535255432129
2.517446279525757
2.502786159515381
2.4671213626861572
2.4564473628997803
2.7097408771514893
2.688291311264038
2.665651321411133
2.619318723678589
2.585542917251587
2.572033405303955
2.550287961959839
2.5109236240386963
2.4870657920837402
2.470862627029419
2.7867629528045654
2.7683873176574707
2.732746124267578
2.686596632003784
2.6365654468536377
2.6429734230041504
2.595008373260498
2.583287000656128
2.5790278911590576
2.5414111614227295
2.9700512886047363
2.9317984580993652
2.930025100708008
2.89015531539917
2.8479673862457275
2.7982051372528076
2.805112361907959
2.7676877975463867
2.786106586456299
2.7165579795837402
3.1813697814941406
3.1715006828308105
3.114736318588257
3.1229031085968018
3.0584065914154053
3.073676824569702
3.009087562561035
3.00571870803833
2.9856109619140625
2.951263666152954
3.1545591354370117
3.156259536743164
3.1382765769958496
3.0782268047332764
3.089766025543213
3.0741403102874756
3.027724266052246
2.9836487770080566
2.945884943008423
2.9140701293945312
3.440465211868286
3.4032106399536133
3.4032669067382812
3.3630452156066895
3.358936309814453
3.3096492290496826
3.2734947204589844
3.257864475250244
3.219071626663208
3.2365288734436035
3.5317633152008057
3.4947309494018555
3.462775230407715
3.4181480407714844
3.3508670330047607
3.3450632095336914
3.2789413928985596
3.262256383895874
3.222073793411255
3.1766045093536377
3.2581162452697754
3.218625545501709
3.187873601913452
3.1542627811431885
3.1468021869659424
3.0638129711151123
3.083574056625366
3.036064863204956
2.9971115589141846
2.9759464263916016
3.1438069343566895
3.0782604217529297
3.0695717334747314
3.0368731021881104
2.9964499473571777
2.9628570079803467
2.9301700592041016
2.9214179515838623
2.9178173542022705
2.8964731693267822
3.2488489151000977
3.201514959335327
3.1968154907226562
3.149287223815918
3.124605417251587
3.1001691818237305
3.0796256065368652
3.022250175476074
3.043292760848999
2.9927239418029785
3.388261318206787
3.3313117027282715
3.3241021633148193
3.282388925552368
3.2452316284179688
3.1953768730163574
3.1905789375305176
3.1405723094940186
3.1249587535858154
3.106353521347046
3.340128183364868
3.3328628540039062
3.312955856323242
3.2782485485076904
3.242377281188965
3.1751997470855713
3.1640634536743164
3.1376938819885254
3.138331890106201
3.134323835372925
3.331993341445923
3.275034189224243
3.235534906387329
3.22452449798584
3.1644504070281982
3.1538970470428467
3.1002044677734375
3.106489658355713
3.03251576423645
3.0211660861968994
3.6506950855255127
3.6338391304016113
3.633784770965576
3.5733530521392822
3.544663429260254
3.4951083660125732
3.42989182472229
3.408806800842285
3.3915114402770996
3.3662233352661133
2.9524621963500977
2.9463024139404297
2.9181995391845703
2.877682685852051
2.8289144039154053
2.8111319541931152
2.7794816493988037
2.7513997554779053
2.7405147552490234
2.65924334526062
3.868769884109497
3.7859694957733154
3.7203369140625
3.6813554763793945
3.6148879528045654
3.5846476554870605
3.526876211166382
3.4907805919647217
3.419666051864624
3.3906846046447754
3.26006817817688
3.2155981063842773
3.199714183807373
3.128899097442627
3.1036202907562256
3.0549774169921875
3.0061285495758057
2.9647724628448486
2.9312808513641357
2.9302172660827637
2.901681423187256
2.933955669403076
2.865046501159668
2.8363404273986816
2.8171558380126953
2.7552359104156494
2.753086805343628
2.6931028366088867
2.6657536029815674
2.6265857219696045
2.9226393699645996
2.8927206993103027
2.837632179260254
2.8425798416137695
2.774587631225586
2.7756614685058594
2.7090821266174316
2.7021737098693848
2.675676107406616
2.6528303623199463
3.178337574005127
3.112457752227783
3.1034114360809326
3.0610194206237793
3.0202829837799072
2.9471323490142822
2.9083826541900635
2.8888213634490967
2.864401340484619
2.8258838653564453
3.389939785003662
3.2842538356781006
3.2651870250701904
3.2592403888702393
3.197406768798828
3.1714210510253906
3.0938639640808105
3.020779848098755
2.9830214977264404
2.9952011108398438
3.35510516166687
3.287182331085205
3.3018548488616943
3.188140630722046
3.1913437843322754
3.156585693359375
3.083787202835083
3.0429186820983887
3.0054142475128174
2.9709837436676025
3.2433011531829834
3.2012648582458496
3.165395498275757
3.1277687549591064
3.08967924118042
3.0735344886779785
3.010599136352539
2.9411067962646484
2.903931140899658
2.8919758796691895
3.3676586151123047
3.3083202838897705
3.259800672531128
3.170424222946167
3.23123836517334
3.152299404144287
3.1164066791534424
3.0961146354675293
3.072099447250366
3.0189273357391357
3.740255355834961
3.7069365978240967
3.6637651920318604
3.595028877258301
3.5498831272125244
3.5104598999023438
3.5017848014831543
3.4202041625976562
3.372559070587158
3.3426311016082764
3.347074508666992
3.2861509323120117
3.2475152015686035
3.2076449394226074
3.164504289627075
3.1839261054992676
3.1008200645446777
3.077132225036621
3.041672706604004
3.0249409675598145
3.2313880920410156
3.148348331451416
3.141263484954834
3.1241211891174316
3.056643486022949
3.007716178894043
2.9892966747283936
2.9838314056396484
2.913294553756714
2.8582611083984375
3.2076406478881836
3.212984085083008
3.1861116886138916
3.116480588912964
3.0842318534851074
3.0296432971954346
3.0067994594573975
2.976344347000122
2.928223133087158
2.9229981899261475
3.2561628818511963
3.206892490386963
3.1528737545013428
3.115528106689453
3.0815670490264893
3.107693910598755
3.028174877166748
3.028341054916382
2.950504779815674
2.9319512844085693
3.725804090499878
3.6774868965148926
3.641192674636841
3.6019821166992188
3.565074920654297
3.541724681854248
3.456752061843872
3.3965907096862793
3.4236836433410645
3.344374656677246
3.5039000511169434
3.5444748401641846
3.433227062225342
3.4351305961608887
3.3994572162628174
3.3253140449523926
3.326738119125366
3.2778663635253906
3.2573752403259277
3.1838958263397217
3.557387590408325
3.56034517288208
3.470963954925537
3.4421515464782715
3.408726453781128
3.410099744796753
3.3672938346862793
3.3311426639556885
3.3269357681274414
3.2811286449432373
3.18074893951416
3.1355762481689453
3.154048204421997
3.0779380798339844
3.0503666400909424
3.075122356414795
3.042166233062744
3.013810634613037
2.9629690647125244
2.8938889503479004
2.161886215209961
2.127830743789673
2.0817437171936035
2.0700361728668213
2.0596976280212402
2.0385169982910156
1.9875051975250244
1.9489150047302246
1.9340234994888306
1.9098292589187622
1.9415477514266968
1.9149599075317383
1.9102668762207031
1.8831863403320312
1.864639401435852
1.8044482469558716
1.8065917491912842
1.7641781568527222
1.7218286991119385
1.7111133337020874
2.116098165512085
2.0897340774536133
2.052551746368408
2.038649559020996
2.009124517440796
1.9641611576080322
1.928335189819336
1.93830144405365
1.89822256565094
1.895855188369751
2.317202091217041
2.3060901165008545
2.2867751121520996
2.1975908279418945
2.1844534873962402
2.144322633743286
2.150940418243408
2.1106252670288086
2.0757176876068115
2.0330710411071777
2.777588367462158
2.7712464332580566
2.688840866088867
2.6433401107788086
2.598498582839966
2.5846011638641357
2.5190038681030273
2.527528762817383
2.473419666290283
2.421638011932373
2.8585357666015625
2.8115785121917725
2.7641305923461914
2.7052128314971924
2.7011687755584717
2.665647029876709
2.585787296295166
2.5968947410583496
2.523026704788208
2.554008960723877
2.602943181991577
2.5622923374176025
2.5764849185943604
2.520312786102295
2.490107536315918
2.459965944290161
2.437803030014038
2.435060501098633
2.374535083770752
2.3737587928771973
2.896064043045044
2.863696575164795
2.844536781311035
2.8371379375457764
2.8008508682250977
2.770139694213867
2.755584239959717
2.700704574584961
2.6661388874053955
2.6630287170410156
3.155073642730713
3.0638720989227295
3.0971322059631348
3.010883331298828
3.0570900440216064
2.979398250579834
2.9695019721984863
2.925201416015625
2.9126129150390625
2.891874074935913
2.7937569618225098
2.769075870513916
2.7044897079467773
2.6705236434936523
2.638949394226074
2.6164400577545166
2.588499069213867
2.5382704734802246
2.4763386249542236
2.4410030841827393
2.5766117572784424
2.5516364574432373
2.484591484069824
2.441406488418579
2.382535219192505
2.363050699234009
2.3247454166412354
2.310790538787842
2.256272077560425
2.215507745742798
2.4683263301849365
2.422395706176758
2.364079475402832
2.3129193782806396
2.2913637161254883
2.246119976043701
2.1777868270874023
2.1896767616271973
2.1339640617370605
2.0749852657318115
2.6124911308288574
2.558025598526001
2.477710723876953
2.404280185699463
2.3519914150238037
2.307826280593872
2.2733192443847656
2.1747167110443115
2.189464569091797
2.1422979831695557
2.931682586669922
2.834800958633423
2.8308043479919434
2.748830795288086
2.661207914352417
2.622682809829712
2.55187726020813
2.5294058322906494
2.5163068771362305
2.4418351650238037
3.005828619003296
2.960728883743286
2.9005870819091797
2.83890438079834
2.83716082572937
2.7909750938415527
2.7408759593963623
2.710623025894165
2.6448302268981934
2.6001620292663574
3.2232701778411865
3.186264991760254
3.193603038787842
3.095405340194702
3.061337947845459
3.006640672683716
3.0062296390533447
2.916034460067749
2.9252517223358154
2.837756633758545
3.1495919227600098
3.0210466384887695
3.050658702850342
2.972790241241455
2.980245590209961
2.9424686431884766
2.9055166244506836
2.8858070373535156
2.8622655868530273
2.8262007236480713
3.045349359512329
2.983276128768921
2.9736132621765137
2.925856828689575
2.8997576236724854
2.8913469314575195
2.85310697555542
2.7871034145355225
2.8003127574920654
2.721928596496582
2.8720579147338867
2.790910482406616
2.758979558944702
2.704730749130249
2.668858051300049
2.6370954513549805
2.590008497238159
2.534071207046509
2.4692516326904297
2.449916124343872
2.5895185470581055
2.547159433364868
2.528940439224243
2.474048137664795
2.4381728172302246
2.400707483291626
2.3682477474212646
2.3217055797576904
2.31829571723938
2.3048694133758545
2.5930418968200684
2.5536692142486572
2.491508960723877
2.477715492248535
2.470458507537842
2.4276235103607178
2.362030029296875
2.3607406616210938
2.3453691005706787
2.3088290691375732
2.671151638031006
2.6442971229553223
2.554051399230957
2.5417559146881104
2.4850499629974365
2.4757161140441895
2.4415180683135986
2.4031262397766113
2.435534954071045
2.382666826248169
2.8277299404144287
2.790024757385254
2.7478623390197754
2.7161686420440674
2.7140626907348633
2.6527485847473145
2.6553547382354736
2.6081156730651855
2.5929324626922607
2.548217296600342
3.180070638656616
3.138972043991089
3.1059370040893555
3.0573301315307617
3.032958507537842
3.027360677719116
2.963623046875
2.927177906036377
2.9370455741882324
2.8703362941741943
3.14511775970459
3.1033411026000977
3.0887563228607178
3.116703510284424
3.023794412612915
3.00547456741333
2.986492156982422
2.92134690284729
2.920269012451172
2.8442113399505615
2.9501380920410156
2.883800745010376
2.8874268531799316
2.8518874645233154
2.8423962593078613
2.785492420196533
2.751145124435425
2.6949706077575684
2.7217187881469727
2.648287534713745
2.8298168182373047
2.833678960800171
2.8135175704956055
2.7538819313049316
2.7288928031921387
2.719637155532837
2.6592774391174316
2.6266608238220215
2.6132726669311523
2.5996932983398438
3.001624345779419
2.971015453338623
2.9118494987487793
2.8577518463134766
2.8375933170318604
2.803022861480713
2.775216817855835
2.733494758605957
2.7063047885894775
2.647307872772217
2.7958474159240723
2.7616920471191406
2.716384172439575
2.683370351791382
2.610271453857422
2.6278131008148193
2.5983333587646484
2.5813608169555664
2.5434770584106445
2.48042631149292
2.8721508979797363
2.8319828510284424
2.8035168647766113
2.7578325271606445
2.7232813835144043
2.685225248336792
2.667252779006958
2.6261513233184814
2.5742573738098145
2.5706119537353516
2.880966901779175
2.86395001411438
2.833515167236328
2.774172067642212
2.7300374507904053
2.7187933921813965
2.6709344387054443
2.6000983715057373
2.5776076316833496
2.520951747894287
3.1700284481048584
3.1268672943115234
3.0683681964874268
3.000110149383545
2.9815146923065186
2.880985975265503
2.884768009185791
2.8667871952056885
2.777207374572754
2.770329475402832
3.3467445373535156
3.2852325439453125
3.25854754447937
3.2033941745758057
3.1446852684020996
3.114297389984131
3.0974130630493164
3.088357925415039
2.9961118698120117
2.9605016708374023
3.2797939777374268
3.184195041656494
3.157869577407837
3.0975241661071777
3.099165916442871
3.0801658630371094
3.0221736431121826
3.0245819091796875
2.9545860290527344
2.913398504257202
3.5213701725006104
3.414482831954956
3.35237717628479
3.356595277786255
3.302436113357544
3.2481777667999268
3.2313084602355957
3.1680147647857666
3.1613011360168457
3.1355340480804443
3.375377893447876
3.368027687072754
3.334935188293457
3.285231113433838
3.2399792671203613
3.199486255645752
3.183267593383789
3.1789135932922363
3.114475727081299
3.0768864154815674
2.974001169204712
2.943549394607544
2.8770151138305664
2.808528423309326
2.784494400024414
2.73262619972229
2.687744140625
2.6397335529327393
2.5810608863830566
2.5146241188049316
2.8585710525512695
2.8266091346740723
2.778322696685791
2.6953155994415283
2.684244155883789
2.6435632705688477
2.565091133117676
2.5868687629699707
2.5544068813323975
2.4980251789093018
3.045071840286255
3.0325546264648438
2.963043451309204
2.9258110523223877
2.8532514572143555
2.85113263130188
2.7955949306488037
2.7791903018951416
2.7325527667999268
2.668732166290283
3.2815990447998047
3.2065725326538086
3.1771459579467773
3.146698236465454
3.076570510864258
3.040241003036499
2.9870989322662354
2.9206581115722656
2.894038438796997
2.8651223182678223
3.699434995651245
3.6403729915618896
3.5936813354492188
3.5173323154449463
3.460888147354126
3.3923239707946777
3.4062070846557617
3.3466553688049316
3.195028066635132
3.195577383041382
3.1460723876953125
3.0852417945861816
3.0526957511901855
3.027538776397705
2.9372713565826416
2.907562255859375
2.878847360610962
2.8573670387268066
2.8249759674072266
2.7823846340179443
3.1145761013031006
3.060070514678955
3.069049119949341
3.018666982650757
2.956350326538086
2.9145514965057373
2.9465930461883545
2.9042961597442627
2.8369064331054688
2.8338561058044434
2.734541177749634
2.6943891048431396
2.63297963142395
2.624697685241699
2.595388889312744
2.570573329925537
2.5265870094299316
2.4726760387420654
2.4442715644836426
2.4478235244750977
3.1679439544677734
3.1603970527648926
3.161041736602783
3.109750986099243
2.9928324222564697
2.9790589809417725
2.9303722381591797
2.887497901916504
2.8752386569976807
2.8417954444885254
3.4806153774261475
3.3985331058502197
3.4276208877563477
3.291121244430542
3.256807327270508
3.2302210330963135
3.125570774078369
3.1173224449157715
3.048621654510498
3.0393478870391846
3.0935218334198
3.0651774406433105
2.9766948223114014
2.881897449493408
2.8681654930114746
2.7592687606811523
2.7715282440185547
2.730064868927002
2.636486291885376
2.614995002746582
2.8281290531158447
2.785487174987793
2.711243152618408
2.6444473266601562
2.58886981010437
2.5489349365234375
2.5075273513793945
2.4539363384246826
2.3942108154296875
2.365278959274292
2.8623390197753906
2.8333771228790283
2.7198972702026367
2.682966470718384
2.603017568588257
2.5464560985565186
2.4990925788879395
2.476036548614502
2.412341594696045
2.372631788253784
3.0733695030212402
2.9441416263580322
2.924635171890259
2.8516321182250977
2.761171579360962
2.7024548053741455
2.632873296737671
2.614590883255005
2.5675859451293945
2.4640512466430664
2.955838680267334
2.8921244144439697
2.842395782470703
2.786144971847534
2.753220558166504
2.668222665786743
2.597921848297119
2.4934985637664795
2.4595847129821777
2.4474098682403564
3.003368854522705
2.9276201725006104
2.814995765686035
2.758709192276001
2.7740228176116943
2.724821090698242
2.6934945583343506
2.615709066390991
2.5803182125091553
2.565117835998535
2.96016788482666
2.8888394832611084
2.816850185394287
2.873131036758423
2.7625460624694824
2.7466235160827637
2.6947035789489746
2.7057974338531494
2.6459569931030273
2.624211549758911
3.021531105041504
2.9429101943969727
2.933678388595581
2.9088873863220215
2.892308473587036
2.822486400604248
2.8214476108551025
2.781839370727539
2.7540154457092285
2.719507932662964
3.0557680130004883
2.9888885021209717
2.9454853534698486
2.930075168609619
2.863149404525757
2.791011095046997
2.733405351638794
2.6974587440490723
2.6678497791290283
2.6251914501190186
2.7408292293548584
2.704209566116333
2.6570093631744385
2.642752170562744
2.587012767791748
2.5425679683685303
2.4989383220672607
2.4795188903808594
2.433276653289795
2.4021310806274414
2.730142116546631
2.718569278717041
2.6745338439941406
2.6233434677124023
2.580644130706787
2.5516974925994873
2.5268139839172363
2.500744104385376
2.4576632976531982
2.4236130714416504
2.8999953269958496
2.8728678226470947
2.8380489349365234
2.7711634635925293
2.7396957874298096
2.6830496788024902
2.6524059772491455
2.638145685195923
2.5779075622558594
2.539436101913452
3.045623779296875
3.0064828395843506
2.9983530044555664
2.902906894683838
2.8894338607788086
2.809499740600586
2.7791953086853027
2.7463226318359375
2.6963019371032715
2.676345109939575
3.0351433753967285
2.9665722846984863
2.8949620723724365
2.8644299507141113
2.818052053451538
2.78305721282959
2.71144962310791
2.663691520690918
2.6355364322662354
2.5982465744018555
2.8605728149414062
2.846572160720825
2.7536940574645996
2.760561227798462
2.6732542514801025
2.6100637912750244
2.590402841567993
2.536004066467285
2.485985279083252
2.470449686050415
3.0261435508728027
2.9469082355499268
2.9002702236175537
2.871326446533203
2.806638717651367
2.744460105895996
2.6765568256378174
2.626013994216919
2.572058916091919
2.566591501235962
3.2220757007598877
3.1815476417541504
3.108229160308838
3.06179141998291
3.003649950027466
2.972566604614258
2.9191434383392334
2.8462624549865723
2.808434247970581
2.7607340812683105
3.180872678756714
3.115513801574707
3.0742037296295166
3.0362234115600586
2.9509613513946533
2.8922042846679688
2.882371187210083
2.834397554397583
2.7767066955566406
2.735586166381836
2.7803573608398438
2.7700607776641846
2.696338415145874
2.681220769882202
2.6516811847686768
2.6190385818481445
2.586636543273926
2.528653860092163
2.5236992835998535
2.4818663597106934
2.680058240890503
2.6434133052825928
2.6144258975982666
2.588738203048706
2.553107500076294
2.5601236820220947
2.5146324634552
2.491180896759033
2.4569125175476074
2.4465765953063965
2.7623958587646484
2.7261641025543213
2.7109274864196777
2.6909804344177246
2.6167144775390625
2.6058695316314697
2.6061949729919434
2.5637176036834717
2.5306007862091064
2.4949142932891846
2.8597354888916016
2.8167507648468018
2.783924102783203
2.7489283084869385
2.708055019378662
2.6545495986938477
2.637568473815918
2.5801615715026855
2.5403003692626953
2.510587453842163
3.0576610565185547
2.9888193607330322
2.951402187347412
2.9212613105773926
2.868469715118408
2.828352212905884
2.796664237976074
2.7075233459472656
2.6666653156280518
2.59629225730896
3.075714588165283
3.0259180068969727
2.97100830078125
2.930238723754883
2.8581383228302
2.7950453758239746
2.721679449081421
2.6808698177337646
2.6920413970947266
2.6210968494415283
3.178884267807007
3.128958225250244
3.061941623687744
3.0304934978485107
3.0021841526031494
2.9221746921539307
2.8777098655700684
2.8547816276550293
2.781737804412842
2.7630696296691895
2.767916202545166
2.7499043941497803
2.70141863822937
2.6402628421783447
2.608340263366699
2.59271240234375
2.571166515350342
2.5150232315063477
2.502659559249878
2.4826431274414062
2.9791476726531982
2.944082021713257
2.8744118213653564
2.8418996334075928
2.826467514038086
2.755350112915039
2.7294623851776123
2.6871402263641357
2.638465404510498
2.5977559089660645
2.6663665771484375
2.650524616241455
2.6106760501861572
2.57568097114563
2.571560859680176
2.4974148273468018
2.45949649810791
2.4445481300354004
2.413442611694336
2.3610541820526123
2.4679126739501953
2.445403814315796
2.4335997104644775
2.3969247341156006
2.364995002746582
2.327054023742676
2.3094024658203125
2.2954633235931396
2.2428877353668213
2.211834669113159
2.4596753120422363
2.4099183082580566
2.4043495655059814
2.391479253768921
2.366885185241699
2.3392720222473145
2.29803729057312
2.2909812927246094
2.261317253112793
2.213545799255371
2.7303569316864014
2.7013611793518066
2.643493413925171
2.5915496349334717
2.583143949508667
2.551147222518921
2.5316219329833984
2.511582374572754
2.453725576400757
2.4555869102478027
3.087056875228882
3.025386095046997
2.9673261642456055
2.935138463973999
2.9087507724761963
2.8810312747955322
2.8353309631347656
2.788686752319336
2.7780351638793945
2.729825735092163
3.330559492111206
3.269845962524414
3.242920398712158
3.1982738971710205
3.152256488800049
3.0695149898529053
3.0474624633789062
3.0321044921875
2.989194393157959
2.9411489963531494
3.274474859237671
3.2320027351379395
3.1671905517578125
3.131303310394287
3.116767168045044
3.042982339859009
3.0542984008789062
2.937455177307129
2.9501402378082275
2.87868595123291
2.840013265609741
2.792938709259033
2.694908618927002
2.7180726528167725
2.701019763946533
2.6080191135406494
2.5774998664855957
2.540919303894043
2.4712064266204834
2.463047504425049
3.9045562744140625
3.862931489944458
3.775393486022949
3.705112934112549
3.6352286338806152
3.6104111671447754
3.5549144744873047
3.4766480922698975
3.4607551097869873
3.3795595169067383
3.396252393722534
3.3807127475738525
3.324270725250244
3.2837486267089844
3.2380056381225586
3.192196846008301
3.1204545497894287
3.114844799041748
3.0219595432281494
3.0291671752929688
3.202472448348999
3.1288819313049316
3.0782220363616943
3.018580198287964
2.9710328578948975
2.9565513134002686
2.900146961212158
2.8740673065185547
2.8236453533172607
2.802647113800049
3.077664852142334
3.0384609699249268
3.0164854526519775
2.984257221221924
2.903965950012207
2.9019968509674072
2.8265349864959717
2.8232970237731934
2.779595136642456
2.7308855056762695
3.25606632232666
3.2586960792541504
3.185364007949829
3.1117730140686035
3.07259464263916
3.024768590927124
2.994572162628174
2.92555570602417
2.859387159347534
2.8434736728668213
3.4286394119262695
3.3438658714294434
3.3225438594818115
3.245065212249756
3.222562789916992
3.1491007804870605
3.073500633239746
3.068992853164673
3.0049662590026855
2.952291488647461
3.2086191177368164
3.210381507873535
3.106945037841797
3.0876035690307617
3.0032761096954346
2.987971544265747
2.9330620765686035
2.9225878715515137
2.8190078735351562
2.81276273727417
3.2855746746063232
3.227691650390625
3.160987138748169
3.103497266769409
3.093411445617676
2.985179901123047
3.001049280166626
2.88736629486084
2.8577444553375244
2.7995662689208984
2.771080732345581
2.6845836639404297
2.597614288330078
2.580812454223633
2.555297374725342
2.5043251514434814
2.4742634296417236
2.3808326721191406
2.3364663124084473
2.320388078689575
2.367633581161499
2.306497097015381
2.2316579818725586
2.1968488693237305
2.1672799587249756
2.090580940246582
2.0399389266967773
2.0031819343566895
1.9753514528274536
1.947571873664856
2.0124080181121826
1.9742538928985596
1.9322293996810913
1.9026068449020386
1.8408489227294922
1.8274060487747192
1.7835413217544556
1.7703840732574463
1.7150871753692627
1.6747221946716309
1.9071232080459595
1.8373972177505493
1.8043301105499268
1.7611762285232544
1.7347322702407837
1.7136971950531006
1.655397653579712
1.6220507621765137
1.5990980863571167
1.5567493438720703
1.9121453762054443
1.8504964113235474
1.847461223602295
1.7948273420333862
1.7744288444519043
1.7361549139022827
1.6896532773971558
1.6623305082321167
1.668255090713501
1.6124228239059448
2.176100730895996
2.1309008598327637
2.094062566757202
2.048300266265869
2.0435662269592285
1.9660954475402832
1.9309978485107422
1.9374558925628662
1.891906976699829
1.8786424398422241
2.433701992034912
2.431929349899292
2.332502603530884
2.2962839603424072
2.2577896118164062
2.255138874053955
2.218736410140991
2.1507046222686768
2.1419267654418945
2.109677791595459
2.889488697052002
2.870755910873413
2.835221290588379
2.775709390640259
2.744414806365967
2.7169857025146484
2.696352481842041
2.65488600730896
2.6219303607940674
2.578587532043457
2.7758307456970215
2.7799618244171143
2.7300102710723877
2.7006289958953857
2.6650514602661133
2.6442294120788574
2.6208531856536865
2.5686838626861572
2.5301947593688965
2.4967119693756104
2.9061129093170166
2.885637044906616
2.8181495666503906
2.816362142562866
2.776240587234497
2.7400593757629395
2.7490696907043457
2.7311580181121826
2.697409152984619
2.6597957611083984
3.1416001319885254
3.0432848930358887
2.9801461696624756
2.9066359996795654
2.815004587173462
2.7724790573120117
2.6836676597595215
2.6456315517425537
2.591431140899658
2.5173749923706055
2.600970506668091
2.549264669418335
2.508767604827881
2.459554433822632
2.408151865005493
2.3450636863708496
2.315556764602661
2.324476957321167
2.2506346702575684
2.2242937088012695
2.417354106903076
2.3759708404541016
2.337913751602173
2.2957093715667725
2.2915220260620117
2.2232699394226074
2.20064115524292
2.1288928985595703
2.1238255500793457
2.0906786918640137
2.47527813911438
2.465071439743042
2.3804547786712646
2.327784538269043
2.3249318599700928
2.2915732860565186
2.2297565937042236
2.2136969566345215
2.1479783058166504
2.167442560195923
2.7502858638763428
2.7375917434692383
2.6695556640625
2.6056759357452393
2.580594778060913
2.507869243621826
2.488550901412964
2.4239559173583984
2.395703077316284
2.3223962783813477
2.9231350421905518
2.9032809734344482
2.8397467136383057
2.8212227821350098
2.7608556747436523
2.679872751235962
2.627821922302246
2.647090435028076
2.611973762512207
2.5497798919677734
3.153170585632324
3.1783645153045654
3.112215280532837
3.029614210128784
2.951430320739746
2.906475067138672
2.88672137260437
2.805929183959961
2.7922677993774414
2.7559280395507812
2.848809003829956
2.847935199737549
2.748094320297241
2.778425455093384
2.6940619945526123
2.6330580711364746
2.6703035831451416
2.5653417110443115
2.563170909881592
2.5193660259246826
3.028013229370117
2.9835524559020996
2.946995735168457
2.9436635971069336
2.88704776763916
2.868835210800171
2.805267810821533
2.790839910507202
2.7230446338653564
2.7388875484466553
2.35188364982605
2.329091787338257
2.294753074645996
2.2334632873535156
2.203235626220703
2.1546831130981445
2.115281581878662
2.0549497604370117
2.0277276039123535
2.0185797214508057
2.0796847343444824
2.0455386638641357
2.013296365737915
2.003549814224243
1.9678374528884888
1.88651704788208
1.900208592414856
1.8640317916870117
1.8316868543624878
1.84462308883667
1.8984405994415283
1.860473871231079
1.864430546760559
1.8397154808044434
1.7892446517944336
1.760176181793213
1.7564250230789185
1.7393566370010376
1.6924679279327393
1.6835565567016602
2.0359859466552734
2.009615421295166
2.0034492015838623
1.9360681772232056
1.937788486480713
1.9227383136749268
1.8942759037017822
1.8684158325195312
1.8742191791534424
1.8404645919799805
2.373882293701172
2.34100604057312
2.3247125148773193
2.3122386932373047
2.2543556690216064
2.2470450401306152
2.229635238647461
2.212261199951172
2.1568593978881836
2.098069429397583
2.4670753479003906
2.430032730102539
2.3853936195373535
2.3791205883026123
2.3552303314208984
2.3124780654907227
2.2892706394195557
2.259467840194702
2.253145456314087
2.1956586837768555
2.7542519569396973
2.74521803855896
2.7464327812194824
2.694976329803467
2.66511607170105
2.59580659866333
2.574631452560425
2.5335869789123535
2.5050718784332275
2.4530317783355713
3.1108105182647705
3.105571746826172
3.047743082046509
2.996675968170166
3.018505096435547
2.8961174488067627
2.853315830230713
2.862849473953247
2.769543170928955
2.7552990913391113
3.010006904602051
2.9881362915039062
2.9448037147521973
2.906425714492798
2.878490447998047
2.8501992225646973
2.809593677520752
2.7618327140808105
2.7311034202575684
2.6675262451171875
3.015239953994751
2.9662699699401855
2.888099431991577
2.855652332305908
2.812201976776123
2.7587902545928955
2.7064685821533203
2.6668107509613037
2.619385242462158
2.5847067832946777
2.578622341156006
2.5425796508789062
2.4883785247802734
2.481123685836792
2.4201743602752686
2.412053108215332
2.369602680206299
2.3376388549804688
2.2970521450042725
2.2793493270874023
2.3810935020446777
2.330111265182495
2.2973880767822266
2.280698776245117
2.2712581157684326
2.224696636199951
2.1949472427368164
2.1800644397735596
2.1536030769348145
2.127702236175537
2.398190975189209
2.373603105545044
2.3531830310821533
2.315800189971924
2.2996625900268555
2.2516961097717285
2.2243971824645996
2.1933717727661133
2.1967575550079346
2.178683280944824
2.6192543506622314
2.573281764984131
2.5614826679229736
2.5469651222229004
2.4768290519714355
2.524787425994873
2.4662420749664307
2.4383649826049805
2.4367315769195557
2.4400949478149414
2.8966667652130127
2.8632209300994873
2.8249356746673584
2.854463577270508
2.7787156105041504
2.7628064155578613
2.7360739707946777
2.7084505558013916
2.707012414932251
2.707010269165039
3.06728196144104
2.9962072372436523
3.018874168395996
2.9757354259490967
2.957911968231201
2.9041707515716553
2.857799768447876
2.8724136352539062
2.8579139709472656
2.8254849910736084
2.9700355529785156
2.9274449348449707
2.9101202487945557
2.85740065574646
2.8127005100250244
2.8384687900543213
2.7915687561035156
2.7644855976104736
2.729961633682251
2.674417495727539
3.152557134628296
3.074587821960449
3.0992321968078613
3.0279693603515625
3.0244498252868652
3.0131163597106934
2.9335360527038574
2.9376320838928223
2.884500026702881
2.852560520172119
3.1847264766693115
3.1031720638275146
3.045628547668457
3.003180980682373
2.942969560623169
2.89414119720459
2.8106791973114014
2.7632901668548584
2.7219977378845215
2.6847362518310547
2.708576202392578
2.641988515853882
2.6249523162841797
2.5643558502197266
2.5135598182678223
2.493324041366577
2.45391583442688
2.385936737060547
2.3689162731170654
2.320432186126709
2.6215271949768066
2.5376787185668945
2.4961435794830322
2.458235740661621
2.4355199337005615
2.3841567039489746
2.385399341583252
2.3412301540374756
2.315929412841797
2.2678744792938232
2.6635894775390625
2.6186413764953613
2.581341505050659
2.5214240550994873
2.494670867919922
2.4073503017425537
2.3897323608398438
2.360172748565674
2.372080087661743
2.3289382457733154
2.6796212196350098
2.625717878341675
2.5622494220733643
2.5209686756134033
2.470212936401367
2.4265129566192627
2.405985116958618
2.372490882873535
2.338312864303589
2.2228524684906006
2.99117112159729
2.9088897705078125
2.8951520919799805
2.8014919757843018
2.7960803508758545
2.721790075302124
2.6728708744049072
2.6196587085723877
2.5963547229766846
2.5302653312683105
2.864924430847168
2.7986180782318115
2.754528045654297
2.6979639530181885
2.6376869678497314
2.5949997901916504
2.570625066757202
2.588895082473755
2.4968528747558594
2.441030263900757
2.8668596744537354
2.816394805908203
2.761082172393799
2.747063636779785
2.668926239013672
2.64404559135437
2.64251971244812
2.5672354698181152
2.5659141540527344
2.5000314712524414
3.0523736476898193
2.9720184803009033
2.8785908222198486
2.8885293006896973
2.827117681503296
2.8261520862579346
2.73832106590271
2.6918654441833496
2.684785842895508
2.6249611377716064
3.623868465423584
3.5753517150878906
3.5419037342071533
3.4814395904541016
3.439541816711426
3.3792102336883545
3.350964069366455
3.291783094406128
3.263782262802124
3.2211973667144775
3.3168437480926514
3.2924697399139404
3.2385189533233643
3.190335273742676
3.1823184490203857
3.1222331523895264
3.0876002311706543
3.035341739654541
3.0186264514923096
3.01973557472229
3.2634215354919434
3.2251031398773193
3.1631805896759033
3.1199228763580322
3.09298038482666
3.0431501865386963
2.98895001411438
2.9905238151550293
2.8998641967773438
2.921751022338867
3.3895905017852783
3.363208532333374
3.2721757888793945
3.212536096572876
3.1718246936798096
3.1195993423461914
3.057744026184082
3.03300142288208
2.9835562705993652
2.951411485671997
3.5659258365631104
3.4453909397125244
3.45625901222229
3.3607330322265625
3.3036162853240967
3.242358446121216
3.199826717376709
3.1611363887786865
3.123669385910034
3.080033779144287
3.262341260910034
3.1913721561431885
3.1177282333374023
3.09125018119812
3.0322964191436768
2.9995017051696777
2.9358503818511963
2.9010424613952637
2.8563129901885986
2.8483810424804688
3.438430070877075
3.3728933334350586
3.3275644779205322
3.3271021842956543
3.2391154766082764
3.2186386585235596
3.1801393032073975
3.145622968673706
3.1216373443603516
3.077897548675537
3.010819911956787
2.9797234535217285
2.966033458709717
2.8830833435058594
2.849203109741211
2.8089349269866943
2.7643516063690186
2.7718262672424316
2.6999423503875732
2.6974940299987793
3.1445960998535156
3.0901238918304443
3.0594959259033203
3.0436415672302246
3.019907236099243
2.9301135540008545
2.8996896743774414
2.8198764324188232
2.8079514503479004
2.756344795227051
3.3532216548919678
3.2854881286621094
3.230454921722412
3.1850688457489014
3.135427474975586
3.1046197414398193
3.0353031158447266
2.9870553016662598
2.9678919315338135
2.9159038066864014
2.9530680179595947
2.919286012649536
2.887692928314209
2.8448359966278076
2.824138641357422
2.7660973072052
2.7287774085998535
2.685926914215088
2.6796979904174805
2.631513833999634
2.790586233139038
2.7217235565185547
2.7118947505950928
2.681915044784546
2.610623359680176
2.613227367401123
2.594686985015869
2.524102210998535
2.508545398712158
2.4911792278289795
2.7404556274414062
2.6882054805755615
2.654721736907959
2.6244115829467773
2.5829784870147705
2.5468947887420654
2.5233352184295654
2.5011749267578125
2.470104217529297
2.435901641845703
2.740652084350586
2.7164306640625
2.6665022373199463
2.605393886566162
2.5788397789001465
2.5516693592071533
2.520781993865967
2.4793107509613037
2.4591355323791504
2.4182686805725098
2.9251835346221924
2.8884432315826416
2.8111791610717773
2.7901418209075928
2.7470545768737793
2.7041120529174805
2.6433770656585693
2.623823881149292
2.591075897216797
2.5597023963928223
3.1515610218048096
3.1113762855529785
3.0982234477996826
3.043501138687134
2.98972225189209
2.9459948539733887
2.9024112224578857
2.8391926288604736
2.815734386444092
2.7799572944641113
3.3964996337890625
3.3570327758789062
3.2875847816467285
3.2592573165893555
3.2155075073242188
3.207275629043579
3.123039722442627
3.079073190689087
3.053809642791748
3.0275113582611084
3.684915065765381
3.6472887992858887
3.5820488929748535
3.5395917892456055
3.495987892150879
3.4518017768859863
3.387056827545166
3.39947772026062
3.3479485511779785
3.259883165359497
2.9545137882232666
2.903536081314087
2.8464574813842773
2.777404546737671
2.725996494293213
2.668684482574463
2.649142026901245
2.587094783782959
2.505707025527954
2.4863154888153076
2.647252321243286
2.593961715698242
2.542558193206787
2.5539968013763428
2.447603702545166
2.4312992095947266
2.3859949111938477
2.3310673236846924
2.2884016036987305
2.264617443084717
2.4959731101989746
2.46574330329895
2.4224417209625244
2.386202335357666
2.348508358001709
2.3337514400482178
2.2966792583465576
2.266834020614624
2.225857973098755
2.1895275115966797
2.705717086791992
2.6595418453216553
2.6048126220703125
2.5778818130493164
2.507784366607666
2.472897529602051
2.4173357486724854
2.339871883392334
2.2984073162078857
2.282280206680298
2.899630069732666
2.8276383876800537
2.7649471759796143
2.698725938796997
2.693087100982666
2.5834853649139404
2.563986301422119
2.4572885036468506
2.4492149353027344
2.3714287281036377
3.1162922382354736
3.020580530166626
2.908386468887329
2.8473281860351562
2.7551934719085693
2.6756296157836914
2.601288080215454
2.575779676437378
2.4905893802642822
2.49528431892395
2.9119699001312256
2.8339664936065674
2.796020269393921
2.7092509269714355
2.727693557739258
2.60543155670166
2.564919948577881
2.52067494392395
2.4339635372161865
2.4447503089904785
2.7923126220703125
2.7075412273406982
2.6204171180725098
2.5475053787231445
2.5423848628997803
2.456608295440674
2.4032957553863525
2.358560085296631
2.31498384475708
2.2420427799224854
2.704599142074585
2.661410093307495
2.584904193878174
2.5727407932281494
2.5113275051116943
2.431572198867798
2.41831636428833
2.336327314376831
2.284248113632202
2.230708122253418
2.4826669692993164
2.3717715740203857
2.3109006881713867
2.2784135341644287
2.202263593673706
2.1415305137634277
2.0946035385131836
2.062485456466675
1.9610519409179688
1.888567566871643
2.0959010124206543
2.0631601810455322
2.0223772525787354
1.9548426866531372
1.927453875541687
1.880334496498108
1.8716155290603638
1.8038365840911865
1.7661056518554688
1.749544620513916
1.9674882888793945
1.9549412727355957
1.90281343460083
1.8853297233581543
1.8343491554260254
1.7942944765090942
1.7556427717208862
1.7179992198944092
1.705521821975708
1.6663671731948853
2.2088565826416016
2.157902479171753
2.1021153926849365
2.113895893096924
2.0369491577148438
2.00699520111084
1.9840255975723267
1.9532907009124756
1.9388368129730225
1.887341856956482
2.5094523429870605
2.4563279151916504
2.4447057247161865
2.3529953956604004
2.371246576309204
2.3424718379974365
2.2971105575561523
2.2583019733428955
2.254392385482788
2.199537754058838
2.996065855026245
2.968832015991211
2.91243314743042
2.85414981842041
2.821608781814575
2.748417377471924
2.7440297603607178
2.6743807792663574
2.627794027328491
2.614776849746704
2.753194570541382
2.7163944244384766
2.6620712280273438
2.651014566421509
2.598404884338379
2.585472345352173
2.521777391433716
2.490556001663208
2.484930992126465
2.4420411586761475
2.96026611328125
2.8993685245513916
2.9200544357299805
2.8564162254333496
2.844668388366699
2.796048402786255
2.7359619140625
2.6939330101013184
2.664621114730835
2.64784836769104
3.1560521125793457
3.132800817489624
3.0844860076904297
3.011514186859131
3.0097343921661377
2.9570553302764893
2.914210796356201
2.8467137813568115
2.8700180053710938
2.791644334793091
2.3362956047058105
2.279360294342041
2.219835042953491
2.170656442642212
2.132981300354004
2.0747921466827393
2.021634340286255
1.96933114528656
1.9273192882537842
1.883876085281372
2.0692288875579834
2.0194568634033203
1.9744055271148682
1.930193543434143
1.898585319519043
1.8749653100967407
1.819663643836975
1.7895152568817139
1.7747594118118286
1.7422442436218262
1.998841404914856
1.9831852912902832
1.950091004371643
1.926637887954712
1.9020888805389404
1.854090929031372
1.8398106098175049
1.8004945516586304
1.7829176187515259
1.7506024837493896
2.0722546577453613
2.054786205291748
1.9976975917816162
1.9559228420257568
1.9566550254821777
1.9133751392364502
1.9056707620620728
1.870723009109497
1.8372669219970703
1.8130184412002563
2.3782119750976562
2.346693277359009
2.270594596862793
2.256854295730591
2.2089221477508545
2.1727967262268066
2.0962696075439453
2.0726139545440674
2.0229270458221436
2.0062055587768555
2.5792508125305176
2.5621135234832764
2.4895873069763184
2.4426681995391846
2.413966178894043
2.3588497638702393
2.285630226135254
2.2676897048950195
2.2395200729370117
2.158310890197754
2.7893896102905273
2.7170588970184326
2.6508102416992188
2.6521735191345215
2.5604453086853027
2.544433832168579
2.5103390216827393
2.4337525367736816
2.389695644378662
2.3890163898468018
2.7938449382781982
2.726482629776001
2.675467014312744
2.6237642765045166
2.6198627948760986
2.535005807876587
2.5116677284240723
2.476954460144043
2.449821710586548
2.4222311973571777
2.732731819152832
2.6798315048217773
2.6306543350219727
2.586655378341675
2.5651631355285645
2.5520293712615967
2.4925038814544678
2.456259250640869
2.4053542613983154
2.3685083389282227
1.2140103578567505
1.1833949089050293
1.127145528793335
1.093454360961914
1.0739821195602417
1.039180874824524
1.0119051933288574
0.9835034608840942
0.9731372594833374
0.9255935549736023
1.2834978103637695
1.2640495300292969
1.2053704261779785
1.2139551639556885
1.1825116872787476
1.1364519596099854
1.1195317506790161
1.1068352460861206
1.089761734008789
1.0667991638183594
1.4396679401397705
1.438961148262024
1.3893824815750122
1.3807094097137451
1.376495361328125
1.3358798027038574
1.3329463005065918
1.2996622323989868
1.2762439250946045
1.282618761062622
1.7599996328353882
1.7537012100219727
1.6990995407104492
1.6933810710906982
1.6799644231796265
1.647715449333191
1.6134490966796875
1.5985138416290283
1.5948495864868164
1.5672571659088135
2.26456880569458
2.198824644088745
2.147693157196045
2.075981616973877
2.0559799671173096
2.0124876499176025
2.009760618209839
1.9382731914520264
1.9162344932556152
1.893185019493103
2.6239120960235596
2.5371599197387695
2.480717658996582
2.4519600868225098
2.4433209896087646
2.4027788639068604
2.3319356441497803
2.2883667945861816
2.290198564529419
2.2205970287323
2.9858157634735107
2.9273946285247803
2.827030658721924
2.7923011779785156
2.733382225036621
2.6632320880889893
2.6087374687194824
2.619668483734131
2.5130279064178467
2.4469306468963623
2.473475694656372
2.4561243057250977
2.375253915786743
2.305473804473877
2.271623134613037
2.2347240447998047
2.177529811859131
2.153831720352173
2.111607313156128
2.0560991764068604
2.891014814376831
2.8951704502105713
2.8294034004211426
2.7920918464660645
2.7347583770751953
2.6870250701904297
2.639853000640869
2.633315086364746
2.5652902126312256
2.5205981731414795
2.584759473800659
2.504629373550415
2.419227123260498
2.3415400981903076
2.282686948776245
2.186145544052124
2.1107938289642334
2.062406301498413
1.9849083423614502
1.9315160512924194
2.066256284713745
2.03558611869812
1.9774075746536255
1.9310187101364136
1.9061589241027832
1.8259462118148804
1.810941219329834
1.7515710592269897
1.6958235502243042
1.6910511255264282
1.9776383638381958
1.9135727882385254
1.9113072156906128
1.8532283306121826
1.8162569999694824
1.7864948511123657
1.7760387659072876
1.721503496170044
1.7097111940383911
1.6778701543807983
2.1845831871032715
2.1564507484436035
2.1297969818115234
2.0980687141418457
2.055771589279175
2.028902769088745
1.998579740524292
1.986318826675415
1.9490740299224854
1.914373755455017
2.6964564323425293
2.656212091445923
2.6234564781188965
2.5590641498565674
2.5331695079803467
2.469057559967041
2.4349865913391113
2.428866386413574
2.387575149536133
2.3151915073394775
2.885849714279175
2.8208038806915283
2.7715089321136475
2.7412426471710205
2.7167162895202637
2.672670841217041
2.6450541019439697
2.599540948867798
2.5741922855377197
2.524020195007324
2.764238119125366
2.7277793884277344
2.7038538455963135
2.6432607173919678
2.617969274520874
2.5872888565063477
2.5652942657470703
2.514697313308716
2.4854698181152344
2.4914581775665283
2.9698758125305176
2.9320569038391113
2.900540828704834
2.858389139175415
2.8387274742126465
2.78470516204834
2.7545313835144043
2.745316505432129
2.6975979804992676
2.63464093208313
2.816852569580078
2.755115032196045
2.741980791091919
2.6957449913024902
2.6519434452056885
2.651885509490967
2.611403226852417
2.5722744464874268
2.5162057876586914
2.453925371170044
2.388810634613037
2.3375842571258545
2.273954391479492
2.2224481105804443
2.1511402130126953
2.1055452823638916
2.098068952560425
2.0339252948760986
1.9820069074630737
1.9534587860107422
2.1504197120666504
2.099250078201294
2.041419744491577
2.002891778945923
1.9648492336273193
1.9100196361541748
1.8686918020248413
1.812052607536316
1.7620863914489746
1.7530232667922974
2.0291812419891357
1.9966379404067993
1.911913275718689
1.8823506832122803
1.8438701629638672
1.7871342897415161
1.7568795680999756
1.7311174869537354
1.718693494796753
1.672239899635315
2.3222923278808594
2.2513763904571533
2.236886978149414
2.2132153511047363
2.113234043121338
2.0803306102752686
2.0422065258026123
2.018709182739258
1.966724157333374
1.9434229135513306
2.583909511566162
2.55649995803833
2.5183212757110596
2.4695076942443848
2.4546337127685547
2.385793924331665
2.353198528289795
2.2913947105407715
2.2721118927001953
2.2382900714874268
2.6235644817352295
2.5847339630126953
2.5329573154449463
2.498114585876465
2.4631128311157227
2.423159122467041
2.385690689086914
2.365359306335449
2.3463294506073
2.286773681640625
2.7941269874572754
2.769296646118164
2.717384099960327
2.65566086769104
2.624105453491211
2.559373617172241
2.5743091106414795
2.5138957500457764
2.512112617492676
2.4676427841186523
2.7305355072021484
2.677642822265625
2.654738187789917
2.6592214107513428
2.604111433029175
2.584455728530884
2.553744077682495
2.4813215732574463
2.4956135749816895
2.4552526473999023
3.010470151901245
3.0043671131134033
2.9938254356384277
2.9298436641693115
2.9261865615844727
2.912626266479492
2.839559555053711
2.83594012260437
2.809690475463867
2.7631988525390625
2.555158853530884
2.4923996925354004
2.41699481010437
2.3492982387542725
2.278524398803711
2.2314682006835938
2.1636171340942383
2.112537145614624
2.0565826892852783
2.029606342315674
2.1154491901397705
2.065120220184326
2.027716636657715
2.000925064086914
1.936672329902649
1.9499812126159668
1.8925840854644775
1.885283350944519
1.8547371625900269
1.812242031097412
2.0418949127197266
2.0249593257904053
2.0006914138793945
1.9512135982513428
1.9526684284210205
1.922930359840393
1.8992441892623901
1.8837260007858276
1.8583617210388184
1.830580472946167
2.216116189956665
2.1767935752868652
2.150333881378174
2.1219773292541504
2.1333296298980713
2.0903403759002686
2.040085792541504
2.03969144821167
2.0103375911712646
1.9513719081878662
2.49847412109375
2.4837825298309326
2.419614553451538
2.3801345825195312
2.3489997386932373
2.3267178535461426
2.2742106914520264
2.25252628326416
2.218275785446167
2.1843929290771484
2.9468443393707275
2.8845999240875244
2.8460731506347656
2.784843683242798
2.769528865814209
2.738574981689453
2.6781718730926514
2.650855541229248
2.5913796424865723
2.543970823287964
3.2438888549804688
3.2117836475372314
3.173398733139038
3.123589277267456
3.0785374641418457
3.0477192401885986
2.9893386363983154
2.9893620014190674
2.9131288528442383
2.897815704345703
3.0512351989746094
2.983546733856201
2.9277305603027344
2.8954555988311768
2.875467300415039
2.8463211059570312
2.8396334648132324
2.763070821762085
2.7577602863311768
2.719965934753418
2.974858283996582
2.944395065307617
2.9388275146484375
2.931758403778076
2.8731441497802734
2.8107705116271973
2.834139108657837
2.749054431915283
2.7628285884857178
2.7244415283203125
3.406031370162964
3.3202030658721924
3.2249975204467773
3.173827886581421
3.0822689533233643
3.0397560596466064
2.996234178543091
2.919337511062622
2.862760543823242
2.8025312423706055
2.762833595275879
2.7082631587982178
2.6374332904815674
2.616093397140503
2.5772061347961426
2.556356906890869
2.5034894943237305
2.463158369064331
2.4434103965759277
2.382941246032715
2.4417154788970947
2.3738763332366943
2.3565847873687744
2.3496503829956055
2.28422474861145
2.2816543579101562
2.2055625915527344
2.200547695159912
2.1680541038513184
2.1407930850982666
2.31903076171875
2.314272403717041
2.271277666091919
2.2516212463378906
2.236499071121216
2.2135238647460938
2.2129712104797363
2.1807103157043457
2.135617733001709
2.113212823867798
2.3754477500915527
2.367236614227295
2.3720436096191406
2.3163857460021973
2.285651445388794
2.2713522911071777
2.266847610473633
2.213364839553833
2.1707804203033447
2.1611745357513428
2.7080814838409424
2.6909596920013428
2.6410465240478516
2.611726760864258
2.5490758419036865
2.5294950008392334
2.5211286544799805
2.4935483932495117
2.4189672470092773
2.4014196395874023
3.0572447776794434
3.038616418838501
3.0166306495666504
2.929147481918335
2.897188901901245
2.8635342121124268
2.778393030166626
2.7795894145965576
2.739090919494629
2.686636209487915
3.505859136581421
3.3915493488311768
3.366748571395874
3.293516159057617
3.248746395111084
3.222940683364868
3.190507650375366
3.1208112239837646
3.0803334712982178
3.0583014488220215
3.157646656036377
3.1232752799987793
3.0967414379119873
3.056758403778076
3.0271167755126953
2.9392669200897217
2.8996548652648926
2.8581459522247314
2.8274989128112793
2.790135145187378
2.65299391746521
2.5733330249786377
2.507721424102783
2.4413650035858154
2.397827386856079
2.3156111240386963
2.273444414138794
2.2252180576324463
2.1443920135498047
2.1197121143341064
2.2085628509521484
2.144627094268799
2.092442274093628
2.0650405883789062
2.0326266288757324
1.9813956022262573
1.9310249090194702
1.9169386625289917
1.8665010929107666
1.821291446685791
2.1587789058685303
2.114232063293457
2.0552146434783936
2.0240814685821533
1.9688881635665894
1.9136954545974731
1.893510341644287
1.8466041088104248
1.804072618484497
1.7738168239593506
2.2703778743743896
2.218437910079956
2.146446466445923
2.095728635787964
2.053567409515381
1.995575189590454
1.9819519519805908
1.9159249067306519
1.8743884563446045
1.856522798538208
2.5876288414001465
2.5004405975341797
2.4410245418548584
2.402097463607788
2.3625197410583496
2.3086647987365723
2.263727903366089
2.22571063041687
2.2000889778137207
2.161604642868042
2.858020544052124
2.808218479156494
2.792318344116211
2.7168941497802734
2.6799423694610596
2.620868444442749
2.593130350112915
2.5401272773742676
2.49228835105896
2.4409470558166504
2.918055772781372
2.8624966144561768
2.832850217819214
2.799053907394409
2.7668235301971436
2.709040880203247
2.681633472442627
2.6291611194610596
2.617297649383545
2.5468523502349854
2.7955381870269775
2.7176215648651123
2.6787209510803223
2.668253183364868
2.606511116027832
2.575191020965576
2.5207319259643555
2.4948549270629883
2.4412312507629395
2.4378042221069336
2.8715221881866455
2.8117761611938477
2.7860233783721924
2.757404088973999
2.688889265060425
2.6737353801727295
2.626276969909668
2.5862627029418945
2.566434144973755
2.5291991233825684
2.0965688228607178
2.0730066299438477
2.0043880939483643
1.980644941329956
1.9551732540130615
1.9255268573760986
1.8862709999084473
1.8575994968414307
1.8166536092758179
1.7640371322631836
1.9623873233795166
1.9422906637191772
1.9259008169174194
1.8858261108398438
1.8507105112075806
1.8229039907455444
1.788199782371521
1.755179762840271
1.7256579399108887
1.71847403049469
1.9001957178115845
1.8997752666473389
1.8621323108673096
1.837421178817749
1.8044767379760742
1.7767866849899292
1.785117268562317
1.7397661209106445
1.7252377271652222
1.6907143592834473
2.101332187652588
2.0607521533966064
2.034194231033325
2.028676986694336
1.9882290363311768
1.9802695512771606
1.9665483236312866
1.9265412092208862
1.887522578239441
1.8820700645446777
2.422741651535034
2.362563133239746
2.362098217010498
2.325014591217041
2.3185300827026367
2.2548768520355225
2.227855682373047
2.1891727447509766
2.1808221340179443
2.1614348888397217
2.910255193710327
2.866368055343628
2.8316519260406494
2.7835171222686768
2.7767443656921387
2.736025333404541
2.701692819595337
2.6778171062469482
2.6974525451660156
2.6307618618011475
3.4265239238739014
3.385591506958008
3.3565335273742676
3.331195116043091
3.283310651779175
3.242469310760498
3.2103688716888428
3.159702777862549
3.1467878818511963
3.097658634185791
3.1764793395996094
3.144275188446045
3.0841073989868164
3.049264430999756
3.020763397216797
2.9755759239196777
2.955734968185425
2.934924602508545
2.8949506282806396
2.8907628059387207
3.3270769119262695
3.317701816558838
3.249605417251587
3.2395424842834473
3.1758453845977783
3.180126190185547
3.116309881210327
3.08912992477417
3.095376491546631
3.052278518676758
2.2395031452178955
2.208162546157837
2.1595654487609863
2.1172420978546143
2.104541778564453
2.070039749145508
2.011977195739746
1.98129403591156
1.9526984691619873
1.9226807355880737
2.0804426670074463
2.0558362007141113
2.0221264362335205
1.9794286489486694
1.949114203453064
1.9031124114990234
1.8847787380218506
1.862424612045288
1.8227287530899048
1.782243251800537
2.134822368621826
2.085150718688965
2.040766716003418
1.996789813041687
1.9771077632904053
1.9492875337600708
1.894560694694519
1.8772300481796265
1.8608289957046509
1.8169913291931152
2.268298864364624
2.216108798980713
2.153698444366455
2.124735116958618
2.103616237640381
2.0506484508514404
2.0210165977478027
1.992355465888977
1.9230512380599976
1.9184170961380005
2.442981481552124
2.383542537689209
2.335099935531616
2.3036935329437256
2.252236843109131
2.2096195220947266
2.1841766834259033
2.1675477027893066
2.119779586791992
2.087869882583618
2.7010366916656494
2.63230299949646
2.6005568504333496
2.590708017349243
2.528050422668457
2.514127492904663
2.4938621520996094
2.4298806190490723
2.42657208442688
2.406876564025879
2.842343330383301
2.7753522396087646
2.7493884563446045
2.7011630535125732
2.665201425552368
2.639045000076294
2.5926928520202637
2.5917913913726807
2.515486001968384
2.5308218002319336
2.988985061645508
2.941523313522339
2.9062912464141846
2.901139736175537
2.8336970806121826
2.813894271850586
2.7592360973358154
2.6927433013916016
2.6659090518951416
2.6674389839172363
2.98819899559021
2.9498462677001953
2.9081544876098633
2.9007062911987305
2.838468313217163
2.805265426635742
2.7785654067993164
2.7425951957702637
2.692948579788208
2.634178876876831
4.1244425773620605
4.062658786773682
3.990337371826172
3.9568965435028076
3.8624958992004395
3.806039571762085
3.752755880355835
3.7081921100616455
3.660135269165039
3.613819122314453
3.5560593605041504
3.498004674911499
3.478092908859253
3.390397310256958
3.356053590774536
3.312678098678589
3.2602086067199707
3.2090237140655518
3.1913087368011475
3.134650230407715
3.3032476902008057
3.2368319034576416
3.2133493423461914
3.1546761989593506
3.126241683959961
3.057119846343994
3.040928363800049
2.9799294471740723
2.958068370819092
2.9062912464141846
3.203984498977661
3.161334991455078
3.0926401615142822
3.065896511077881
3.0115907192230225
2.9748101234436035
2.925278902053833
2.8871686458587646
2.8707942962646484
2.83941388130188
3.2113795280456543
3.2031712532043457
3.1568636894226074
3.123504638671875
3.0617141723632812
3.008017063140869
2.974895477294922
2.966059446334839
2.937753438949585
2.8687744140625
3.534360885620117
3.485647201538086
3.4557077884674072
3.371941566467285
3.3607065677642822
3.336836338043213
3.2576801776885986
3.2472946643829346
3.190592050552368
3.1765260696411133
3.2782797813415527
3.2541146278381348
3.2171363830566406
3.1761107444763184
3.1596527099609375
3.078559637069702
3.0813889503479004
3.00521183013916
3.0065531730651855
2.960392951965332
3.6656699180603027
3.6411337852478027
3.571737051010132
3.5255062580108643
3.4751272201538086
3.4479284286499023
3.3578410148620605
3.3252623081207275
3.274998903274536
3.2687673568725586
3.2286081314086914
3.1948370933532715
3.14350962638855
3.117614507675171
3.0981414318084717
3.0650634765625
3.0006299018859863
2.991340398788452
2.925650119781494
2.8859362602233887
3.548250675201416
3.451699733734131
3.378293037414551
3.2684121131896973
3.1842079162597656
3.1012892723083496
3.0593197345733643
2.9473345279693604
2.876163959503174
2.807523012161255
2.919419050216675
2.800367832183838
2.7503976821899414
2.700061321258545
2.625272274017334
2.559957265853882
2.5103759765625
2.454310894012451
2.41101336479187
2.319138765335083
2.5555660724639893
2.4844298362731934
2.480661153793335
2.4302237033843994
2.38529372215271
2.327265739440918
2.29276442527771
2.248960494995117
2.257633686065674
2.186352491378784
2.7269246578216553
2.6516661643981934
2.6338188648223877
2.5938868522644043
2.5312469005584717
2.496227264404297
2.4475064277648926
2.4198691844940186
2.4037647247314453
2.335031032562256
2.7590670585632324
2.6933398246765137
2.654714584350586
2.6238958835601807
2.5751583576202393
2.5014703273773193
2.483846426010132
2.4217543601989746
2.422149658203125
2.356627941131592
3.1244969367980957
3.0311501026153564
2.9814493656158447
2.9601314067840576
2.8924224376678467
2.8604719638824463
2.805555582046509
2.773585319519043
2.715406894683838
2.7003438472747803
3.2286410331726074
3.2117154598236084
3.156393527984619
3.1096878051757812
3.0580363273620605
2.9803969860076904
2.9437336921691895
2.8953874111175537
2.8652572631835938
2.8005714416503906
3.054830312728882
2.986934185028076
2.9416420459747314
2.9114489555358887
2.8766658306121826
2.8778672218322754
2.821094512939453
2.7949869632720947
2.739807367324829
2.7365965843200684
3.0665769577026367
3.0738492012023926
3.0538854598999023
3.012605905532837
2.949760913848877
2.926710605621338
2.8636555671691895
2.9121103286743164
2.819600820541382
2.8077657222747803
3.3613593578338623
3.231261968612671
3.1633293628692627
3.121365547180176
3.0363640785217285
2.9777071475982666
2.8960015773773193
2.856872081756592
2.786867380142212
2.736668109893799
2.8856048583984375
2.792903423309326
2.7332069873809814
2.709850311279297
2.6631019115448
2.6163644790649414
2.5689594745635986
2.535587787628174
2.48545503616333
2.421808958053589
2.7189528942108154
2.655259847640991
2.6255388259887695
2.5767548084259033
2.525977373123169
2.45820951461792
2.4261858463287354
2.4005558490753174
2.3352162837982178
2.356808662414551
2.812925338745117
2.785053253173828
2.7073025703430176
2.679378032684326
2.601649761199951
2.5800983905792236
2.5090880393981934
2.4957115650177
2.476330280303955
2.441598892211914
3.0776543617248535
3.0484743118286133
2.983477830886841
2.9405295848846436
2.9314208030700684
2.816948890686035
2.81646728515625
2.7566184997558594
2.737208366394043
2.6996307373046875
3.114187717437744
3.0650928020477295
3.0030343532562256
2.9534265995025635
2.900824546813965
2.848416805267334
2.871666669845581
2.7787747383117676
2.7157745361328125
2.6892926692962646
3.3521385192871094
3.332597494125366
3.2952470779418945
3.2420408725738525
3.1829142570495605
3.1005330085754395
3.0720784664154053
3.0519521236419678
2.99753475189209
2.94818115234375
3.438352108001709
3.4099884033203125
3.344735860824585
3.2758116722106934
3.2519404888153076
3.164268970489502
3.167375087738037
3.1078503131866455
3.0615594387054443
2.9963672161102295
3.067648410797119
3.026378631591797
2.9744553565979004
2.9483604431152344
2.8787171840667725
2.8727118968963623
2.8434739112854004
2.8001744747161865
2.776822566986084
2.7157399654388428
2.6331350803375244
2.5512917041778564
2.4638426303863525
2.4340598583221436
2.3301804065704346
2.2759816646575928
2.189098358154297
2.1548633575439453
2.088757276535034
2.0503079891204834
2.1499156951904297
2.105808973312378
2.054947853088379
2.0267720222473145
1.9600515365600586
1.9370105266571045
1.8818800449371338
1.8815174102783203
1.8299334049224854
1.7987490892410278
2.042907238006592
1.9972831010818481
1.9865776300430298
1.9430476427078247
1.8922908306121826
1.8744468688964844
1.8352822065353394
1.7988200187683105
1.7762882709503174
1.754758596420288
2.0593199729919434
2.0415475368499756
2.031888723373413
1.9764199256896973
1.9970637559890747
1.917742371559143
1.8866939544677734
1.855094313621521
1.8312267065048218
1.8328009843826294
2.405015230178833
2.3851168155670166
2.30981183052063
2.2941179275512695
2.235126256942749
2.211998224258423
2.1602847576141357
2.1145999431610107
2.0793941020965576
2.05968976020813
2.6034090518951416
2.560441493988037
2.501863479614258
2.4251227378845215
2.382042646408081
2.3381497859954834
2.3234851360321045
2.256518602371216
2.2021639347076416
2.1772751808166504
2.8594841957092285
2.777341604232788
2.7305803298950195
2.655241012573242
2.6346120834350586
2.6021180152893066
2.5494771003723145
2.4565765857696533
2.4212255477905273
2.3799352645874023
2.8673014640808105
2.775826930999756
2.7426602840423584
2.714599132537842
2.6394541263580322
2.6636977195739746
2.587031602859497
2.536175012588501
2.5325448513031006
2.4522697925567627
2.9925243854522705
2.9592180252075195
2.9391353130340576
2.870776414871216
2.8409743309020996
2.8109259605407715
2.761842727661133
2.723336696624756
2.7114508152008057
2.628525733947754
2.377584218978882
2.3302056789398193
2.2750327587127686
2.222080707550049
2.190433979034424
2.1371829509735107
2.0850372314453125
2.040656566619873
2.008181571960449
1.9769554138183594
2.163144588470459
2.1025686264038086
2.0727179050445557
2.03141450881958
1.989141821861267
1.940030813217163
1.924594759941101
1.8783682584762573
1.84995698928833
1.8136768341064453
2.0667409896850586
2.044078826904297
2.0096096992492676
1.9649710655212402
1.9214725494384766
1.874877691268921
1.848989486694336
1.84861159324646
1.8068900108337402
1.7771589756011963
2.099754810333252
2.0993661880493164
2.051591396331787
2.0143513679504395
1.9927914142608643
1.9741274118423462
1.9318574666976929
1.9015002250671387
1.9056767225265503
1.8587719202041626
2.3379125595092773
2.2708561420440674
2.232811450958252
2.1973800659179688
2.1813738346099854
2.1059908866882324
2.0730934143066406
2.043992519378662
2.013038158416748
1.9552898406982422
2.4954330921173096
2.471639394760132
2.4031834602355957
2.3398454189300537
2.324195384979248
2.2598884105682373
2.2100892066955566
2.2122626304626465
2.1269848346710205
2.086568832397461
2.8088037967681885
2.7882893085479736
2.712989568710327
2.6742162704467773
2.6185190677642822
2.566401481628418
2.526451587677002
2.488924026489258
2.4428720474243164
2.406486749649048
2.486924648284912
2.446303367614746
2.4280967712402344
2.396374464035034
2.3642115592956543
2.31126070022583
2.2948801517486572
2.262681484222412
2.213761806488037
2.2139089107513428
2.6174020767211914
2.556544303894043
2.545783758163452
2.529000759124756
2.5019876956939697
2.468412160873413
2.460468053817749
2.3908164501190186
2.3983073234558105
2.356696367263794
3.0145652294158936
2.9214625358581543
2.8186163902282715
2.788489818572998
2.7212228775024414
2.6583914756774902
2.599005937576294
2.525486469268799
2.4709317684173584
2.418661117553711
2.4486184120178223
2.3940048217773438
2.343637228012085
2.296417713165283
2.272958755493164
2.2210028171539307
2.182678461074829
2.144439935684204
2.1154887676239014
2.0998222827911377
2.307084321975708
2.2573039531707764
2.256927251815796
2.2122576236724854
2.183579921722412
2.1614224910736084
2.1414499282836914
2.085732936859131
2.057924270629883
2.043285846710205
2.376461982727051
2.350437641143799
2.3270442485809326
2.2817323207855225
2.2709391117095947
2.2487218379974365
2.202317714691162
2.177598714828491
2.1517491340637207
2.1209137439727783
2.752948760986328
2.7353885173797607
2.688955068588257
2.639976739883423
2.630660057067871
2.5638999938964844
2.547348737716675
2.5118918418884277
2.4666712284088135
2.4478135108947754
2.686001777648926
2.6563425064086914
2.5709922313690186
2.5820086002349854
2.5283427238464355
2.50256085395813
2.465736150741577
2.417104721069336
2.3692564964294434
2.3915517330169678
2.8174686431884766
2.7666876316070557
2.7240023612976074
2.660379409790039
2.6337199211120605
2.6182339191436768
2.570962905883789
2.5427308082580566
2.4979193210601807
2.475099563598633
2.9859073162078857
2.934828042984009
2.8874478340148926
2.8617184162139893
2.8130924701690674
2.7414982318878174
2.7683115005493164
2.718482732772827
2.692471504211426
2.625803232192993
2.841667652130127
2.7568907737731934
2.6941373348236084
2.6512515544891357
2.648972988128662
2.599743366241455
2.5517959594726562
2.5004866123199463
2.4926059246063232
2.439225912094116
2.5320911407470703
2.4576473236083984
2.3870537281036377
2.327821731567383
2.25950026512146
2.225449800491333
2.155837297439575
2.125488758087158
2.068859815597534
2.026660442352295
2.155996322631836
2.128459930419922
2.0792953968048096
2.0750691890716553
2.0050718784332275
1.9866389036178589
1.9535644054412842
1.9413660764694214
1.9047796726226807
1.8694478273391724
2.0901479721069336
2.0447757244110107
2.018899917602539
1.9863017797470093
1.9665954113006592
1.9393465518951416
1.9307290315628052
1.8917522430419922
1.8754554986953735
1.8334760665893555
2.174609661102295
2.1579320430755615
2.11773419380188
2.0909616947174072
2.089829921722412
2.0418944358825684
2.0221118927001953
1.9902392625808716
1.976517915725708
1.9611365795135498
2.6375911235809326
2.606192111968994
2.5778281688690186
2.5351808071136475
2.5494070053100586
2.496349811553955
2.4769821166992188
2.4499242305755615
2.411933422088623
2.3977813720703125
3.0708718299865723
3.0331435203552246
3.0078482627868652
2.989377021789551
2.915034294128418
2.9054670333862305
2.8681368827819824
2.8060832023620605
2.815169334411621
2.764835834503174
2.962843894958496
2.9291317462921143
2.8955190181732178
2.8744874000549316
2.8277688026428223
2.7740542888641357
2.769969940185547
2.7059147357940674
2.7452571392059326
2.690286159515381
3.2441821098327637
3.1945078372955322
3.188972234725952
3.15027117729187
3.125171422958374
3.0706117153167725
3.0178067684173584
3.0086045265197754
2.955016851425171
2.955252170562744
2.998049259185791
2.982896327972412
2.927417516708374
2.9172539710998535
2.882167100906372
2.8772921562194824
2.8437583446502686
2.815581798553467
2.7800920009613037
2.7581114768981934
3.913654088973999
3.779677391052246
3.6632471084594727
3.5585286617279053
3.4757094383239746
3.37733793258667
3.2610740661621094
3.1809768676757812
3.107123613357544
3.041472911834717
3.290876626968384
3.207322359085083
3.132218837738037
3.0770769119262695
2.968535900115967
2.929572105407715
2.874472141265869
2.7690060138702393
2.723182439804077
2.703925132751465
3.050908327102661
2.9592177867889404
2.887986183166504
2.800915002822876
2.7572646141052246
2.6464622020721436
2.628215789794922
2.527757406234741
2.5234837532043457
2.429330348968506
3.1158065795898438
3.044934034347534
2.952573776245117
2.873694658279419
2.839778184890747
2.76609206199646
2.692946195602417
2.633122444152832
2.5674855709075928
2.540787696838379
3.3624606132507324
3.240532875061035
3.182508945465088
3.1470744609832764
3.096055746078491
3.013411283493042
2.9550819396972656
2.9371511936187744
2.87392520904541
2.805962085723877
3.3915133476257324
3.3570034503936768
3.267556667327881
3.2186453342437744
3.1963770389556885
3.1577162742614746
3.1034696102142334
3.018420457839966
2.969238519668579
2.9628663063049316
3.2533297538757324
3.205218553543091
3.136927604675293
3.1103129386901855
3.059962749481201
2.977165937423706
2.9618663787841797
2.940542697906494
2.914175271987915
2.9103896617889404
2.7977454662323
2.7523889541625977
2.6967337131500244
2.656879425048828
2.6673362255096436
2.6441810131073
2.587801694869995
2.507230758666992
2.52085280418396
2.4714343547821045
3.019089937210083
2.989997386932373
2.9984130859375
2.921565055847168
2.886909008026123
2.851510763168335
2.83846116065979
2.7746334075927734
2.7832999229431152
2.7111387252807617
3.2399168014526367
3.1655962467193604
3.0898945331573486
3.000319480895996
2.9225220680236816
2.8364295959472656
2.766498565673828
2.7193946838378906
2.6344521045684814
2.584435224533081
2.697162628173828
2.6331799030303955
2.592691659927368
2.524641990661621
2.476555824279785
2.444861888885498
2.391859292984009
2.337189197540283
2.289989948272705
2.227853775024414
2.5714802742004395
2.529873847961426
2.4518656730651855
2.418239116668701
2.37418270111084
2.32932186126709
2.301657199859619
2.248203754425049
2.212228298187256
2.168238401412964
2.801422357559204
2.779386043548584
2.7252614498138428
2.6705102920532227
2.5847296714782715
2.557537078857422
2.4819908142089844
2.4514520168304443
2.430541515350342
2.3878543376922607
3.0587072372436523
3.0002601146698
2.9136476516723633
2.8896195888519287
2.7637040615081787
2.7438623905181885
2.7102982997894287
2.6354236602783203
2.540560007095337
2.5202646255493164
3.2543413639068604
3.1494386196136475
3.0647995471954346
3.0124850273132324
2.896735429763794
2.858660936355591
2.750209331512451
2.7260701656341553
2.6852598190307617
2.625735282897949
3.100069046020508
3.025949239730835
2.9977805614471436
2.89369535446167
2.8188717365264893
2.8128297328948975
2.7533693313598633
2.66068434715271
2.6537482738494873
2.602116346359253
2.8931679725646973
2.8867433071136475
2.8527863025665283
2.7949321269989014
2.733671188354492
2.6991755962371826
2.647768497467041
2.634860038757324
2.604010820388794
2.513529062271118
3.3023664951324463
3.204761266708374
3.1372363567352295
3.0888943672180176
3.068286657333374
3.0050084590911865
2.9475226402282715
2.9584133625030518
2.865023374557495
2.834376335144043
