3.9600772857666016
3.9182119369506836
3.9516942501068115
3.93634033203125
3.9549872875213623
3.935767412185669
3.9537246227264404
3.9300849437713623
3.9590792655944824
3.9365389347076416
3.938044548034668
3.9439008235931396
3.9502692222595215
3.943472385406494
3.8914713859558105
3.924969434738159
3.9452881813049316
3.9353318214416504
3.8997206687927246
3.892517328262329
3.894603729248047
3.8805041313171387
3.882352352142334
3.862992286682129
3.864612340927124
3.8836750984191895
3.9096784591674805
3.848438262939453
3.8632330894470215
3.9002976417541504
3.825035333633423
3.7861878871917725
3.8095102310180664
3.787169933319092
3.833946943283081
3.7535617351531982
3.7837612628936768
3.7742342948913574
3.7730062007904053
3.781755208969116
3.8244059085845947
3.8194785118103027
3.8124656677246094
3.782407283782959
3.777325391769409
3.7991340160369873
3.787092924118042
3.766129970550537
3.786669969558716
3.803612470626831
3.841308355331421
3.8407540321350098
3.8527746200561523
3.7937865257263184
3.8366341590881348
3.834993839263916
3.8376591205596924
3.7979094982147217
3.835339307785034
3.809433698654175
3.827824354171753
3.854595184326172
3.8265480995178223
3.8309378623962402
3.8304808139801025
3.827322006225586
3.846947431564331
3.8159592151641846
3.785248041152954
3.824167490005493
3.881284713745117
3.883312702178955
3.8968183994293213
3.904376268386841
3.9046401977539062
3.871520519256592
3.866004228591919
3.9158051013946533
3.8903465270996094
3.858630895614624
4.0002546310424805
4.0373148918151855
4.024791717529297
4.0447516441345215
4.053180694580078
4.027278423309326
4.011812210083008
4.027256488800049
4.03267240524292
4.01007604598999
3.2027547359466553
3.243706464767456
3.214968681335449
3.1738317012786865
3.1323225498199463
3.1654586791992188
3.164377212524414
3.1328015327453613
3.1554412841796875
3.112154245376587
3.1882331371307373
3.172247886657715
3.1690640449523926
3.184568166732788
3.1215221881866455
3.126709222793579
3.1904072761535645
3.0833001136779785
3.0805063247680664
3.1395652294158936
3.1420204639434814
3.162747383117676
3.204116106033325
3.2001476287841797
3.1892189979553223
3.1520462036132812
3.0727899074554443
3.1089060306549072
3.0746965408325195
3.1268341541290283
3.0857033729553223
3.089094400405884
3.07668137550354
3.0502946376800537
3.0457730293273926
2.966413974761963
3.016873598098755
3.0488741397857666
2.9653420448303223
2.982386827468872
3.2335829734802246
3.1599953174591064
3.1818175315856934
3.1629247665405273
3.112400770187378
3.087771415710449
3.135267972946167
3.146790027618408
3.1449785232543945
3.091658353805542
3.3143279552459717
3.355131149291992
3.2643373012542725
3.250098943710327
3.283996343612671
3.253114700317383
3.1957058906555176
3.282593250274658
3.170485496520996
3.159917116165161
3.646824836730957
3.6083016395568848
3.5805654525756836
3.5676064491271973
3.593254327774048
3.55739164352417
3.5226612091064453
3.452618360519409
3.5957088470458984
3.5366783142089844
3.857473611831665
3.7772226333618164
3.7880008220672607
3.6656618118286133
3.748882293701172
3.6562082767486572
3.5575454235076904
3.5955991744995117
3.605325937271118
3.493262767791748
3.5462656021118164
3.4575388431549072
3.4685537815093994
3.437469482421875
3.433443307876587
3.515627384185791
3.4128410816192627
3.3639612197875977
3.4017322063446045
3.3552873134613037
2.8033719062805176
2.812558650970459
2.729104995727539
2.7088325023651123
2.7151122093200684
2.6375515460968018
2.7156314849853516
2.6044082641601562
2.67952299118042
2.7046327590942383
2.5610437393188477
2.519099235534668
2.508236885070801
2.517923593521118
2.5163381099700928
2.430643081665039
2.501932382583618
2.45090913772583
2.418748378753662
2.390305757522583
2.5298540592193604
2.5807909965515137
2.4599719047546387
2.507594108581543
2.4175362586975098
2.408179998397827
2.396693468093872
2.4464869499206543
2.451572895050049
2.3757781982421875
2.5871150493621826
2.5596394538879395
2.4805943965911865
2.475461959838867
2.4450976848602295
2.5110743045806885
2.4512887001037598
2.4360780715942383
2.406498670578003
2.329953193664551
2.8530497550964355
2.8204801082611084
2.817625045776367
2.7474803924560547
2.722994804382324
2.7086844444274902
2.6897878646850586
2.7238025665283203
2.7150657176971436
2.6188910007476807
2.854264736175537
2.8315868377685547
2.8152458667755127
2.7006309032440186
2.6635494232177734
2.688620090484619
2.6262741088867188
2.632772207260132
2.684231758117676
2.646937131881714
3.0018351078033447
2.9068989753723145
2.964232921600342
2.8154373168945312
2.8195323944091797
2.846879720687866
2.8224616050720215
2.8502743244171143
2.771061658859253
2.8126540184020996
3.057666540145874
3.1095383167266846
3.062946319580078
3.0488619804382324
3.058878183364868
2.997609853744507
2.891852617263794
2.9881818294525146
2.919914960861206
2.873678684234619
3.26954984664917
3.166903018951416
3.2223703861236572
3.158778190612793
3.150683879852295
3.2046098709106445
3.1934640407562256
3.06368350982666
3.036576509475708
3.070399761199951
3.002561092376709
2.8916609287261963
2.9176852703094482
2.906214952468872
2.8631486892700195
2.815676689147949
2.8686492443084717
2.829251527786255
2.774850606918335
2.779831647872925
2.872380018234253
2.8756051063537598
2.787553548812866
2.758054494857788
2.813551902770996
2.770845413208008
2.752830743789673
2.7355356216430664
2.709479808807373
2.6199095249176025
3.0025992393493652
2.915576696395874
2.9032742977142334
2.9066574573516846
2.871971368789673
2.8407514095306396
2.8617100715637207
2.779317855834961
2.731593370437622
2.744974374771118
3.1058218479156494
3.027855396270752
2.9758944511413574
2.974257469177246
2.869574546813965
2.87507963180542
2.8209238052368164
2.8364241123199463
2.8116085529327393
2.734562635421753
3.051647663116455
3.079740524291992
3.0164361000061035
3.029064655303955
2.9782657623291016
2.9142351150512695
2.8668594360351562
2.866130828857422
2.857553482055664
2.8619563579559326
3.272759437561035
3.2218639850616455
3.1122019290924072
3.1340742111206055
3.104792594909668
3.0174858570098877
3.0417163372039795
2.95674467086792
2.942103385925293
2.932533025741577
3.3783318996429443
3.4249327182769775
3.3589425086975098
3.329571485519409
3.276475191116333
3.2146899700164795
3.154385566711426
3.243431568145752
3.161834239959717
3.1407108306884766
2.9601078033447266
2.9038336277008057
2.91835355758667
2.990626096725464
2.8433308601379395
2.7189295291900635
2.856022834777832
2.8390161991119385
2.776479721069336
2.689610481262207
3.1190147399902344
3.106062889099121
3.100581407546997
2.982935905456543
3.0108823776245117
2.966973304748535
2.9119646549224854
2.95208477973938
2.925476312637329
2.9191226959228516
1.871200680732727
1.9032535552978516
1.8387525081634521
1.8257298469543457
1.8130054473876953
1.7827473878860474
1.7427388429641724
1.7338045835494995
1.7049671411514282
1.6807053089141846
1.9000303745269775
1.9198368787765503
1.8896465301513672
1.853164553642273
1.8393343687057495
1.826986312866211
1.8008155822753906
1.7706035375595093
1.7140699625015259
1.7442429065704346
2.155869960784912
2.155144691467285
2.0991976261138916
2.096780776977539
2.05698823928833
2.0670931339263916
2.0680580139160156
2.0092220306396484
2.0530169010162354
1.9858226776123047
2.6363906860351562
2.574796199798584
2.6054039001464844
2.614161252975464
2.53324818611145
2.556398630142212
2.456486940383911
2.4658522605895996
2.451629161834717
2.471874952316284
3.124986171722412
3.089336395263672
3.175384998321533
3.096656084060669
3.001403331756592
3.043747901916504
3.0045878887176514
3.0140750408172607
2.954026222229004
2.9091081619262695
2.9229462146759033
2.965322494506836
2.904578685760498
2.8419442176818848
2.8781986236572266
2.9530136585235596
2.8583004474639893
2.8366384506225586
2.8338816165924072
2.825537919998169
2.8061373233795166
2.775768756866455
2.703125476837158
2.693413496017456
2.6910250186920166
2.670212507247925
2.71999454498291
2.636199712753296
2.5618507862091064
2.5575027465820312
3.1597039699554443
3.09047794342041
3.0342578887939453
3.1063199043273926
2.9987664222717285
3.0708250999450684
3.0129263401031494
2.999685764312744
2.9755568504333496
2.942445993423462
3.579681158065796
3.5585410594940186
3.4727892875671387
3.5316834449768066
3.54817271232605
3.456355571746826
3.462057590484619
3.412590503692627
3.343881845474243
3.359668731689453
2.9997761249542236
2.968820333480835
2.9307053089141846
2.887880563735962
2.877322196960449
2.846120834350586
2.8020730018615723
2.7559425830841064
2.73728609085083
2.756640911102295
2.8344974517822266
2.8195834159851074
2.7516114711761475
2.7175583839416504
2.6643714904785156
2.6586570739746094
2.6363720893859863
2.5795392990112305
2.5792133808135986
2.571274518966675
2.7690272331237793
2.7562947273254395
2.6494908332824707
2.685509204864502
2.5713388919830322
2.5708985328674316
2.548466444015503
2.566917657852173
2.480001926422119
2.503176689147949
2.9436323642730713
2.9453506469726562
2.8665361404418945
2.880510091781616
2.793628454208374
2.7779340744018555
2.6918959617614746
2.7001373767852783
2.700990676879883
2.7038118839263916
3.427306652069092
3.3036582469940186
3.3273658752441406
3.3262851238250732
3.2620716094970703
3.1743316650390625
3.1387388706207275
3.1480495929718018
3.0704102516174316
3.060375690460205
3.0219314098358154
2.9879844188690186
2.9341447353363037
2.9565155506134033
2.862476110458374
2.853487968444824
2.767441987991333
2.8096821308135986
2.831875801086426
2.7661938667297363
3.268582582473755
3.12943959236145
3.121438503265381
3.0827832221984863
3.0729291439056396
3.0224809646606445
2.9379985332489014
2.919145107269287
2.952991485595703
2.9238548278808594
3.059992551803589
3.0016283988952637
3.0743913650512695
3.019808053970337
2.9584407806396484
2.9201748371124268
2.9528470039367676
2.932400941848755
2.886841297149658
2.8466806411743164
3.1599113941192627
3.091362237930298
3.047450542449951
3.0728559494018555
3.0698275566101074
2.9834535121917725
2.9826998710632324
2.9525160789489746
2.9502322673797607
2.9248294830322266
3.641324758529663
3.698293685913086
3.617161273956299
3.627326011657715
3.605116844177246
3.582590341567993
3.5115811824798584
3.500746011734009
3.487061023712158
3.431729793548584
3.558779716491699
3.515653371810913
3.5021612644195557
3.469409942626953
3.4154391288757324
3.4161672592163086
3.384042263031006
3.3637194633483887
3.3526151180267334
3.3032915592193604
3.4015307426452637
3.3377797603607178
3.314164876937866
3.278597831726074
3.3026585578918457
3.227252244949341
3.254077672958374
3.204174518585205
3.1832172870635986
3.109534978866577
3.321089029312134
3.2865257263183594
3.2769267559051514
3.260967969894409
3.2260375022888184
3.152540445327759
3.1406452655792236
3.13588547706604
3.077651262283325
3.0972530841827393
3.3937456607818604
3.3942222595214844
3.3196120262145996
3.324047565460205
3.330648899078369
3.288949966430664
3.203089475631714
3.2242541313171387
3.2164196968078613
3.1397039890289307
3.422673463821411
3.362940788269043
3.4111413955688477
3.336918830871582
3.253207206726074
3.2698135375976562
3.192241668701172
3.151089668273926
3.1757264137268066
3.17402720451355
3.586824417114258
3.5072548389434814
3.504798173904419
3.4570810794830322
3.3578083515167236
3.401569128036499
3.3323521614074707
3.28047776222229
3.3148226737976074
3.247509479522705
3.455296516418457
3.482107639312744
3.4248263835906982
3.3602263927459717
3.3246355056762695
3.3073456287384033
3.247506618499756
3.212219476699829
3.1707677841186523
3.167806386947632
3.707895040512085
3.7434234619140625
3.6772470474243164
3.6522786617279053
3.636854887008667
3.56988525390625
3.564216375350952
3.526703357696533
3.494765043258667
3.4662063121795654
3.138240098953247
3.0730252265930176
3.028693914413452
3.0339910984039307
3.022657871246338
2.9651894569396973
2.91226863861084
2.8683815002441406
2.8321704864501953
2.825507164001465
2.940345048904419
2.9514219760894775
2.9087042808532715
2.883117198944092
2.8481967449188232
2.82009220123291
2.771613359451294
2.777146577835083
2.7587594985961914
2.706573963165283
2.931525945663452
2.8984718322753906
2.885122299194336
2.9034605026245117
2.8773114681243896
2.82844614982605
2.829519510269165
2.7843449115753174
2.7797858715057373
2.7439703941345215
3.038039207458496
3.0183265209198
2.9629738330841064
2.9529154300689697
2.922483205795288
2.909932851791382
2.8404598236083984
2.846254348754883
2.819969415664673
2.793346405029297
3.381648063659668
3.3019797801971436
3.249666452407837
3.284693479537964
3.2396323680877686
3.1611294746398926
3.1863341331481934
3.1114585399627686
3.0560457706451416
3.1025314331054688
3.2709872722625732
3.223688840866089
3.136580467224121
3.1155498027801514
3.1151492595672607
3.0560302734375
3.051243782043457
2.9778826236724854
2.974184513092041
2.9123616218566895
3.4771127700805664
3.419297218322754
3.389561414718628
3.4024481773376465
3.364677906036377
3.3219799995422363
3.2820234298706055
3.1799349784851074
3.162302017211914
3.1449778079986572
3.1378376483917236
3.175142765045166
3.1689069271087646
3.065751552581787
3.102055311203003
3.0007877349853516
3.008776903152466
2.990286350250244
2.894888162612915
2.862196683883667
3.03963303565979
2.9638049602508545
2.9296393394470215
2.9809303283691406
2.854090452194214
2.879582643508911
2.8414559364318848
2.803020715713501
2.738081216812134
2.713728427886963
