3.9600772857666016
3.9182119369506836
3.9516942501068115
3.93634033203125
3.9549872875213623
3.935767412185669
3.9537246227264404
3.9300849437713623
3.9590792655944824
3.9365389347076416
3.938044548034668
3.9439008235931396
3.9502692222595215
3.943472385406494
3.8914713859558105
3.924969434738159
3.9452881813049316
3.9353318214416504
3.8997206687927246
3.892517328262329
3.894603729248047
3.8805041313171387
3.882352352142334
3.862992286682129
3.864612340927124
3.8836750984191895
3.9096784591674805
3.848438262939453
3.8632330894470215
3.9002976417541504
3.825035333633423
3.7861878871917725
3.8095102310180664
3.787169933319092
3.833946943283081
3.7535617351531982
3.7837612628936768
3.7742342948913574
3.7730062007904053
3.781755208969116
3.8244059085845947
3.8194785118103027
3.8124656677246094
3.782407283782959
3.777325391769409
3.7991340160369873
3.787092924118042
3.766129970550537
3.786669969558716
3.803612470626831
3.841308355331421
3.8407540321350098
3.8527746200561523
3.7937865257263184
3.8366341590881348
3.834993839263916
3.8376591205596924
3.7979094982147217
3.835339307785034
3.809433698654175
3.827824354171753
3.854595184326172
3.8265480995178223
3.8309378623962402
3.8304808139801025
3.827322006225586
3.846947431564331
3.8159592151641846
3.785248041152954
3.824167490005493
3.881284713745117
3.883312702178955
3.8968183994293213
3.904376268386841
3.9046401977539062
3.871520519256592
3.866004228591919
3.9158051013946533
3.8903465270996094
3.858630895614624
4.0002546310424805
4.0373148918151855
4.024791717529297
4.0447516441345215
4.053180694580078
4.027278423309326
4.011812210083008
4.027256488800049
4.03267240524292
4.01007604598999
3.2027547359466553
3.243706464767456
3.214968681335449
3.1738317012786865
3.1323225498199463
3.1654586791992188
3.164377212524414
3.1328015327453613
3.1554412841796875
3.112154245376587
3.1882331371307373
3.172247886657715
3.1690640449523926
3.184568166732788
3.1215221881866455
3.126709222793579
3.1904072761535645
3.0833001136779785
3.0805063247680664
3.1395652294158936
3.1420204639434814
3.162747383117676
3.204116106033325
3.2001476287841797
3.1892189979553223
3.1520462036132812
3.0727899074554443
3.1089060306549072
3.0746965408325195
3.1268341541290283
3.0857033729553223
3.089094400405884
3.07668137550354
3.0502946376800537
3.0457730293273926
2.966413974761963
3.016873598098755
3.0488741397857666
2.9653420448303223
2.982386827468872
3.2335829734802246
3.1599953174591064
3.1818175315856934
3.1629247665405273
3.112400770187378
3.087771415710449
3.135267972946167
3.146790027618408
3.1449785232543945
3.091658353805542
3.3143279552459717
3.355131149291992
3.2643373012542725
3.250098943710327
3.283996343612671
3.253114700317383
3.1957058906555176
3.282593250274658
3.170485496520996
3.159917116165161
3.646824836730957
3.6083016395568848
3.5805654525756836
3.5676064491271973
3.593254327774048
3.55739164352417
3.5226612091064453
3.452618360519409
3.5957088470458984
3.5366783142089844
3.857473611831665
3.7772226333618164
3.7880008220672607
3.6656618118286133
3.748882293701172
3.6562082767486572
3.5575454235076904
3.5955991744995117
3.605325937271118
3.493262767791748
3.5462656021118164
3.4575388431549072
3.4685537815093994
3.437469482421875
3.433443307876587
3.515627384185791
3.4128410816192627
3.3639612197875977
3.4017322063446045
3.3552873134613037
