3.9600772857666016
3.9182119369506836
3.9516942501068115
3.93634033203125
3.9549872875213623
3.935767412185669
3.9537246227264404
3.9300849437713623
3.9590792655944824
3.9365389347076416
3.938044548034668
3.9439008235931396
3.9502692222595215
3.943472385406494
3.8914713859558105
3.924969434738159
3.9452881813049316
3.9353318214416504
3.8997206687927246
3.892517328262329
3.894603729248047
3.8805041313171387
3.882352352142334
3.862992286682129
3.864612340927124
3.8836750984191895
3.9096784591674805
3.848438262939453
3.8632330894470215
3.9002976417541504
3.825035333633423
3.7861878871917725
3.8095102310180664
3.787169933319092
3.833946943283081
3.7535617351531982
3.7837612628936768
3.7742342948913574
3.7730062007904053
3.781755208969116
3.8244059085845947
3.8194785118103027
3.8124656677246094
3.782407283782959
3.777325391769409
3.7991340160369873
3.787092924118042
3.766129970550537
3.786669969558716
3.803612470626831
3.841308355331421
3.8407540321350098
3.8527746200561523
3.7937865257263184
3.8366341590881348
3.834993839263916
3.8376591205596924
3.7979094982147217
3.835339307785034
3.809433698654175
3.827824354171753
3.854595184326172
3.8265480995178223
3.8309378623962402
3.8304808139801025
3.827322006225586
3.846947431564331
3.8159592151641846
3.785248041152954
3.824167490005493
3.881284713745117
3.883312702178955
3.8968183994293213
3.904376268386841
3.9046401977539062
3.871520519256592
3.866004228591919
3.9158051013946533
3.8903465270996094
3.858630895614624
4.0002546310424805
4.0373148918151855
4.024791717529297
4.0447516441345215
4.053180694580078
4.027278423309326
4.011812210083008
4.027256488800049
4.03267240524292
4.01007604598999
