14.0693
14.8763
15.7185
16.0796
16.2199
16.0422
15.8296
16.3039
15.3426
15.6595
15.4744
15.0045
15.2981
17.5929
15.6352
17.4018
18.4857
19.3973
23.8474
16.3502
16.7890
21.3151
19.7569
20.0236
20.0949
20.9854
20.4156
21.7675
19.1980
22.5587
21.5664
22.0635
21.1825
19.3790
20.3879
22.6316
24.5423
24.5243
21.3937
24.8801
20.4239
27.0092
20.5663
25.1211
28.8886
17.5988
19.5114
26.1974
20.4691
31.8020
24.9898
29.0911
29.3346
24.0469
24.4561
25.7222
27.2046
25.9882
27.3541
23.7965
31.2328
26.8987
30.0013
24.9071
28.3701
25.9725
26.4419
24.5893
23.6669
28.9640
22.4366
32.0323
25.4142
24.4400
23.1361
30.2291
26.1149
26.2556
28.1762
28.9331
26.2251
32.0442
26.1065
31.6335
29.0608
24.0918
30.3058
28.3879
32.7785
25.3344
26.9227
24.7215
27.1019
22.4457
29.4545
34.3570
29.0200
22.8333
27.0184
25.0981
