19.85
30.94
20.38
39.83
20.70
46.65
20.88
55.73
21.06
60.15
21.33
63.47
21.48
64.68
22.83
66.80
23.26
67.00
23.69
68.84
24.56
70.02
24.41
71.38
25.12
71.74
26.27
73.40
26.61
75.65
27.09
74.58
28.25
77.78
28.22
77.89
29.64
77.58
29.16
78.43
30.02
78.23
30.72
79.72
29.45
79.98
31.09
80.20
32.17
80.23
33.29
80.95
33.36
80.39
34.30
80.13
34.10
81.66
34.62
81.76
35.16
81.76
35.97
82.20
36.75
82.97
34.30
83.10
37.38
83.16
36.94
83.58
37.75
83.36
39.23
83.67
38.81
83.04
39.17
82.92
39.94
83.12
38.72
83.08
40.60
83.43
42.76
84.36
40.33
83.77
39.60
84.76
42.31
84.16
43.52
84.76
42.87
84.61
42.46
84.75
