1.6108994503815968
1.5532072401841481
1.5246066081921261
1.5604482218821842
1.5220946241617201
1.5132378133932751
1.5240345676342646
1.4947482098738352
1.522138132929802
1.5263227179845174
1.5200252139170964
1.5088142737547554
1.5179560692310332
1.505630951444308
1.512443265636762
1.5163759256998697
1.4951325945854186
1.5110250191291175
1.5141362307071684
1.5019549635251364
1.5015397271315258
1.5001215604543687
1.4993364056746163
1.5095856064160664
1.5168975954453148
1.5030542095502217
1.5050721683502197
1.5026221067110697
1.4926436650355657
1.5032978326479591
1.5129136064052582
1.4959453563690184
1.4955650992393492
1.5133541030883788
1.5099736415545144
1.4950659852027892
1.5025363562901812
1.4994687814315162
1.4983927089770637
1.5064255363941195
1.4983566064039866
1.5058953771988548
1.4974413061936698
1.5077599232991536
1.5001425145467124
1.49266736014684
1.4976688683827717
1.4840571264028548
1.5125537776549656
1.5034314515193306
