19.7946
22.1305
24.7072
25.8554
26.3085
25.7353
25.0577
26.5817
23.5395
24.5219
23.9457
22.5136
23.4032
30.9511
24.4460
30.2821
34.1720
37.6254
56.8700
26.7330
28.1871
45.4334
39.0334
40.0946
40.3806
44.0386
41.6798
47.3824
36.8564
50.8896
46.5111
48.6797
44.8698
37.5547
41.5666
51.2189
60.2324
60.1441
45.7689
61.9021
41.7134
72.9496
42.2973
63.1069
83.4549
30.9718
38.0695
68.6305
41.8983
101.1370
62.4490
84.6289
86.0518
57.8252
59.8100
66.1630
74.0093
67.5384
74.8245
56.6273
97.5486
72.3539
90.0075
62.0361
80.4864
67.4570
69.9173
60.4632
56.0121
83.8916
50.3400
102.6071
64.5881
59.7314
53.5280
91.3799
68.1987
68.9357
79.3899
83.7127
68.7754
102.6831
68.1550
100.0678
84.4529
58.0415
91.8439
80.5874
107.4428
64.1830
72.4830
61.1153
73.4511
50.3808
86.7568
118.0406
84.2158
52.1360
72.9994
62.9913
