4.0592241287231445
4.054750919342041
4.050497055053711
4.05767297744751
4.0583038330078125
4.060932636260986
4.0586724281311035
4.060230255126953
4.060894966125488
4.051333427429199
4.068459987640381
4.0586748123168945
4.063320636749268
4.067072868347168
4.059451580047607
4.062945365905762
4.069852828979492
4.060668468475342
4.059268474578857
4.06288480758667
4.054807662963867
4.048168182373047
4.050633907318115
4.060491561889648
4.057188987731934
4.054066181182861
4.055829048156738
4.051296234130859
4.051616191864014
4.054450511932373
4.017427921295166
4.0218281745910645
4.020503997802734
4.0127997398376465
4.018093109130859
4.019225597381592
4.01637077331543
4.015655040740967
4.019858360290527
4.025213718414307
4.0269246101379395
4.029068470001221
4.024758338928223
4.025486469268799
4.022089958190918
4.027127742767334
4.020543575286865
4.020913600921631
4.033949851989746
4.028449535369873
4.028515815734863
4.031321048736572
4.03499698638916
4.019464492797852
4.032073497772217
4.038883209228516
4.0303168296813965
4.0299224853515625
4.02494478225708
4.035295486450195
4.025395393371582
4.025597095489502
4.028985977172852
4.028439998626709
4.021045684814453
4.027891159057617
4.026547431945801
4.021075248718262
4.0256195068359375
4.023593425750732
4.020519733428955
4.014314651489258
4.015179634094238
4.026249885559082
4.018477916717529
4.017813682556152
4.01152229309082
4.027062892913818
4.01957368850708
4.015965938568115
4.0298237800598145
4.036245822906494
4.033234119415283
4.032825469970703
4.035433292388916
4.032235145568848
4.0359416007995605
4.034522533416748
4.033818244934082
4.035278797149658
3.8148033618927
3.8198070526123047
3.8159029483795166
3.8027806282043457
3.806083917617798
3.8038277626037598
3.8061954975128174
3.7997324466705322
3.8072409629821777
3.8042471408843994
3.810084581375122
3.8152778148651123
3.81906795501709
3.840320348739624
3.816514492034912
3.824281930923462
3.8220057487487793
3.8009188175201416
3.811077117919922
3.8198070526123047
3.8224523067474365
3.8348751068115234
3.8121674060821533
3.817185163497925
3.8235578536987305
3.822331428527832
3.8292596340179443
3.8142693042755127
3.8173229694366455
3.8231284618377686
3.779897689819336
3.792036771774292
3.795112371444702
3.7768654823303223
3.7892634868621826
3.774142265319824
3.7774367332458496
3.7868661880493164
3.764857053756714
3.7726404666900635
3.8085439205169678
3.7892394065856934
3.7918801307678223
3.791189670562744
3.793423652648926
3.7825684547424316
3.78328800201416
3.790194272994995
3.793255567550659
3.779125213623047
3.7749252319335938
3.781831979751587
3.7928411960601807
3.779658555984497
3.7790470123291016
3.785252571105957
3.767364740371704
3.783574342727661
3.7752108573913574
3.7698652744293213
3.814727306365967
3.8074450492858887
3.8008646965026855
3.805058479309082
3.7937171459198
3.830387592315674
3.829176425933838
3.798048496246338
3.825509786605835
3.8079540729522705
3.826303482055664
3.833369493484497
3.836050271987915
3.8359620571136475
3.830601215362549
3.8242340087890625
3.825705051422119
3.836646556854248
3.8285467624664307
3.8162195682525635
3.8701839447021484
3.8843812942504883
3.8767261505126953
3.8578314781188965
3.869460105895996
3.872777223587036
3.864450454711914
3.8697080612182617
3.8759686946868896
3.868760108947754
2.7691006660461426
2.758866548538208
2.7515385150909424
2.7352519035339355
2.741034746170044
2.748685836791992
2.6858625411987305
2.7414910793304443
2.7294445037841797
2.734055280685425
2.7092161178588867
2.7176666259765625
2.6569719314575195
2.706791400909424
2.6555113792419434
2.6582746505737305
2.680851936340332
2.6366279125213623
2.650317668914795
2.6709630489349365
2.7356722354888916
2.726576328277588
2.7263636589050293
2.707414150238037
2.703159809112549
2.6874349117279053
2.7198686599731445
2.667668342590332
2.6987717151641846
2.6805267333984375
2.747957229614258
2.7562122344970703
2.7322402000427246
2.7178714275360107
2.756230592727661
2.7192201614379883
2.7104246616363525
2.713905096054077
2.728806495666504
2.716536045074463
2.884286880493164
2.8549954891204834
2.872492551803589
2.873532772064209
2.8721559047698975
2.816739320755005
2.883626937866211
2.8398046493530273
2.8495771884918213
2.8421177864074707
2.943603754043579
2.9580798149108887
2.928147554397583
2.9155850410461426
2.95550274848938
2.944333791732788
2.9284987449645996
2.8870439529418945
2.9472157955169678
2.896693468093872
3.145979404449463
3.159529685974121
3.1638636589050293
3.143455982208252
3.1222686767578125
3.0953094959259033
3.0956778526306152
3.1202330589294434
3.162146806716919
3.1090686321258545
3.4018046855926514
3.3836910724639893
3.3793370723724365
3.383268356323242
3.3534882068634033
3.354233503341675
3.347259998321533
3.3396358489990234
3.3196990489959717
3.351834297180176
3.5437417030334473
3.5229604244232178
3.5405213832855225
3.538346290588379
3.4780771732330322
3.5321691036224365
3.456791400909424
3.482987642288208
3.4687602519989014
3.497445821762085
2.497159481048584
2.488231658935547
2.4728891849517822
2.4642598628997803
2.4486923217773438
2.407052993774414
2.4601938724517822
2.4458014965057373
2.418814182281494
2.432297706604004
2.551022529602051
2.5480666160583496
2.520219564437866
2.5101959705352783
2.557910919189453
2.512073278427124
2.5562305450439453
2.5013930797576904
2.530567169189453
2.477980613708496
2.6341047286987305
2.617919683456421
2.629338502883911
2.622985363006592
2.6375837326049805
2.5943405628204346
2.5935447216033936
2.593045473098755
2.6174800395965576
2.6319968700408936
2.68802809715271
2.6453614234924316
2.694183349609375
2.6663808822631836
2.655388832092285
2.6413989067077637
2.647228956222534
2.6431667804718018
2.6664462089538574
2.6574392318725586
2.8509433269500732
2.85052490234375
2.8553926944732666
2.8630900382995605
2.8554890155792236
2.8671982288360596
2.8404154777526855
2.8493988513946533
2.8193752765655518
2.8247368335723877
3.148280382156372
3.140782594680786
3.106762170791626
3.116243600845337
3.102921962738037
3.0947232246398926
3.1172754764556885
3.1321661472320557
3.0606393814086914
3.054619550704956
3.4694440364837646
3.4546120166778564
3.4588863849639893
3.458997964859009
3.4080893993377686
3.4236583709716797
3.4561407566070557
3.4077441692352295
3.394406795501709
3.373664379119873
3.40206241607666
3.3742516040802
3.3571832180023193
3.3586864471435547
3.313267230987549
3.3366000652313232
3.340543270111084
3.391775369644165
3.2872486114501953
3.367788314819336
3.4873733520507812
3.4452483654022217
3.4921858310699463
3.474809408187866
3.470526695251465
3.461954116821289
3.460594415664673
3.43662691116333
3.4678850173950195
3.4370779991149902
2.2995219230651855
2.2663674354553223
2.2751331329345703
2.3005261421203613
2.2651007175445557
2.277719020843506
2.253873109817505
2.257115125656128
2.245335817337036
2.2641913890838623
2.3289597034454346
2.2965893745422363
2.317974090576172
2.320564031600952
2.314154863357544
2.304084300994873
2.3286712169647217
2.2926039695739746
2.293391704559326
2.2943882942199707
2.4822423458099365
2.4677159786224365
2.4897382259368896
2.4596939086914062
2.4491755962371826
2.467717409133911
2.451052188873291
2.4092795848846436
2.4147286415100098
2.42020583152771
2.6811580657958984
2.6785125732421875
2.66154146194458
2.6752820014953613
2.676629066467285
2.6717169284820557
2.6487338542938232
2.6438493728637695
2.6194257736206055
2.674593925476074
2.961336135864258
2.9827752113342285
2.964071750640869
2.934468984603882
2.9566736221313477
2.95509934425354
2.932804822921753
2.8936376571655273
2.9713003635406494
2.9003803730010986
3.1407480239868164
3.1628057956695557
3.1615047454833984
3.1368892192840576
3.1265978813171387
3.0790390968322754
3.123810052871704
3.1021571159362793
3.1303367614746094
3.089566469192505
3.0389702320098877
2.9817893505096436
2.9962899684906006
3.0207507610321045
2.9792704582214355
3.006753444671631
2.9741241931915283
2.9687325954437256
2.9750680923461914
2.9246740341186523
3.262282371520996
3.2607269287109375
3.296229600906372
3.256944179534912
3.2352800369262695
3.209948778152466
3.248223066329956
3.2157344818115234
3.220334529876709
3.132237195968628
3.6446115970611572
3.6609864234924316
3.629634380340576
3.5850908756256104
3.6057028770446777
3.619736909866333
3.579136371612549
3.588676691055298
3.5751380920410156
3.5947015285491943
2.0519840717315674
2.0550787448883057
2.0699446201324463
2.062070369720459
2.05368709564209
2.014007806777954
2.033339023590088
2.0575618743896484
2.0366158485412598
2.0494160652160645
2.176297187805176
2.1663730144500732
2.163299560546875
2.192225217819214
2.1521408557891846
2.1322450637817383
2.1371381282806396
2.160928726196289
2.156114339828491
2.102044105529785
2.3127970695495605
2.313608407974243
2.3040802478790283
2.265839099884033
2.2572741508483887
2.250566244125366
2.278928756713867
2.315337896347046
2.272613286972046
2.2326791286468506
2.551434278488159
2.580364227294922
2.50063157081604
2.543443202972412
2.5120599269866943
2.5270631313323975
2.571223020553589
2.521702527999878
2.5357398986816406
2.534585952758789
2.9494776725769043
2.907165288925171
2.9294872283935547
2.9236807823181152
2.89377760887146
2.9244351387023926
2.874122381210327
2.8708863258361816
2.8799870014190674
2.861706018447876
3.097076177597046
3.0506136417388916
3.0822386741638184
3.0442521572113037
3.076561212539673
3.0755343437194824
3.066603899002075
3.0660877227783203
3.024089813232422
3.016775131225586
3.3279783725738525
3.2674789428710938
3.26613187789917
3.2858433723449707
3.2620232105255127
3.228261947631836
3.292268753051758
3.324331521987915
3.2470834255218506
3.181500196456909
3.4037537574768066
3.3870151042938232
3.428755283355713
3.3880105018615723
3.333993673324585
3.3589589595794678
3.324876070022583
3.321542501449585
3.3020665645599365
3.3340485095977783
3.418842077255249
3.438084125518799
3.4629111289978027
3.421990156173706
3.387652635574341
3.4023280143737793
3.393014430999756
3.357614517211914
3.331587314605713
3.3744399547576904
2.331545352935791
2.3340978622436523
2.295199155807495
2.326768398284912
2.281919479370117
2.2762818336486816
2.2889976501464844
2.2694993019104004
2.2590298652648926
2.2467029094696045
2.372281789779663
2.398557186126709
2.3698325157165527
2.377795696258545
2.3327131271362305
2.339463949203491
2.3704724311828613
2.355527639389038
2.279771327972412
2.3247628211975098
2.5122976303100586
2.474891185760498
2.45794677734375
2.4803009033203125
2.4376473426818848
2.414046287536621
2.438145160675049
2.420318841934204
2.437032461166382
2.4674320220947266
2.64259672164917
2.6641151905059814
2.6129305362701416
2.6655824184417725
2.637532949447632
2.6200504302978516
2.5958335399627686
2.6210155487060547
2.6081573963165283
2.615863800048828
2.9722867012023926
2.9176931381225586
2.946948528289795
2.9298508167266846
2.9074203968048096
2.9459168910980225
2.8878207206726074
2.8817265033721924
2.8372135162353516
2.870802879333496
3.13657283782959
3.1588168144226074
3.152709484100342
3.126849412918091
3.0893144607543945
3.1288721561431885
3.0837414264678955
3.1015148162841797
3.0738985538482666
3.049353837966919
3.3846826553344727
3.378382444381714
3.33408784866333
3.2927443981170654
3.296663999557495
3.289485454559326
3.3241913318634033
3.3199589252471924
3.2826783657073975
3.2928147315979004
3.3930249214172363
3.379448413848877
3.381272315979004
3.396538019180298
3.3276689052581787
3.3548903465270996
3.2559211254119873
3.3759639263153076
3.3363428115844727
3.243664503097534
3.8255820274353027
3.787618637084961
3.741969108581543
3.7769787311553955
3.76094913482666
3.812558650970459
3.785196542739868
3.657748222351074
3.748307704925537
3.680368423461914
2.621777296066284
2.550323724746704
2.5031211376190186
2.5026450157165527
2.5202441215515137
2.5158355236053467
2.467787742614746
2.3920648097991943
2.3535895347595215
2.3464648723602295
2.55074143409729
2.4791572093963623
2.4384193420410156
2.3955726623535156
2.4018805027008057
2.4003939628601074
2.3714306354522705
2.4022812843322754
2.332670211791992
2.320376396179199
2.55246639251709
2.5647811889648438
2.5175764560699463
2.5263421535491943
2.4600298404693604
2.484650135040283
2.4421064853668213
2.489774227142334
2.4412882328033447
2.441734552383423
2.7814652919769287
2.698773145675659
2.7035295963287354
2.7036492824554443
2.6920509338378906
2.6166627407073975
2.632406234741211
2.6174890995025635
2.578896999359131
2.578002452850342
3.1501924991607666
3.110072135925293
3.091078519821167
3.1387686729431152
3.1100354194641113
3.0453603267669678
3.0702342987060547
2.982296943664551
3.005281448364258
3.014389991760254
3.0864129066467285
3.1500120162963867
3.098090410232544
3.0332911014556885
2.9798641204833984
3.0150630474090576
3.043269157409668
2.976449728012085
2.970457077026367
2.9460833072662354
3.42926025390625
3.4527339935302734
3.460658073425293
3.3353421688079834
3.368015766143799
3.3792285919189453
3.311357259750366
3.3396332263946533
3.32063627243042
3.286308526992798
3.0978708267211914
3.1119232177734375
3.106694459915161
3.050206422805786
3.0186004638671875
2.9641544818878174
3.0481982231140137
2.9906632900238037
2.987973928451538
2.962745189666748
3.1623756885528564
3.073240041732788
3.0779335498809814
3.077618360519409
2.9948949813842773
3.045971393585205
2.999387264251709
2.977993965148926
2.934896469116211
2.9461450576782227
2.4981203079223633
2.4457809925079346
2.4246325492858887
2.4089016914367676
2.439351797103882
2.324237108230591
2.3507769107818604
2.3335962295532227
2.2288448810577393
2.2255606651306152
2.3984296321868896
2.3616092205047607
2.3237900733947754
2.307121515274048
2.3324272632598877
2.2945806980133057
2.2533822059631348
2.2610080242156982
2.2427978515625
2.2689929008483887
2.401677370071411
2.4083189964294434
2.3669815063476562
2.36190128326416
2.3086740970611572
2.3120946884155273
2.309922695159912
2.2922868728637695
2.269878625869751
2.2322795391082764
2.6548097133636475
2.682399272918701
2.6833178997039795
2.6500444412231445
2.657581090927124
2.622056245803833
2.5552353858947754
2.5829763412475586
2.5761101245880127
2.5458807945251465
2.8117454051971436
2.818390369415283
2.819455623626709
2.7970919609069824
2.799067497253418
2.7194695472717285
2.7916555404663086
2.7264244556427
2.6883347034454346
2.7241718769073486
3.0380144119262695
2.98854660987854
2.9701128005981445
2.943114995956421
2.956035614013672
2.9099631309509277
2.9736721515655518
2.887160062789917
2.88797926902771
2.8759522438049316
2.9568533897399902
2.8804256916046143
2.9421048164367676
2.908203601837158
2.8892979621887207
2.8911309242248535
2.907759189605713
2.923797607421875
2.8248119354248047
2.83603572845459
3.2723639011383057
3.2675998210906982
3.1930580139160156
3.2472379207611084
3.1931240558624268
3.1763226985931396
3.0975358486175537
3.1323037147521973
3.126673698425293
3.1116225719451904
3.310336112976074
3.3256454467773438
3.3294360637664795
3.301943063735962
3.2972300052642822
3.3009090423583984
3.2571163177490234
3.2365355491638184
3.2654919624328613
3.2068681716918945
1.8589674234390259
1.83823823928833
1.790470004081726
1.8185110092163086
1.7486284971237183
1.7720592021942139
1.7238638401031494
1.6965411901474
1.6488261222839355
1.6428625583648682
1.910407304763794
1.8823072910308838
1.8600916862487793
1.8540470600128174
1.8078848123550415
1.8254343271255493
1.8144687414169312
1.7713621854782104
1.790429949760437
1.7480980157852173
2.075749158859253
2.0477144718170166
2.0669965744018555
2.0192623138427734
2.0025031566619873
2.0155367851257324
1.9913631677627563
1.9810835123062134
1.9912056922912598
1.964107632637024
2.5429253578186035
2.5176331996917725
2.528709650039673
2.4478816986083984
2.473893642425537
2.441859722137451
2.4117984771728516
2.380614995956421
2.3783929347991943
2.339737892150879
2.7049503326416016
2.6990349292755127
2.6491315364837646
2.6617636680603027
2.63094425201416
2.578533172607422
2.6319308280944824
2.6120457649230957
2.532088279724121
2.551340341567993
3.072282552719116
3.107834815979004
3.022745132446289
3.0432522296905518
3.026958465576172
3.0012760162353516
3.002803325653076
2.958989143371582
2.9901654720306396
2.9377923011779785
3.0021719932556152
3.028653383255005
2.9838407039642334
2.951594352722168
2.9452407360076904
2.885908603668213
2.914151668548584
2.858919858932495
2.8246631622314453
2.890674591064453
3.078000068664551
3.0733654499053955
3.060925006866455
3.083064079284668
3.040656089782715
3.0077121257781982
3.0287444591522217
2.9613678455352783
2.9932754039764404
2.9899203777313232
3.237689971923828
3.2218542098999023
3.245893716812134
3.2134268283843994
3.1827645301818848
3.173982858657837
3.127072811126709
3.145942449569702
3.058011054992676
3.0947861671447754
2.3669121265411377
2.2697792053222656
2.2247426509857178
2.199368476867676
2.183900833129883
2.147963762283325
2.122861623764038
2.0654711723327637
2.0084943771362305
1.9769536256790161
2.135066509246826
2.1486575603485107
2.0704891681671143
2.131113290786743
2.0347952842712402
2.051623582839966
2.0072879791259766
1.9537681341171265
1.9754585027694702
1.9371380805969238
2.2108678817749023
2.2063372135162354
2.170875072479248
2.2084710597991943
2.147266387939453
2.083047866821289
2.0537049770355225
2.049974203109741
2.0474460124969482
2.028482437133789
2.5595760345458984
2.5543925762176514
2.420442581176758
2.4540793895721436
2.4963409900665283
2.402341365814209
2.3898777961730957
2.3669281005859375
2.335510730743408
2.31884503364563
2.9375650882720947
2.872091054916382
2.8220062255859375
2.843435049057007
2.7831037044525146
2.7766270637512207
2.730245590209961
2.658703327178955
2.661245346069336
2.6082632541656494
2.6701037883758545
2.5990066528320312
2.669931650161743
2.604985237121582
2.479517698287964
2.485182762145996
2.5121424198150635
2.3998122215270996
2.4314916133880615
2.371074676513672
3.010728597640991
2.9314308166503906
2.9721333980560303
2.867257833480835
2.9132449626922607
2.859368324279785
2.83021879196167
2.8387062549591064
2.7795469760894775
2.742602825164795
3.405527353286743
3.3820905685424805
3.329720973968506
3.3357956409454346
3.279902935028076
3.245816946029663
3.187734842300415
3.1640357971191406
3.137118339538574
3.1115024089813232
3.3109192848205566
3.268826723098755
3.1896352767944336
3.2016782760620117
3.2241499423980713
3.159371852874756
3.0585975646972656
3.0467984676361084
3.0702056884765625
3.0374600887298584
1.5149130821228027
1.5574290752410889
1.477598786354065
1.4364970922470093
1.4000521898269653
1.3808069229125977
1.3837168216705322
1.3645594120025635
1.3333661556243896
1.3329970836639404
1.4418081045150757
1.432841181755066
1.3817166090011597
1.4161235094070435
1.4100440740585327
1.3713475465774536
1.3565733432769775
1.3510266542434692
1.333143949508667
1.369903802871704
1.6004910469055176
1.584646224975586
1.567405343055725
1.5822076797485352
1.5131982564926147
1.4955852031707764
1.5051895380020142
1.4959843158721924
1.5289325714111328
1.4711201190948486
1.9146311283111572
1.8575868606567383
1.8693509101867676
1.870617151260376
1.855836033821106
1.8251019716262817
1.8313992023468018
1.80019211769104
1.8008196353912354
1.789379596710205
2.462141513824463
2.4411628246307373
2.3695015907287598
2.395327568054199
2.3320510387420654
2.3448736667633057
2.2950761318206787
2.2993621826171875
2.2791950702667236
2.308283805847168
3.004598617553711
2.9686245918273926
2.922717332839966
2.964664936065674
2.931166648864746
2.931785821914673
2.8550479412078857
2.8646812438964844
2.808712959289551
2.832775831222534
2.968158721923828
2.899334669113159
2.8976800441741943
2.9010860919952393
2.826925277709961
2.8070240020751953
2.8293983936309814
2.779531478881836
2.732201099395752
2.7391178607940674
3.3342411518096924
3.2928988933563232
3.2898125648498535
3.225844383239746
3.2252285480499268
3.1433048248291016
3.1400952339172363
3.103001117706299
3.1498539447784424
3.0768020153045654
3.2580599784851074
3.2464847564697266
3.315317153930664
3.248992681503296
3.2522106170654297
3.1529619693756104
3.1087806224823
3.1681933403015137
3.1385655403137207
3.067582130432129
2.579352855682373
2.5278847217559814
2.43572735786438
2.383023977279663
2.346890449523926
2.2881016731262207
2.206511974334717
2.165565013885498
2.142051935195923
2.0989904403686523
2.2530527114868164
2.1927809715270996
2.1419689655303955
2.168797254562378
2.0513241291046143
2.034705638885498
2.0234501361846924
2.0315520763397217
1.955033779144287
1.870023250579834
2.2940475940704346
2.228590965270996
2.132699728012085
2.078688859939575
2.1198580265045166
2.0454964637756348
2.016059398651123
1.9729318618774414
1.9192218780517578
1.9022163152694702
2.491251230239868
2.4371418952941895
2.362119197845459
2.27075457572937
2.2714715003967285
2.2148289680480957
2.188709020614624
2.1346728801727295
2.092355966567993
2.021822452545166
2.8280296325683594
2.8298470973968506
2.7564189434051514
2.6912364959716797
2.6453754901885986
2.593982696533203
2.514861822128296
2.481445074081421
2.4204816818237305
2.3617982864379883
2.9080138206481934
2.8308181762695312
2.7817766666412354
2.702174186706543
2.6908135414123535
2.624242067337036
2.565197467803955
2.5061755180358887
2.4848952293395996
2.4353225231170654
2.7967417240142822
2.7912328243255615
2.760737657546997
2.688899517059326
2.609951972961426
2.647132396697998
2.5890696048736572
2.5573110580444336
2.484459400177002
2.4632885456085205
3.1514241695404053
3.1553966999053955
3.1069254875183105
3.0115575790405273
3.020970582962036
2.996603012084961
2.917046308517456
2.950810670852661
2.8622634410858154
2.7687220573425293
3.3153467178344727
3.2639029026031494
3.1810243129730225
3.1496541500091553
3.1669857501983643
3.0842249393463135
3.1082873344421387
3.049774646759033
3.037785530090332
2.9873523712158203
1.2284281253814697
1.20504891872406
1.1576006412506104
1.1524745225906372
1.1165581941604614
1.0773570537567139
1.0621864795684814
1.0665172338485718
1.0076485872268677
1.0061932802200317
1.256225347518921
1.2185113430023193
1.236743688583374
1.2094992399215698
1.1531033515930176
1.1668224334716797
1.140368938446045
1.142875075340271
1.1548559665679932
1.09270179271698
1.513629674911499
1.504689335823059
1.5023099184036255
1.4997273683547974
1.4599332809448242
1.4540269374847412
1.4749865531921387
1.3939059972763062
1.4255340099334717
1.4026203155517578
1.8853089809417725
1.9040625095367432
1.8303651809692383
1.8358056545257568
1.8114757537841797
1.8448668718338013
1.767120361328125
1.765929937362671
1.7309751510620117
1.7598811388015747
2.5323030948638916
2.5080344676971436
2.5036444664001465
2.5036563873291016
2.459170341491699
2.3864974975585938
2.367530345916748
2.3420403003692627
2.3655691146850586
2.3389647006988525
2.789808750152588
2.7831039428710938
2.682191848754883
2.7277820110321045
2.6394214630126953
2.6905789375305176
2.6752634048461914
2.6088154315948486
2.5722157955169678
2.486306667327881
3.256817102432251
3.2217676639556885
3.18435001373291
3.1371073722839355
3.120209217071533
3.1217823028564453
3.069093704223633
2.9788899421691895
2.983820915222168
2.9615492820739746
3.297342538833618
3.284287929534912
3.171072244644165
3.176931858062744
3.1596319675445557
3.153944969177246
3.1194801330566406
3.1045114994049072
3.0724129676818848
3.0386316776275635
3.4043128490448
3.4288485050201416
3.336047649383545
3.3562090396881104
3.3286283016204834
3.311504364013672
3.186290740966797
3.1686031818389893
3.191373586654663
3.1813406944274902
