4.0592241287231445
4.054750919342041
4.050497055053711
4.05767297744751
4.0583038330078125
4.060932636260986
4.0586724281311035
4.060230255126953
4.060894966125488
4.051333427429199
4.068459987640381
4.0586748123168945
4.063320636749268
4.067072868347168
4.059451580047607
4.062945365905762
4.069852828979492
4.060668468475342
4.059268474578857
4.06288480758667
4.054807662963867
4.048168182373047
4.050633907318115
4.060491561889648
4.057188987731934
4.054066181182861
4.055829048156738
4.051296234130859
4.051616191864014
4.054450511932373
4.017427921295166
4.0218281745910645
4.020503997802734
4.0127997398376465
4.018093109130859
4.019225597381592
4.01637077331543
4.015655040740967
4.019858360290527
4.025213718414307
4.0269246101379395
4.029068470001221
4.024758338928223
4.025486469268799
4.022089958190918
4.027127742767334
4.020543575286865
4.020913600921631
4.033949851989746
4.028449535369873
4.028515815734863
4.031321048736572
4.03499698638916
4.019464492797852
4.032073497772217
4.038883209228516
4.0303168296813965
4.0299224853515625
4.02494478225708
4.035295486450195
4.025395393371582
4.025597095489502
4.028985977172852
4.028439998626709
4.021045684814453
4.027891159057617
4.026547431945801
4.021075248718262
4.0256195068359375
4.023593425750732
4.020519733428955
4.014314651489258
4.015179634094238
4.026249885559082
4.018477916717529
4.017813682556152
4.01152229309082
4.027062892913818
4.01957368850708
4.015965938568115
4.0298237800598145
4.036245822906494
4.033234119415283
4.032825469970703
4.035433292388916
4.032235145568848
4.0359416007995605
4.034522533416748
4.033818244934082
4.035278797149658
3.8148033618927
3.8198070526123047
3.8159029483795166
3.8027806282043457
3.806083917617798
3.8038277626037598
3.8061954975128174
3.7997324466705322
3.8072409629821777
3.8042471408843994
3.810084581375122
3.8152778148651123
3.81906795501709
3.840320348739624
3.816514492034912
3.824281930923462
3.8220057487487793
3.8009188175201416
3.811077117919922
3.8198070526123047
3.8224523067474365
3.8348751068115234
3.8121674060821533
3.817185163497925
3.8235578536987305
3.822331428527832
3.8292596340179443
3.8142693042755127
3.8173229694366455
3.8231284618377686
3.779897689819336
3.792036771774292
3.795112371444702
3.7768654823303223
3.7892634868621826
3.774142265319824
3.7774367332458496
3.7868661880493164
3.764857053756714
3.7726404666900635
3.8085439205169678
3.7892394065856934
3.7918801307678223
3.791189670562744
3.793423652648926
3.7825684547424316
3.78328800201416
3.790194272994995
3.793255567550659
3.779125213623047
3.7749252319335938
3.781831979751587
3.7928411960601807
3.779658555984497
3.7790470123291016
3.785252571105957
3.767364740371704
3.783574342727661
3.7752108573913574
3.7698652744293213
3.814727306365967
3.8074450492858887
3.8008646965026855
3.805058479309082
3.7937171459198
3.830387592315674
3.829176425933838
3.798048496246338
3.825509786605835
3.8079540729522705
3.826303482055664
3.833369493484497
3.836050271987915
3.8359620571136475
3.830601215362549
3.8242340087890625
3.825705051422119
3.836646556854248
3.8285467624664307
3.8162195682525635
3.8701839447021484
3.8843812942504883
3.8767261505126953
3.8578314781188965
3.869460105895996
3.872777223587036
3.864450454711914
3.8697080612182617
3.8759686946868896
3.868760108947754
2.7691006660461426
2.758866548538208
2.7515385150909424
2.7352519035339355
2.741034746170044
2.748685836791992
2.6858625411987305
2.7414910793304443
2.7294445037841797
2.734055280685425
2.7092161178588867
2.7176666259765625
2.6569719314575195
2.706791400909424
2.6555113792419434
2.6582746505737305
2.680851936340332
2.6366279125213623
2.650317668914795
2.6709630489349365
2.7356722354888916
2.726576328277588
2.7263636589050293
2.707414150238037
2.703159809112549
2.6874349117279053
2.7198686599731445
2.667668342590332
2.6987717151641846
2.6805267333984375
2.747957229614258
2.7562122344970703
2.7322402000427246
2.7178714275360107
2.756230592727661
2.7192201614379883
2.7104246616363525
2.713905096054077
2.728806495666504
2.716536045074463
2.884286880493164
2.8549954891204834
2.872492551803589
2.873532772064209
2.8721559047698975
2.816739320755005
2.883626937866211
2.8398046493530273
2.8495771884918213
2.8421177864074707
2.943603754043579
2.9580798149108887
2.928147554397583
2.9155850410461426
2.95550274848938
2.944333791732788
2.9284987449645996
2.8870439529418945
2.9472157955169678
2.896693468093872
3.145979404449463
3.159529685974121
3.1638636589050293
3.143455982208252
3.1222686767578125
3.0953094959259033
3.0956778526306152
3.1202330589294434
3.162146806716919
3.1090686321258545
3.4018046855926514
3.3836910724639893
3.3793370723724365
3.383268356323242
3.3534882068634033
3.354233503341675
3.347259998321533
3.3396358489990234
3.3196990489959717
3.351834297180176
3.5437417030334473
3.5229604244232178
3.5405213832855225
3.538346290588379
3.4780771732330322
3.5321691036224365
3.456791400909424
3.482987642288208
3.4687602519989014
3.497445821762085
