4.0592241287231445
4.054750919342041
4.050497055053711
4.05767297744751
4.0583038330078125
4.060932636260986
4.0586724281311035
4.060230255126953
4.060894966125488
4.051333427429199
4.068459987640381
4.0586748123168945
4.063320636749268
4.067072868347168
4.059451580047607
4.062945365905762
4.069852828979492
4.060668468475342
4.059268474578857
4.06288480758667
4.054807662963867
4.048168182373047
4.050633907318115
4.060491561889648
4.057188987731934
4.054066181182861
4.055829048156738
4.051296234130859
4.051616191864014
4.054450511932373
4.017427921295166
4.0218281745910645
4.020503997802734
4.0127997398376465
4.018093109130859
4.019225597381592
4.01637077331543
4.015655040740967
4.019858360290527
4.025213718414307
4.0269246101379395
4.029068470001221
4.024758338928223
4.025486469268799
4.022089958190918
4.027127742767334
4.020543575286865
4.020913600921631
4.033949851989746
4.028449535369873
4.028515815734863
4.031321048736572
4.03499698638916
4.019464492797852
4.032073497772217
4.038883209228516
4.0303168296813965
4.0299224853515625
4.02494478225708
4.035295486450195
4.025395393371582
4.025597095489502
4.028985977172852
4.028439998626709
4.021045684814453
4.027891159057617
4.026547431945801
4.021075248718262
4.0256195068359375
4.023593425750732
4.020519733428955
4.014314651489258
4.015179634094238
4.026249885559082
4.018477916717529
4.017813682556152
4.01152229309082
4.027062892913818
4.01957368850708
4.015965938568115
4.0298237800598145
4.036245822906494
4.033234119415283
4.032825469970703
4.035433292388916
4.032235145568848
4.0359416007995605
4.034522533416748
4.033818244934082
4.035278797149658
3.8148033618927
3.8198070526123047
3.8159029483795166
3.8027806282043457
3.806083917617798
3.8038277626037598
3.8061954975128174
3.7997324466705322
3.8072409629821777
3.8042471408843994
3.810084581375122
3.8152778148651123
3.81906795501709
3.840320348739624
3.816514492034912
3.824281930923462
3.8220057487487793
3.8009188175201416
3.811077117919922
3.8198070526123047
3.8224523067474365
3.8348751068115234
3.8121674060821533
3.817185163497925
3.8235578536987305
3.822331428527832
3.8292596340179443
3.8142693042755127
3.8173229694366455
3.8231284618377686
3.779897689819336
3.792036771774292
3.795112371444702
3.7768654823303223
3.7892634868621826
3.774142265319824
3.7774367332458496
3.7868661880493164
3.764857053756714
3.7726404666900635
3.8085439205169678
3.7892394065856934
3.7918801307678223
3.791189670562744
3.793423652648926
3.7825684547424316
3.78328800201416
3.790194272994995
3.793255567550659
3.779125213623047
3.7749252319335938
3.781831979751587
3.7928411960601807
3.779658555984497
3.7790470123291016
3.785252571105957
3.767364740371704
3.783574342727661
3.7752108573913574
3.7698652744293213
3.814727306365967
3.8074450492858887
3.8008646965026855
3.805058479309082
3.7937171459198
3.830387592315674
3.829176425933838
3.798048496246338
3.825509786605835
3.8079540729522705
3.826303482055664
3.833369493484497
3.836050271987915
3.8359620571136475
3.830601215362549
3.8242340087890625
3.825705051422119
3.836646556854248
3.8285467624664307
3.8162195682525635
3.8701839447021484
3.8843812942504883
3.8767261505126953
3.8578314781188965
3.869460105895996
3.872777223587036
3.864450454711914
3.8697080612182617
3.8759686946868896
3.868760108947754
2.7691006660461426
2.758866548538208
2.7515385150909424
2.7352519035339355
2.741034746170044
2.748685836791992
2.6858625411987305
2.7414910793304443
2.7294445037841797
2.734055280685425
2.7092161178588867
2.7176666259765625
2.6569719314575195
2.706791400909424
2.6555113792419434
2.6582746505737305
2.680851936340332
2.6366279125213623
2.650317668914795
2.6709630489349365
2.7356722354888916
2.726576328277588
2.7263636589050293
2.707414150238037
2.703159809112549
2.6874349117279053
2.7198686599731445
2.667668342590332
2.6987717151641846
2.6805267333984375
2.747957229614258
2.7562122344970703
2.7322402000427246
2.7178714275360107
2.756230592727661
2.7192201614379883
2.7104246616363525
2.713905096054077
2.728806495666504
2.716536045074463
2.884286880493164
2.8549954891204834
2.872492551803589
2.873532772064209
2.8721559047698975
2.816739320755005
2.883626937866211
2.8398046493530273
2.8495771884918213
2.8421177864074707
2.943603754043579
2.9580798149108887
2.928147554397583
2.9155850410461426
2.95550274848938
2.944333791732788
2.9284987449645996
2.8870439529418945
2.9472157955169678
2.896693468093872
3.145979404449463
3.159529685974121
3.1638636589050293
3.143455982208252
3.1222686767578125
3.0953094959259033
3.0956778526306152
3.1202330589294434
3.162146806716919
3.1090686321258545
3.4018046855926514
3.3836910724639893
3.3793370723724365
3.383268356323242
3.3534882068634033
3.354233503341675
3.347259998321533
3.3396358489990234
3.3196990489959717
3.351834297180176
3.5437417030334473
3.5229604244232178
3.5405213832855225
3.538346290588379
3.4780771732330322
3.5321691036224365
3.456791400909424
3.482987642288208
3.4687602519989014
3.497445821762085
2.497159481048584
2.488231658935547
2.4728891849517822
2.4642598628997803
2.4486923217773438
2.407052993774414
2.4601938724517822
2.4458014965057373
2.418814182281494
2.432297706604004
2.551022529602051
2.5480666160583496
2.520219564437866
2.5101959705352783
2.557910919189453
2.512073278427124
2.5562305450439453
2.5013930797576904
2.530567169189453
2.477980613708496
2.6341047286987305
2.617919683456421
2.629338502883911
2.622985363006592
2.6375837326049805
2.5943405628204346
2.5935447216033936
2.593045473098755
2.6174800395965576
2.6319968700408936
2.68802809715271
2.6453614234924316
2.694183349609375
2.6663808822631836
2.655388832092285
2.6413989067077637
2.647228956222534
2.6431667804718018
2.6664462089538574
2.6574392318725586
2.8509433269500732
2.85052490234375
2.8553926944732666
2.8630900382995605
2.8554890155792236
2.8671982288360596
2.8404154777526855
2.8493988513946533
2.8193752765655518
2.8247368335723877
3.148280382156372
3.140782594680786
3.106762170791626
3.116243600845337
3.102921962738037
3.0947232246398926
3.1172754764556885
3.1321661472320557
3.0606393814086914
3.054619550704956
3.4694440364837646
3.4546120166778564
3.4588863849639893
3.458997964859009
3.4080893993377686
3.4236583709716797
3.4561407566070557
3.4077441692352295
3.394406795501709
3.373664379119873
3.40206241607666
3.3742516040802
3.3571832180023193
3.3586864471435547
3.313267230987549
3.3366000652313232
3.340543270111084
3.391775369644165
3.2872486114501953
3.367788314819336
3.4873733520507812
3.4452483654022217
3.4921858310699463
3.474809408187866
3.470526695251465
3.461954116821289
3.460594415664673
3.43662691116333
3.4678850173950195
3.4370779991149902
2.2995219230651855
2.2663674354553223
2.2751331329345703
2.3005261421203613
2.2651007175445557
2.277719020843506
2.253873109817505
2.257115125656128
2.245335817337036
2.2641913890838623
2.3289597034454346
2.2965893745422363
2.317974090576172
2.320564031600952
2.314154863357544
2.304084300994873
2.3286712169647217
2.2926039695739746
2.293391704559326
2.2943882942199707
2.4822423458099365
2.4677159786224365
2.4897382259368896
2.4596939086914062
2.4491755962371826
2.467717409133911
2.451052188873291
2.4092795848846436
2.4147286415100098
2.42020583152771
2.6811580657958984
2.6785125732421875
2.66154146194458
2.6752820014953613
2.676629066467285
2.6717169284820557
2.6487338542938232
2.6438493728637695
2.6194257736206055
2.674593925476074
2.961336135864258
2.9827752113342285
2.964071750640869
2.934468984603882
2.9566736221313477
2.95509934425354
2.932804822921753
2.8936376571655273
2.9713003635406494
2.9003803730010986
3.1407480239868164
3.1628057956695557
3.1615047454833984
3.1368892192840576
3.1265978813171387
3.0790390968322754
3.123810052871704
3.1021571159362793
3.1303367614746094
3.089566469192505
3.0389702320098877
2.9817893505096436
2.9962899684906006
3.0207507610321045
2.9792704582214355
3.006753444671631
2.9741241931915283
2.9687325954437256
2.9750680923461914
2.9246740341186523
3.262282371520996
3.2607269287109375
3.296229600906372
3.256944179534912
3.2352800369262695
3.209948778152466
3.248223066329956
3.2157344818115234
3.220334529876709
3.132237195968628
3.6446115970611572
3.6609864234924316
3.629634380340576
3.5850908756256104
3.6057028770446777
3.619736909866333
3.579136371612549
3.588676691055298
3.5751380920410156
3.5947015285491943
2.0519840717315674
2.0550787448883057
2.0699446201324463
2.062070369720459
2.05368709564209
2.014007806777954
2.033339023590088
2.0575618743896484
2.0366158485412598
2.0494160652160645
2.176297187805176
2.1663730144500732
2.163299560546875
2.192225217819214
2.1521408557891846
2.1322450637817383
2.1371381282806396
2.160928726196289
2.156114339828491
2.102044105529785
2.3127970695495605
2.313608407974243
2.3040802478790283
2.265839099884033
2.2572741508483887
2.250566244125366
2.278928756713867
2.315337896347046
2.272613286972046
2.2326791286468506
2.551434278488159
2.580364227294922
2.50063157081604
2.543443202972412
2.5120599269866943
2.5270631313323975
2.571223020553589
2.521702527999878
2.5357398986816406
2.534585952758789
2.9494776725769043
2.907165288925171
2.9294872283935547
2.9236807823181152
2.89377760887146
2.9244351387023926
2.874122381210327
2.8708863258361816
2.8799870014190674
2.861706018447876
3.097076177597046
3.0506136417388916
3.0822386741638184
3.0442521572113037
3.076561212539673
3.0755343437194824
3.066603899002075
3.0660877227783203
3.024089813232422
3.016775131225586
3.3279783725738525
3.2674789428710938
3.26613187789917
3.2858433723449707
3.2620232105255127
3.228261947631836
3.292268753051758
3.324331521987915
3.2470834255218506
3.181500196456909
3.4037537574768066
3.3870151042938232
3.428755283355713
3.3880105018615723
3.333993673324585
3.3589589595794678
3.324876070022583
3.321542501449585
3.3020665645599365
3.3340485095977783
3.418842077255249
3.438084125518799
3.4629111289978027
3.421990156173706
3.387652635574341
3.4023280143737793
3.393014430999756
3.357614517211914
3.331587314605713
3.3744399547576904
2.331545352935791
2.3340978622436523
2.295199155807495
2.326768398284912
2.281919479370117
2.2762818336486816
2.2889976501464844
2.2694993019104004
2.2590298652648926
2.2467029094696045
2.372281789779663
2.398557186126709
2.3698325157165527
2.377795696258545
2.3327131271362305
2.339463949203491
2.3704724311828613
2.355527639389038
2.279771327972412
2.3247628211975098
2.5122976303100586
2.474891185760498
2.45794677734375
2.4803009033203125
2.4376473426818848
2.414046287536621
2.438145160675049
2.420318841934204
2.437032461166382
2.4674320220947266
2.64259672164917
2.6641151905059814
2.6129305362701416
2.6655824184417725
2.637532949447632
2.6200504302978516
2.5958335399627686
2.6210155487060547
2.6081573963165283
2.615863800048828
2.9722867012023926
2.9176931381225586
2.946948528289795
2.9298508167266846
2.9074203968048096
2.9459168910980225
2.8878207206726074
2.8817265033721924
2.8372135162353516
2.870802879333496
3.13657283782959
3.1588168144226074
3.152709484100342
3.126849412918091
3.0893144607543945
3.1288721561431885
3.0837414264678955
3.1015148162841797
3.0738985538482666
3.049353837966919
3.3846826553344727
3.378382444381714
3.33408784866333
3.2927443981170654
3.296663999557495
3.289485454559326
3.3241913318634033
3.3199589252471924
3.2826783657073975
3.2928147315979004
3.3930249214172363
3.379448413848877
3.381272315979004
3.396538019180298
3.3276689052581787
3.3548903465270996
3.2559211254119873
3.3759639263153076
3.3363428115844727
3.243664503097534
3.8255820274353027
3.787618637084961
3.741969108581543
3.7769787311553955
3.76094913482666
3.812558650970459
3.785196542739868
3.657748222351074
3.748307704925537
3.680368423461914
2.621777296066284
2.550323724746704
2.5031211376190186
2.5026450157165527
2.5202441215515137
2.5158355236053467
2.467787742614746
2.3920648097991943
2.3535895347595215
2.3464648723602295
2.55074143409729
2.4791572093963623
2.4384193420410156
2.3955726623535156
2.4018805027008057
2.4003939628601074
2.3714306354522705
2.4022812843322754
2.332670211791992
2.320376396179199
2.55246639251709
2.5647811889648438
2.5175764560699463
2.5263421535491943
2.4600298404693604
2.484650135040283
2.4421064853668213
2.489774227142334
2.4412882328033447
2.441734552383423
2.7814652919769287
2.698773145675659
2.7035295963287354
2.7036492824554443
2.6920509338378906
2.6166627407073975
2.632406234741211
2.6174890995025635
2.578896999359131
2.578002452850342
3.1501924991607666
3.110072135925293
3.091078519821167
3.1387686729431152
3.1100354194641113
3.0453603267669678
3.0702342987060547
2.982296943664551
3.005281448364258
3.014389991760254
3.0864129066467285
3.1500120162963867
3.098090410232544
3.0332911014556885
2.9798641204833984
3.0150630474090576
3.043269157409668
2.976449728012085
2.970457077026367
2.9460833072662354
3.42926025390625
3.4527339935302734
3.460658073425293
3.3353421688079834
3.368015766143799
3.3792285919189453
3.311357259750366
3.3396332263946533
3.32063627243042
3.286308526992798
3.0978708267211914
3.1119232177734375
3.106694459915161
3.050206422805786
3.0186004638671875
2.9641544818878174
3.0481982231140137
2.9906632900238037
2.987973928451538
2.962745189666748
3.1623756885528564
3.073240041732788
3.0779335498809814
3.077618360519409
2.9948949813842773
3.045971393585205
2.999387264251709
2.977993965148926
2.934896469116211
2.9461450576782227
2.4981203079223633
2.4457809925079346
2.4246325492858887
2.4089016914367676
2.439351797103882
2.324237108230591
2.3507769107818604
2.3335962295532227
2.2288448810577393
2.2255606651306152
2.3984296321868896
2.3616092205047607
2.3237900733947754
2.307121515274048
2.3324272632598877
2.2945806980133057
2.2533822059631348
2.2610080242156982
2.2427978515625
2.2689929008483887
2.401677370071411
2.4083189964294434
2.3669815063476562
2.36190128326416
2.3086740970611572
2.3120946884155273
2.309922695159912
2.2922868728637695
2.269878625869751
2.2322795391082764
2.6548097133636475
2.682399272918701
2.6833178997039795
2.6500444412231445
2.657581090927124
2.622056245803833
2.5552353858947754
2.5829763412475586
2.5761101245880127
2.5458807945251465
2.8117454051971436
2.818390369415283
2.819455623626709
2.7970919609069824
2.799067497253418
2.7194695472717285
2.7916555404663086
2.7264244556427
2.6883347034454346
2.7241718769073486
3.0380144119262695
2.98854660987854
2.9701128005981445
2.943114995956421
2.956035614013672
2.9099631309509277
2.9736721515655518
2.887160062789917
2.88797926902771
2.8759522438049316
2.9568533897399902
2.8804256916046143
2.9421048164367676
2.908203601837158
2.8892979621887207
2.8911309242248535
2.907759189605713
2.923797607421875
2.8248119354248047
2.83603572845459
3.2723639011383057
3.2675998210906982
3.1930580139160156
3.2472379207611084
3.1931240558624268
3.1763226985931396
3.0975358486175537
3.1323037147521973
3.126673698425293
3.1116225719451904
3.310336112976074
3.3256454467773438
3.3294360637664795
3.301943063735962
3.2972300052642822
3.3009090423583984
3.2571163177490234
3.2365355491638184
3.2654919624328613
3.2068681716918945
1.8589674234390259
1.83823823928833
1.790470004081726
1.8185110092163086
1.7486284971237183
1.7720592021942139
1.7238638401031494
1.6965411901474
1.6488261222839355
1.6428625583648682
1.910407304763794
1.8823072910308838
1.8600916862487793
1.8540470600128174
1.8078848123550415
1.8254343271255493
1.8144687414169312
1.7713621854782104
1.790429949760437
1.7480980157852173
2.075749158859253
2.0477144718170166
2.0669965744018555
2.0192623138427734
2.0025031566619873
2.0155367851257324
1.9913631677627563
1.9810835123062134
1.9912056922912598
1.964107632637024
2.5429253578186035
2.5176331996917725
2.528709650039673
2.4478816986083984
2.473893642425537
2.441859722137451
2.4117984771728516
2.380614995956421
2.3783929347991943
2.339737892150879
2.7049503326416016
2.6990349292755127
2.6491315364837646
2.6617636680603027
2.63094425201416
2.578533172607422
2.6319308280944824
2.6120457649230957
2.532088279724121
2.551340341567993
3.072282552719116
3.107834815979004
3.022745132446289
3.0432522296905518
3.026958465576172
3.0012760162353516
3.002803325653076
2.958989143371582
2.9901654720306396
2.9377923011779785
3.0021719932556152
3.028653383255005
2.9838407039642334
2.951594352722168
2.9452407360076904
2.885908603668213
2.914151668548584
2.858919858932495
2.8246631622314453
2.890674591064453
3.078000068664551
3.0733654499053955
3.060925006866455
3.083064079284668
3.040656089782715
3.0077121257781982
3.0287444591522217
2.9613678455352783
2.9932754039764404
2.9899203777313232
3.237689971923828
3.2218542098999023
3.245893716812134
3.2134268283843994
3.1827645301818848
3.173982858657837
3.127072811126709
3.145942449569702
3.058011054992676
3.0947861671447754
2.3669121265411377
2.2697792053222656
2.2247426509857178
2.199368476867676
2.183900833129883
2.147963762283325
2.122861623764038
2.0654711723327637
2.0084943771362305
1.9769536256790161
2.135066509246826
2.1486575603485107
2.0704891681671143
2.131113290786743
2.0347952842712402
2.051623582839966
2.0072879791259766
1.9537681341171265
1.9754585027694702
1.9371380805969238
2.2108678817749023
2.2063372135162354
2.170875072479248
2.2084710597991943
2.147266387939453
2.083047866821289
2.0537049770355225
2.049974203109741
2.0474460124969482
2.028482437133789
2.5595760345458984
2.5543925762176514
2.420442581176758
2.4540793895721436
2.4963409900665283
2.402341365814209
2.3898777961730957
2.3669281005859375
2.335510730743408
2.31884503364563
2.9375650882720947
2.872091054916382
2.8220062255859375
2.843435049057007
2.7831037044525146
2.7766270637512207
2.730245590209961
2.658703327178955
2.661245346069336
2.6082632541656494
2.6701037883758545
2.5990066528320312
2.669931650161743
2.604985237121582
2.479517698287964
2.485182762145996
2.5121424198150635
2.3998122215270996
2.4314916133880615
2.371074676513672
3.010728597640991
2.9314308166503906
2.9721333980560303
2.867257833480835
2.9132449626922607
2.859368324279785
2.83021879196167
2.8387062549591064
2.7795469760894775
2.742602825164795
3.405527353286743
3.3820905685424805
3.329720973968506
3.3357956409454346
3.279902935028076
3.245816946029663
3.187734842300415
3.1640357971191406
3.137118339538574
3.1115024089813232
3.3109192848205566
3.268826723098755
3.1896352767944336
3.2016782760620117
3.2241499423980713
3.159371852874756
3.0585975646972656
3.0467984676361084
3.0702056884765625
3.0374600887298584
1.5149130821228027
1.5574290752410889
1.477598786354065
1.4364970922470093
1.4000521898269653
1.3808069229125977
1.3837168216705322
1.3645594120025635
1.3333661556243896
1.3329970836639404
1.4418081045150757
1.432841181755066
1.3817166090011597
1.4161235094070435
1.4100440740585327
1.3713475465774536
1.3565733432769775
1.3510266542434692
1.333143949508667
1.369903802871704
1.6004910469055176
1.584646224975586
1.567405343055725
1.5822076797485352
1.5131982564926147
1.4955852031707764
1.5051895380020142
1.4959843158721924
1.5289325714111328
1.4711201190948486
1.9146311283111572
1.8575868606567383
1.8693509101867676
1.870617151260376
1.855836033821106
1.8251019716262817
1.8313992023468018
1.80019211769104
1.8008196353912354
1.789379596710205
2.462141513824463
2.4411628246307373
2.3695015907287598
2.395327568054199
2.3320510387420654
2.3448736667633057
2.2950761318206787
2.2993621826171875
2.2791950702667236
2.308283805847168
3.004598617553711
2.9686245918273926
2.922717332839966
2.964664936065674
2.931166648864746
2.931785821914673
2.8550479412078857
2.8646812438964844
2.808712959289551
2.832775831222534
2.968158721923828
2.899334669113159
2.8976800441741943
2.9010860919952393
2.826925277709961
2.8070240020751953
2.8293983936309814
2.779531478881836
2.732201099395752
2.7391178607940674
3.3342411518096924
3.2928988933563232
3.2898125648498535
3.225844383239746
3.2252285480499268
3.1433048248291016
3.1400952339172363
3.103001117706299
3.1498539447784424
3.0768020153045654
3.2580599784851074
3.2464847564697266
3.315317153930664
3.248992681503296
3.2522106170654297
3.1529619693756104
3.1087806224823
3.1681933403015137
3.1385655403137207
3.067582130432129
2.579352855682373
2.5278847217559814
2.43572735786438
2.383023977279663
2.346890449523926
2.2881016731262207
2.206511974334717
2.165565013885498
2.142051935195923
2.0989904403686523
2.2530527114868164
2.1927809715270996
2.1419689655303955
2.168797254562378
2.0513241291046143
2.034705638885498
2.0234501361846924
2.0315520763397217
1.955033779144287
1.870023250579834
2.2940475940704346
2.228590965270996
2.132699728012085
2.078688859939575
2.1198580265045166
2.0454964637756348
2.016059398651123
1.9729318618774414
1.9192218780517578
1.9022163152694702
2.491251230239868
2.4371418952941895
2.362119197845459
2.27075457572937
2.2714715003967285
2.2148289680480957
2.188709020614624
2.1346728801727295
2.092355966567993
2.021822452545166
2.8280296325683594
2.8298470973968506
2.7564189434051514
2.6912364959716797
2.6453754901885986
2.593982696533203
2.514861822128296
2.481445074081421
2.4204816818237305
2.3617982864379883
2.9080138206481934
2.8308181762695312
2.7817766666412354
2.702174186706543
2.6908135414123535
2.624242067337036
2.565197467803955
2.5061755180358887
2.4848952293395996
2.4353225231170654
2.7967417240142822
2.7912328243255615
2.760737657546997
2.688899517059326
2.609951972961426
2.647132396697998
2.5890696048736572
2.5573110580444336
2.484459400177002
2.4632885456085205
3.1514241695404053
3.1553966999053955
3.1069254875183105
3.0115575790405273
3.020970582962036
2.996603012084961
2.917046308517456
2.950810670852661
2.8622634410858154
2.7687220573425293
3.3153467178344727
3.2639029026031494
3.1810243129730225
3.1496541500091553
3.1669857501983643
3.0842249393463135
3.1082873344421387
3.049774646759033
3.037785530090332
2.9873523712158203
1.2284281253814697
1.20504891872406
1.1576006412506104
1.1524745225906372
1.1165581941604614
1.0773570537567139
1.0621864795684814
1.0665172338485718
1.0076485872268677
1.0061932802200317
1.256225347518921
1.2185113430023193
1.236743688583374
1.2094992399215698
1.1531033515930176
1.1668224334716797
1.140368938446045
1.142875075340271
1.1548559665679932
1.09270179271698
1.513629674911499
1.504689335823059
1.5023099184036255
1.4997273683547974
1.4599332809448242
1.4540269374847412
1.4749865531921387
1.3939059972763062
1.4255340099334717
1.4026203155517578
1.8853089809417725
1.9040625095367432
1.8303651809692383
1.8358056545257568
1.8114757537841797
1.8448668718338013
1.767120361328125
1.765929937362671
1.7309751510620117
1.7598811388015747
2.5323030948638916
2.5080344676971436
2.5036444664001465
2.5036563873291016
2.459170341491699
2.3864974975585938
2.367530345916748
2.3420403003692627
2.3655691146850586
2.3389647006988525
2.789808750152588
2.7831039428710938
2.682191848754883
2.7277820110321045
2.6394214630126953
2.6905789375305176
2.6752634048461914
2.6088154315948486
2.5722157955169678
2.486306667327881
3.256817102432251
3.2217676639556885
3.18435001373291
3.1371073722839355
3.120209217071533
3.1217823028564453
3.069093704223633
2.9788899421691895
2.983820915222168
2.9615492820739746
3.297342538833618
3.284287929534912
3.171072244644165
3.176931858062744
3.1596319675445557
3.153944969177246
3.1194801330566406
3.1045114994049072
3.0724129676818848
3.0386316776275635
3.4043128490448
3.4288485050201416
3.336047649383545
3.3562090396881104
3.3286283016204834
3.311504364013672
3.186290740966797
3.1686031818389893
3.191373586654663
3.1813406944274902
2.151230573654175
2.1193721294403076
2.0504150390625
2.050286054611206
1.9492738246917725
1.9091079235076904
1.8268431425094604
1.7780654430389404
1.7673349380493164
1.711018443107605
2.106299638748169
2.043156862258911
1.9923313856124878
1.9573702812194824
1.8940088748931885
1.873040795326233
1.8409874439239502
1.7894469499588013
1.7575700283050537
1.7530688047409058
2.3738112449645996
2.316032648086548
2.295170545578003
2.2381770610809326
2.238337278366089
2.1458380222320557
2.1013965606689453
2.055771589279175
2.0449633598327637
2.007575511932373
2.840869665145874
2.7791590690612793
2.6650824546813965
2.6661410331726074
2.574582099914551
2.546400785446167
2.4405088424682617
2.463550567626953
2.3993444442749023
2.370448112487793
3.025290012359619
2.9348526000976562
2.896437168121338
2.8120696544647217
2.733707904815674
2.729060649871826
2.6940083503723145
2.5694947242736816
2.601447582244873
2.5082759857177734
3.2331795692443848
3.086503744125366
3.1071689128875732
2.9896206855773926
2.9813480377197266
2.9171459674835205
2.7952592372894287
2.7865817546844482
2.7609291076660156
2.6894893646240234
2.817577362060547
2.813541889190674
2.7666423320770264
2.7018508911132812
2.665675401687622
2.5642480850219727
2.5892601013183594
2.520460844039917
2.462827682495117
2.446418285369873
2.962738275527954
2.9759016036987305
2.8481333255767822
2.890639305114746
2.8050594329833984
2.741590738296509
2.727325201034546
2.656256914138794
2.547070026397705
2.614020824432373
3.2687604427337646
3.178666591644287
3.1225430965423584
3.0888097286224365
3.0083158016204834
2.8950493335723877
2.9743099212646484
2.8689398765563965
2.8056092262268066
2.7887721061706543
1.0253628492355347
0.9920092821121216
0.9481287598609924
0.9121050238609314
0.8826243877410889
0.8500797152519226
0.8440150022506714
0.8087421655654907
0.8050306439399719
0.7865258455276489
1.1307010650634766
1.0991227626800537
1.0794907808303833
1.0466657876968384
1.0279585123062134
1.0123769044876099
1.0059858560562134
0.9594485759735107
0.9593380689620972
0.948884129524231
1.3808209896087646
1.3802417516708374
1.3537256717681885
1.310903787612915
1.3142919540405273
1.2504323720932007
1.2911176681518555
1.2541849613189697
1.2271430492401123
1.2296035289764404
1.8204600811004639
1.7893478870391846
1.7544358968734741
1.7172863483428955
1.7070608139038086
1.6842881441116333
1.6621813774108887
1.6468548774719238
1.6093677282333374
1.5837888717651367
2.410263776779175
2.3688721656799316
2.383488178253174
2.3573882579803467
2.2984986305236816
2.2337751388549805
2.2472002506256104
2.195443868637085
2.1590943336486816
2.1728506088256836
2.8978071212768555
2.880690813064575
2.853712558746338
2.7422566413879395
2.7334413528442383
2.7464380264282227
2.7151637077331543
2.733616590499878
2.62076735496521
2.595944881439209
2.8013193607330322
2.6607306003570557
2.68215012550354
2.6440770626068115
2.572106122970581
2.611419916152954
2.5551798343658447
2.5225462913513184
2.501256227493286
2.411069393157959
3.0940239429473877
3.041304588317871
3.0027053356170654
3.0176353454589844
2.971895456314087
2.9480857849121094
2.8988027572631836
2.7730071544647217
2.8253819942474365
2.8134684562683105
2.875379800796509
2.8676724433898926
2.7665770053863525
2.777686595916748
2.711029291152954
2.738555431365967
2.6423981189727783
2.670398712158203
2.6540439128875732
2.52829909324646
0.792817234992981
0.7502033710479736
0.7434403300285339
0.6749116778373718
0.6541080474853516
0.635412335395813
0.6066526770591736
0.5998620390892029
0.5810686349868774
0.5513250231742859
0.8924291729927063
0.9024068117141724
0.8216631412506104
0.84077388048172
0.832801878452301
0.7825585603713989
0.7824129462242126
0.771790087223053
0.7695464491844177
0.7273931503295898
1.2412687540054321
1.224901795387268
1.2242319583892822
1.2019667625427246
1.1754742860794067
1.120845079421997
1.1232032775878906
1.0763784646987915
1.0687509775161743
1.0501182079315186
1.8294005393981934
1.7786152362823486
1.8041958808898926
1.7383105754852295
1.7085157632827759
1.6861461400985718
1.6821485757827759
1.609516978263855
1.5895315408706665
1.5816329717636108
2.4666998386383057
2.4590020179748535
2.347052574157715
2.3252146244049072
2.2680840492248535
2.298847198486328
2.2106072902679443
2.1975085735321045
2.2077395915985107
2.15476131439209
2.444790840148926
2.41513991355896
2.3508028984069824
2.3477368354797363
2.295508861541748
2.262561559677124
2.236637592315674
2.1852550506591797
2.1259939670562744
2.122589111328125
2.9744997024536133
2.9270071983337402
2.830946445465088
2.8197951316833496
2.7808096408843994
2.774233102798462
2.6319103240966797
2.6774516105651855
2.537977933883667
2.518773078918457
2.8641881942749023
2.8132736682891846
2.744098424911499
2.6960363388061523
2.688236713409424
2.685490369796753
2.61133074760437
2.5714590549468994
2.5288405418395996
2.508448600769043
3.2557029724121094
3.203136920928955
3.138793706893921
3.132608652114868
3.0263071060180664
2.943791627883911
2.968474864959717
2.9032785892486572
2.873945713043213
2.8477673530578613
0.890297532081604
0.8818556070327759
0.8478745222091675
0.8130616545677185
0.7904027104377747
0.7687208652496338
0.7523797154426575
0.7061914205551147
0.6930400133132935
0.6832095980644226
1.060378074645996
1.058267593383789
1.0401650667190552
1.0351345539093018
0.9669506549835205
0.9508062601089478
0.9619894027709961
0.9310184717178345
0.9042950868606567
0.8816061019897461
1.3956234455108643
1.3156845569610596
1.3649847507476807
1.2791060209274292
1.2735633850097656
1.216971516609192
1.2096247673034668
1.1840635538101196
1.1897108554840088
1.1471176147460938
1.8212640285491943
1.752772569656372
1.7752788066864014
1.685903549194336
1.6457300186157227
1.6694892644882202
1.6036922931671143
1.5818920135498047
1.5582877397537231
1.5697263479232788
2.243610143661499
2.1996898651123047
2.165903329849243
2.167372226715088
2.0773379802703857
2.0561509132385254
1.9831452369689941
1.9461004734039307
1.9552472829818726
1.9112184047698975
2.7007193565368652
2.601613759994507
2.5849766731262207
2.53651762008667
2.495485544204712
2.416095495223999
2.3565890789031982
2.3352456092834473
2.3152382373809814
2.2761292457580566
2.8102736473083496
2.7813374996185303
2.7441301345825195
2.7063539028167725
2.659024477005005
2.609417200088501
2.5710177421569824
2.5043461322784424
2.5096547603607178
2.4740042686462402
3.354152202606201
3.3328144550323486
3.2752676010131836
3.231076717376709
3.1430492401123047
3.1384122371673584
3.1107752323150635
3.058784008026123
2.9870362281799316
3.0321693420410156
2.8435111045837402
2.8317692279815674
2.7602875232696533
2.744927167892456
2.729015827178955
2.7100374698638916
2.657153606414795
2.6140894889831543
2.574427843093872
2.5402212142944336
1.439102292060852
1.4347487688064575
1.3553820848464966
1.3365908861160278
1.2784274816513062
1.273363709449768
1.24709951877594
1.181517243385315
1.1845629215240479
1.1891205310821533
1.4068132638931274
1.3880112171173096
1.378726601600647
1.2991071939468384
1.31647527217865
1.2933439016342163
1.2644016742706299
1.23947012424469
1.2211402654647827
1.2072170972824097
1.5423862934112549
1.5293083190917969
1.487040638923645
1.489501714706421
1.4362691640853882
1.4250624179840088
1.4126489162445068
1.4194227457046509
1.358832597732544
1.3305351734161377
1.9001785516738892
1.9044408798217773
1.8677321672439575
1.8665168285369873
1.8191171884536743
1.7898249626159668
1.7717581987380981
1.7703276872634888
1.7323973178863525
1.7529523372650146
2.5670711994171143
2.5326826572418213
2.460988759994507
2.4996678829193115
2.37758469581604
2.3895809650421143
2.3313851356506348
2.2815589904785156
2.2966291904449463
2.208721160888672
2.8176403045654297
2.737415313720703
2.7302987575531006
2.710017204284668
2.6807432174682617
2.590900421142578
2.601170539855957
2.538280725479126
2.5307059288024902
2.484706401824951
2.902315139770508
2.8222405910491943
2.8551108837127686
2.776785373687744
2.7434239387512207
2.689894676208496
2.625284194946289
2.6324262619018555
2.5621964931488037
2.6220226287841797
3.1071672439575195
3.085090398788452
3.103882312774658
3.041228771209717
3.0277607440948486
3.0020477771759033
2.915844678878784
2.9072206020355225
2.8799972534179688
2.857024669647217
3.4671545028686523
3.3797218799591064
3.350105047225952
3.2989866733551025
3.2882728576660156
3.2624549865722656
3.2295799255371094
3.201099395751953
3.156926393508911
3.112504005432129
0.8889713287353516
0.8424833416938782
0.7901078462600708
0.8078722357749939
0.7568333745002747
0.7532229423522949
0.7527743577957153
0.7383954524993896
0.6817216873168945
0.6867383718490601
1.0446645021438599
1.0120960474014282
1.000778317451477
0.9647051095962524
0.9695694446563721
0.9841528534889221
0.9290789365768433
0.9317910671234131
0.9066753387451172
0.8945881724357605
1.3910666704177856
1.3567982912063599
1.376878261566162
1.3553519248962402
1.2883168458938599
1.2998067140579224
1.3051691055297852
1.2722368240356445
1.2673463821411133
1.220962643623352
1.9040850400924683
1.8084962368011475
1.8051888942718506
1.7760241031646729
1.8096622228622437
1.744912028312683
1.765602946281433
1.7270166873931885
1.7391324043273926
1.7073554992675781
2.3995962142944336
2.3331458568573
2.3102188110351562
2.2580649852752686
2.2061383724212646
2.2020792961120605
2.2437968254089355
2.219985008239746
2.142181158065796
2.1789815425872803
3.1561179161071777
3.127913236618042
3.0882651805877686
3.0893073081970215
3.0151164531707764
2.9851534366607666
2.940232753753662
2.888538360595703
2.8849003314971924
2.7923059463500977
3.306326389312744
3.2936038970947266
3.213906764984131
3.136065721511841
3.201188802719116
3.0713512897491455
3.052703619003296
2.9857800006866455
2.9738097190856934
2.907383680343628
3.0214383602142334
3.0764098167419434
3.0003581047058105
2.967038154602051
2.9329960346221924
2.9455621242523193
2.8737056255340576
2.871220588684082
2.854844331741333
2.7834014892578125
2.9865479469299316
2.9717259407043457
2.8897619247436523
2.887941360473633
2.861250400543213
2.8310160636901855
2.8156120777130127
2.7551958560943604
2.7669646739959717
2.7161624431610107
0.649298906326294
0.6072276830673218
0.5900145173072815
0.5957666039466858
0.5957943201065063
0.570144772529602
0.5369246602058411
0.5501697659492493
0.5063526034355164
0.5367785692214966
0.86360764503479
0.8403624892234802
0.815136194229126
0.8304239511489868
0.8591006398200989
0.8362284898757935
0.7696782946586609
0.7873958349227905
0.7732987403869629
0.7834698557853699
1.291602373123169
1.2952207326889038
1.2934458255767822
1.271384358406067
1.254356861114502
1.2141234874725342
1.2067370414733887
1.171764850616455
1.1736818552017212
1.2041337490081787
1.8173086643218994
1.7788721323013306
1.772484302520752
1.729300618171692
1.7124499082565308
1.6919035911560059
1.6750260591506958
1.635223627090454
1.6827260255813599
1.6215262413024902
2.510542392730713
2.4964237213134766
2.4782066345214844
2.4225032329559326
2.3584303855895996
2.3547298908233643
2.35666823387146
2.336229085922241
2.3477652072906494
2.2487077713012695
2.746931314468384
2.7624266147613525
2.6614975929260254
2.675741672515869
2.6195857524871826
2.595468282699585
2.591773509979248
2.549159526824951
2.5287599563598633
2.5503883361816406
2.8045594692230225
2.722113847732544
2.756742477416992
2.6993424892425537
2.696526288986206
2.715596914291382
2.6738014221191406
2.644789934158325
2.582911252975464
2.5875720977783203
3.195067882537842
3.1450092792510986
3.1668026447296143
3.119713306427002
3.1096596717834473
3.046610116958618
3.0396575927734375
2.986802816390991
2.9704177379608154
2.9535653591156006
3.4131088256835938
3.3771169185638428
3.3184714317321777
3.3243703842163086
3.3572843074798584
3.239506244659424
3.24098539352417
3.181898832321167
3.1522698402404785
3.135455369949341
1.1522232294082642
1.1275895833969116
1.0821702480316162
1.0621230602264404
1.0210998058319092
1.0198618173599243
0.9959290623664856
0.9637249112129211
0.9350442886352539
0.9184231162071228
1.2790350914001465
1.2580184936523438
1.2059849500656128
1.2029762268066406
1.1651023626327515
1.1275368928909302
1.103219985961914
1.1403433084487915
1.069602370262146
1.0711606740951538
1.5120912790298462
1.4953910112380981
1.4924731254577637
1.4352365732192993
1.4166158437728882
1.4066706895828247
1.3845380544662476
1.3885568380355835
1.339072346687317
1.3017851114273071
1.9204798936843872
1.8736002445220947
1.8508771657943726
1.8426836729049683
1.780693769454956
1.7512261867523193
1.7112325429916382
1.6673266887664795
1.6337084770202637
1.6148672103881836
2.601315975189209
2.4781899452209473
2.4491329193115234
2.4118075370788574
2.3796350955963135
2.340481996536255
2.297654390335083
2.215334892272949
2.1968648433685303
2.140890598297119
2.755357265472412
2.6798064708709717
2.6612212657928467
2.6062498092651367
2.502676486968994
2.500274181365967
2.4463627338409424
2.487851619720459
2.3526840209960938
2.320525884628296
3.018955707550049
2.9551615715026855
2.935915470123291
2.8905189037323
2.7872214317321777
2.7406389713287354
2.7488036155700684
2.7119557857513428
2.668790340423584
2.6179800033569336
3.0024309158325195
2.906243085861206
2.8700006008148193
2.807643413543701
2.814493179321289
2.7215700149536133
2.7018115520477295
2.695685386657715
2.658252716064453
2.6078941822052
2.8085780143737793
2.699082136154175
2.7523131370544434
2.6734426021575928
2.647730827331543
2.6195709705352783
2.569535255432129
2.4794507026672363
2.47611665725708
2.506617784500122
0.46149393916130066
0.45924752950668335
0.42633143067359924
0.4521307349205017
0.41210007667541504
0.4206702411174774
0.4265283942222595
0.39398860931396484
0.38805845379829407
0.3969782888889313
0.7653344869613647
0.7241269946098328
0.7085709571838379
0.7421278357505798
0.6818437576293945
0.6912168860435486
0.6862491965293884
0.6415265798568726
0.6538663506507874
0.6430195569992065
1.1542418003082275
1.1309140920639038
1.0869801044464111
1.066422462463379
1.0741374492645264
1.0740559101104736
1.0289504528045654
1.0545929670333862
1.0097246170043945
1.0322558879852295
1.6326860189437866
1.5933455228805542
1.5565239191055298
1.547629952430725
1.5487014055252075
1.5293000936508179
1.5059888362884521
1.5275784730911255
1.4762461185455322
1.4411852359771729
2.2887508869171143
2.3006606101989746
2.2594833374023438
2.2070722579956055
2.201047420501709
2.1820785999298096
2.137819290161133
2.1296749114990234
2.09657621383667
2.0604968070983887
2.9256505966186523
2.8357105255126953
2.7947304248809814
2.786501884460449
2.7827813625335693
2.723998785018921
2.7234573364257812
2.699436664581299
2.6714491844177246
2.604954719543457
2.9729130268096924
2.9049999713897705
2.869570255279541
2.8667359352111816
2.829622507095337
2.7906901836395264
2.8235716819763184
2.7667551040649414
2.7848055362701416
2.6953868865966797
3.015151262283325
3.0085113048553467
3.0089025497436523
3.000880718231201
2.975940704345703
2.9303274154663086
2.862218141555786
2.833587169647217
2.915475845336914
2.853092670440674
2.79256272315979
2.765676498413086
2.7633702754974365
2.7282557487487793
2.651815414428711
2.6935203075408936
2.662537097930908
2.617992877960205
2.5927422046661377
2.6060705184936523
0.8458495736122131
0.8358653783798218
0.7735037207603455
0.7526033520698547
0.736061692237854
0.6893249154090881
0.6642966270446777
0.6479570865631104
0.6287328600883484
0.608311116695404
1.005969524383545
1.0049680471420288
0.9718691110610962
0.9264001250267029
0.9113345742225647
0.9175320267677307
0.9202532172203064
0.8683793544769287
0.833474338054657
0.8283792734146118
1.4324568510055542
1.427029013633728
1.370807409286499
1.3221700191497803
1.287570595741272
1.310276985168457
1.2525125741958618
1.2142566442489624
1.2155474424362183
1.1843537092208862
1.8276684284210205
1.766896367073059
1.7163467407226562
1.706099271774292
1.68803870677948
1.620583176612854
1.618925929069519
1.5876463651657104
1.5437735319137573
1.5182271003723145
2.3908302783966064
2.389692783355713
2.3351454734802246
2.267070770263672
2.2053513526916504
2.1945183277130127
2.1503567695617676
2.094637155532837
2.074248790740967
2.0664117336273193
2.730808734893799
2.6894545555114746
2.5786936283111572
2.528902769088745
2.466763973236084
2.466054916381836
2.435962677001953
2.3888421058654785
2.267605781555176
2.272085666656494
2.889019727706909
2.8494908809661865
2.834118604660034
2.697840452194214
2.6738011837005615
2.600513458251953
2.579115152359009
2.57668137550354
2.455676794052124
2.495537757873535
3.146359920501709
3.072368621826172
2.999321460723877
2.9392669200897217
2.912959337234497
2.840020179748535
2.808298110961914
2.7480173110961914
2.713489294052124
2.66886830329895
3.0139408111572266
3.006324529647827
2.9286155700683594
2.888268232345581
2.8146886825561523
2.7781307697296143
2.753688097000122
2.6958491802215576
2.6177101135253906
2.5729422569274902
0.44838130474090576
0.42115816473960876
0.40351903438568115
0.4174789488315582
0.3956645429134369
0.3993028402328491
0.3629869818687439
0.36321452260017395
0.3545072376728058
0.3563387393951416
0.6936221718788147
0.6796627640724182
0.6695244908332825
0.6344406008720398
0.6323954463005066
0.644123911857605
0.6057639122009277
0.5935921669006348
0.5864431858062744
0.5690460205078125
1.118383526802063
1.0777242183685303
1.0569087266921997
1.0256372690200806
1.018203616142273
0.9891808032989502
0.9969998598098755
0.988389253616333
0.9283345341682434
0.982753574848175
1.5927420854568481
1.5525767803192139
1.539900541305542
1.4786194562911987
1.5070548057556152
1.4396109580993652
1.4275155067443848
1.4130525588989258
1.3910325765609741
1.385167121887207
2.308570146560669
2.2499194145202637
2.219697952270508
2.1970951557159424
2.119633197784424
2.10894513130188
2.07883882522583
1.9852708578109741
1.9645975828170776
1.9526265859603882
2.450265407562256
2.407686471939087
2.3895177841186523
2.368147373199463
2.3246214389801025
2.2951292991638184
2.2944412231445312
2.2256674766540527
2.2294180393218994
2.139134645462036
2.7457125186920166
2.756408929824829
2.6555607318878174
2.6182162761688232
2.614098072052002
2.597330093383789
2.56722092628479
2.548110246658325
2.4736194610595703
2.4673876762390137
2.436973810195923
2.365863084793091
2.3142647743225098
2.287245988845825
2.2453558444976807
2.3194432258605957
2.2402546405792236
2.1831047534942627
2.1906261444091797
2.1362955570220947
2.9580764770507812
2.8882737159729004
2.866990327835083
2.9014296531677246
2.781784772872925
2.727708339691162
2.7086586952209473
2.6725707054138184
2.601602077484131
2.6532585620880127
1.867524266242981
1.7728983163833618
1.6813907623291016
1.5933897495269775
1.5193287134170532
1.4560761451721191
1.4184705018997192
1.3403868675231934
1.294167399406433
1.2529189586639404
1.6527199745178223
1.5897785425186157
1.5530165433883667
1.477867841720581
1.4427855014801025
1.4013460874557495
1.4103074073791504
1.3415203094482422
1.3103224039077759
1.3146491050720215
1.9056434631347656
1.819843053817749
1.777639389038086
1.7216202020645142
1.6772675514221191
1.634882926940918
1.607244849205017
1.5955162048339844
1.5361170768737793
1.5336015224456787
2.4645683765411377
2.401292085647583
2.3614203929901123
2.2707998752593994
2.248145818710327
2.1977667808532715
2.1405246257781982
2.107959270477295
2.0955004692077637
2.0185699462890625
3.0870378017425537
2.9977643489837646
2.9440131187438965
2.913254737854004
2.8000385761260986
2.713698148727417
2.689314603805542
2.6918437480926514
2.588780403137207
2.5354106426239014
3.0570123195648193
2.950923204421997
2.929720401763916
2.844377040863037
2.7806408405303955
2.7513039112091064
2.6628270149230957
2.611198663711548
2.553603172302246
2.5159659385681152
3.184011459350586
3.04850435256958
2.983372211456299
2.898836612701416
2.8493058681488037
2.8092806339263916
2.831138849258423
2.7188329696655273
2.720977306365967
2.68961501121521
2.846355438232422
2.7389440536499023
2.7219486236572266
2.703674793243408
2.6379265785217285
2.585838794708252
2.5188026428222656
2.4795050621032715
2.405327796936035
2.3885767459869385
3.115532159805298
2.9839632511138916
2.9926812648773193
2.9075424671173096
2.8258180618286133
2.7245240211486816
2.709657669067383
2.6528732776641846
2.6285386085510254
2.552551746368408
0.9361703395843506
0.901323676109314
0.8562578558921814
0.7975306510925293
0.755861222743988
0.7572596669197083
0.7073180079460144
0.6749419569969177
0.649798572063446
0.6414874792098999
1.1033909320831299
1.044274926185608
1.0189439058303833
0.9629299640655518
0.9312249422073364
0.9066593050956726
0.8930886387825012
0.8515051603317261
0.8156765103340149
0.8224602341651917
1.4311505556106567
1.4065567255020142
1.3626657724380493
1.3294353485107422
1.2922172546386719
1.2762775421142578
1.2053090333938599
1.1945518255233765
1.1199129819869995
1.0834330320358276
1.956376075744629
1.9268995523452759
1.8469146490097046
1.8115479946136475
1.7468715906143188
1.660457730293274
1.6788101196289062
1.6168348789215088
1.5881223678588867
1.526692271232605
2.4752438068389893
2.3762404918670654
2.3372762203216553
2.2892353534698486
2.229417324066162
2.1692135334014893
2.153006076812744
2.078775644302368
2.058378219604492
2.0254836082458496
2.8211145401000977
2.7955102920532227
2.71217942237854
2.685786008834839
2.61759090423584
2.5351579189300537
2.486299991607666
2.4084203243255615
2.449115514755249
2.337841033935547
2.6314563751220703
2.5107223987579346
2.489509344100952
2.492769718170166
2.4193968772888184
2.3155109882354736
2.3201301097869873
2.257686138153076
2.1980555057525635
2.192634344100952
2.944655179977417
2.9272842407226562
2.8460705280303955
2.803379535675049
2.792617082595825
2.733962059020996
2.6902623176574707
2.6007118225097656
2.5724070072174072
2.5463736057281494
3.321054697036743
3.2066714763641357
3.16906476020813
3.080138921737671
3.039609432220459
2.948077440261841
2.970409631729126
2.893634796142578
2.832700252532959
2.8070449829101562
1.014002799987793
0.9401547908782959
0.9423742890357971
0.8859030604362488
0.8499688506126404
0.8304813504219055
0.8165232539176941
0.7844245433807373
0.7640848159790039
0.751420259475708
1.0873703956604004
1.066679835319519
1.0330243110656738
1.0228749513626099
0.9867566823959351
0.9992691278457642
0.9790505766868591
0.9208622574806213
0.9281155467033386
0.9056841731071472
1.4143904447555542
1.3882067203521729
1.3411965370178223
1.3089003562927246
1.2890934944152832
1.2975997924804688
1.2631334066390991
1.230112075805664
1.218624472618103
1.205730676651001
1.966243028640747
1.9089947938919067
1.8378937244415283
1.8217297792434692
1.7547383308410645
1.7066806554794312
1.719658374786377
1.6811318397521973
1.6598938703536987
1.6054985523223877
2.356020450592041
2.338651180267334
2.2670295238494873
2.1878671646118164
2.198871374130249
2.1018552780151367
2.049931764602661
1.9580399990081787
1.9654059410095215
1.9057286977767944
2.7400968074798584
2.599886417388916
2.562445640563965
2.4697139263153076
2.4752275943756104
2.3697669506073
2.36847186088562
2.2826154232025146
2.2273623943328857
2.231325626373291
2.866546630859375
2.817535877227783
2.758756637573242
2.68601131439209
2.6509170532226562
2.574225902557373
2.544004201889038
2.5023739337921143
2.468033790588379
2.3776912689208984
3.1975858211517334
3.1281864643096924
3.0690479278564453
3.0488831996917725
2.9649014472961426
2.8733084201812744
2.88779616355896
2.851785659790039
2.7702012062072754
2.6237473487854004
2.800413131713867
2.757275104522705
2.6427321434020996
2.703495740890503
2.592782497406006
2.587118148803711
2.593290090560913
2.4633185863494873
2.4441676139831543
2.413046360015869
