4.0592241287231445
4.054750919342041
4.050497055053711
4.05767297744751
4.0583038330078125
4.060932636260986
4.0586724281311035
4.060230255126953
4.060894966125488
4.051333427429199
4.068459987640381
4.0586748123168945
4.063320636749268
4.067072868347168
4.059451580047607
4.062945365905762
4.069852828979492
4.060668468475342
4.059268474578857
4.06288480758667
4.054807662963867
4.048168182373047
4.050633907318115
4.060491561889648
4.057188987731934
4.054066181182861
4.055829048156738
4.051296234130859
4.051616191864014
4.054450511932373
4.017427921295166
4.0218281745910645
4.020503997802734
4.0127997398376465
4.018093109130859
4.019225597381592
4.01637077331543
4.015655040740967
4.019858360290527
4.025213718414307
4.0269246101379395
4.029068470001221
4.024758338928223
4.025486469268799
4.022089958190918
4.027127742767334
4.020543575286865
4.020913600921631
4.033949851989746
4.028449535369873
4.028515815734863
4.031321048736572
4.03499698638916
4.019464492797852
4.032073497772217
4.038883209228516
4.0303168296813965
4.0299224853515625
4.02494478225708
4.035295486450195
4.025395393371582
4.025597095489502
4.028985977172852
4.028439998626709
4.021045684814453
4.027891159057617
4.026547431945801
4.021075248718262
4.0256195068359375
4.023593425750732
4.020519733428955
4.014314651489258
4.015179634094238
4.026249885559082
4.018477916717529
4.017813682556152
4.01152229309082
4.027062892913818
4.01957368850708
4.015965938568115
4.0298237800598145
4.036245822906494
4.033234119415283
4.032825469970703
4.035433292388916
4.032235145568848
4.0359416007995605
4.034522533416748
4.033818244934082
4.035278797149658
