3.960261344909668
3.918351411819458
3.9518582820892334
3.9365034103393555
3.9551432132720947
3.9359967708587646
3.9538486003875732
3.930402994155884
3.959296226501465
3.936678886413574
3.9381520748138428
3.9440722465515137
3.9504318237304688
3.9436161518096924
3.8915963172912598
3.9250972270965576
3.945652723312378
3.9356606006622314
3.9000134468078613
3.892723560333252
3.8949086666107178
3.8807241916656494
3.8825912475585938
3.8631622791290283
3.8648159503936768
3.8837482929229736
3.909797191619873
3.8486528396606445
3.8632283210754395
3.900315523147583
3.824918270111084
3.7863144874572754
3.809647798538208
3.7869677543640137
3.833930730819702
3.7534759044647217
3.7839159965515137
3.7742955684661865
3.773024320602417
3.7819175720214844
3.824406623840332
3.8194282054901123
3.812765598297119
3.782682180404663
3.77736759185791
3.799069404602051
3.787172555923462
3.766174793243408
3.7867183685302734
3.803826332092285
3.8416178226470947
3.8408541679382324
3.853034496307373
3.7938199043273926
3.8367745876312256
3.834930658340454
3.837601900100708
3.798129081726074
3.835279703140259
3.8090481758117676
3.8279480934143066
3.8544390201568604
3.826369524002075
3.830601453781128
3.8303141593933105
3.827176809310913
3.846684217453003
3.8160691261291504
3.784656047821045
3.824141502380371
3.880817174911499
3.882948637008667
3.896594524383545
3.904376268386841
3.9042675495147705
3.8714399337768555
3.865172863006592
3.9152326583862305
3.889871835708618
3.8581669330596924
3.9997448921203613
4.037492275238037
4.024923324584961
4.045081615447998
4.052926063537598
4.027078151702881
4.011723041534424
4.026549816131592
4.032495021820068
4.0097479820251465
3.2052948474884033
3.245487689971924
3.2173776626586914
3.175694704055786
3.1341888904571533
3.165978193283081
3.1652348041534424
3.136531352996826
3.155473470687866
3.1138601303100586
3.187786102294922
3.173914670944214
3.170907497406006
3.1839921474456787
3.122438430786133
3.1285400390625
3.192479372024536
3.0843424797058105
3.082331418991089
3.1408822536468506
3.1465399265289307
3.168804883956909
3.203660011291504
3.203580141067505
3.1909875869750977
3.1538166999816895
3.0723888874053955
3.108834743499756
3.0766403675079346
3.1279985904693604
3.087101459503174
3.093212127685547
3.0781450271606445
3.053614616394043
3.047051429748535
2.9700469970703125
3.0252981185913086
3.053138256072998
2.9677577018737793
2.983564853668213
3.2402894496917725
3.1643691062927246
3.184288740158081
3.16717267036438
3.1167590618133545
3.0896363258361816
3.1363842487335205
3.150841236114502
3.147224187850952
3.091981887817383
3.3227272033691406
3.3569395542144775
3.2698895931243896
3.257718801498413
3.2875020503997803
3.256993293762207
3.2024927139282227
3.291769027709961
3.1771726608276367
3.165665626525879
3.649675130844116
3.6116750240325928
3.578193426132202
3.565469264984131
3.5948803424835205
3.555227518081665
3.5208215713500977
3.4533603191375732
3.5930609703063965
3.5417075157165527
3.8644025325775146
3.7827398777008057
3.7851920127868652
3.672524929046631
3.7536892890930176
3.6537933349609375
3.5535566806793213
3.5941991806030273
3.608055591583252
3.5002388954162598
3.5415775775909424
3.4526636600494385
3.4628989696502686
3.4326364994049072
3.4301164150238037
3.5160107612609863
3.4123423099517822
3.3567306995391846
3.401362895965576
3.355311155319214
2.8012614250183105
2.8119442462921143
2.7266316413879395
2.705411434173584
2.7136902809143066
2.6337203979492188
2.7152416706085205
2.602473735809326
2.677974224090576
2.701810598373413
2.5621347427368164
2.5235891342163086
2.5112271308898926
2.5235087871551514
2.528270721435547
2.436199903488159
2.5062906742095947
2.4548892974853516
2.4244043827056885
2.393782377243042
2.539760112762451
2.596996545791626
2.475684404373169
2.513998031616211
2.4268057346343994
2.42046856880188
2.4019644260406494
2.458223581314087
2.4567980766296387
2.388934373855591
2.591219425201416
2.574859142303467
2.4933576583862305
2.490783929824829
2.4544856548309326
2.5233049392700195
2.45892596244812
2.4462172985076904
2.409471035003662
2.3412156105041504
2.8742382526397705
2.8260836601257324
2.8270421028137207
2.75606107711792
2.7383108139038086
2.719683885574341
2.69943904876709
2.725947141647339
2.7216379642486572
2.6311233043670654
2.8695266246795654
2.8442184925079346
2.832448959350586
2.7189738750457764
2.6851162910461426
2.7016072273254395
2.645601749420166
2.643496513366699
2.6905055046081543
2.6573657989501953
3.0058252811431885
2.9052233695983887
2.972005844116211
2.821021795272827
2.825374126434326
2.8510446548461914
2.8248488903045654
2.850212574005127
2.771094560623169
2.808746576309204
3.0577306747436523
3.1031241416931152
3.0571820735931396
3.044834613800049
3.0536439418792725
2.992988109588623
2.8926820755004883
2.985691785812378
2.9217443466186523
2.872169017791748
3.2759885787963867
3.1688802242279053
3.222705125808716
3.149998903274536
3.1482391357421875
3.1973259449005127
3.1939079761505127
3.0608789920806885
3.0240421295166016
3.0632176399230957
3.007101535797119
2.899142265319824
2.9271857738494873
2.9066736698150635
2.8763418197631836
2.8275234699249268
2.879957437515259
2.8450088500976562
2.7923104763031006
2.7977354526519775
2.8861544132232666
2.8864095211029053
2.805155038833618
2.7662534713745117
2.8234100341796875
2.7851808071136475
2.769150972366333
2.7563412189483643
2.730478048324585
2.6337196826934814
3.0077900886535645
2.930694103240967
2.919215202331543
2.912060499191284
2.8851592540740967
2.8645176887512207
2.8724400997161865
2.791801929473877
2.7560207843780518
2.7423954010009766
3.1148955821990967
3.0395541191101074
2.9914722442626953
2.9841184616088867
2.8683969974517822
2.8867452144622803
2.8203206062316895
2.836919069290161
2.8052127361297607
2.7340497970581055
3.0595929622650146
3.0747342109680176
3.006877899169922
3.027296543121338
2.9789528846740723
2.916147232055664
2.8684046268463135
2.8700947761535645
2.8637123107910156
2.872629404067993
3.2708542346954346
3.2261574268341064
3.1046011447906494
3.147780656814575
3.1026949882507324
3.0011844635009766
3.0442585945129395
2.969534397125244
2.932055950164795
2.922337293624878
3.354313611984253
3.4097862243652344
3.3424196243286133
3.3115694522857666
3.256274461746216
3.198564052581787
3.1399929523468018
3.229261875152588
3.139658212661743
3.1114895343780518
2.943760395050049
2.878412961959839
2.8911831378936768
2.957022190093994
2.8269951343536377
2.705118417739868
2.818925380706787
2.822270393371582
2.7571089267730713
2.668419599533081
3.0799925327301025
3.0855956077575684
3.0696959495544434
2.9612231254577637
2.989511013031006
2.9269204139709473
2.8858652114868164
2.9292311668395996
2.898690700531006
2.8848793506622314
1.8529021739959717
1.8985289335250854
1.8331507444381714
1.825756549835205
1.8036253452301025
1.762940764427185
1.7218456268310547
1.7187731266021729
1.6935522556304932
1.6623914241790771
1.8721054792404175
1.9040864706039429
1.8819400072097778
1.8278813362121582
1.8261128664016724
1.8066480159759521
1.785799503326416
1.745206594467163
1.6911369562149048
1.729219913482666
2.124467372894287
2.1275031566619873
2.06538462638855
2.076678991317749
2.0265777111053467
2.0414226055145264
2.046598434448242
1.9833362102508545
2.0318477153778076
1.9703779220581055
2.6122920513153076
2.5468151569366455
2.5869030952453613
2.590545892715454
2.499323606491089
2.534336566925049
2.437688112258911
2.439058780670166
2.4245762825012207
2.4391562938690186
3.110328435897827
3.0622127056121826
3.1536343097686768
3.0767910480499268
2.9796078205108643
3.020603895187378
2.987072229385376
2.983778476715088
2.9401473999023438
2.8920750617980957
2.899526596069336
2.946314811706543
2.904360771179199
2.8429183959960938
2.850203514099121
2.9331438541412354
2.8423871994018555
2.8199615478515625
2.8243143558502197
2.812450408935547
2.775954484939575
2.751779317855835
2.6845154762268066
2.657841444015503
2.655155897140503
2.638267755508423
2.701439142227173
2.6203627586364746
2.5343596935272217
2.5475974082946777
3.131842613220215
3.083308219909668
3.022301435470581
3.0875704288482666
2.9885361194610596
3.065164566040039
2.990675926208496
2.9854793548583984
2.946195602416992
2.919224500656128
3.5496785640716553
3.5210723876953125
3.4378092288970947
3.5033676624298096
3.512460947036743
3.4286158084869385
3.442812919616699
3.364506244659424
3.3153703212738037
3.3268871307373047
3.005056142807007
2.9777143001556396
2.940230369567871
2.896758556365967
2.8881871700286865
2.849072217941284
2.803337335586548
2.7594504356384277
2.749392032623291
2.7568469047546387
2.8481171131134033
2.8311104774475098
2.7565805912017822
2.7199177742004395
2.6671411991119385
2.6586272716522217
2.638528347015381
2.577986717224121
2.5785281658172607
2.573540210723877
2.778970241546631
2.7776715755462646
2.6657371520996094
2.6960995197296143
2.586984157562256
2.5751407146453857
2.552363872528076
2.5706307888031006
2.4939141273498535
2.509920835494995
2.947606325149536
2.951366901397705
2.8735313415527344
2.899732828140259
2.8069257736206055
2.791200876235962
2.696078300476074
2.698979139328003
2.7118232250213623
2.7100601196289062
3.435453414916992
3.309847593307495
3.3182077407836914
3.317885398864746
3.265130043029785
3.181126117706299
3.128786087036133
3.158888578414917
3.0736122131347656
3.0498201847076416
3.041929244995117
3.0058841705322266
2.9442849159240723
2.952745199203491
2.875267267227173
2.868457078933716
2.7690505981445312
2.815936326980591
2.841912031173706
2.774648666381836
3.255293846130371
3.12882924079895
3.1167891025543213
3.086087942123413
3.071312665939331
3.041722059249878
2.9426143169403076
2.912753105163574
2.9676108360290527
2.9338598251342773
3.0802390575408936
3.0262210369110107
3.0702197551727295
3.0282950401306152
2.9704554080963135
2.931384325027466
2.9581656455993652
2.9365055561065674
2.8800196647644043
2.839109420776367
3.163936138153076
3.1016504764556885
3.0527162551879883
3.0760974884033203
3.057690143585205
2.9766626358032227
2.985520124435425
2.9768383502960205
2.960404872894287
2.9367802143096924
3.664973735809326
3.7266945838928223
3.6435205936431885
3.6595191955566406
3.6275758743286133
3.609748363494873
3.535647392272949
3.52695894241333
3.5111629962921143
3.4564900398254395
3.576341152191162
3.5342860221862793
3.517357110977173
3.4945273399353027
3.443288803100586
3.444973945617676
3.3994522094726562
3.3811748027801514
3.36864972114563
3.3304505348205566
3.416841745376587
3.355637550354004
3.3410983085632324
3.2898221015930176
3.318608283996582
3.2435531616210938
3.2737269401550293
3.214885711669922
3.1942317485809326
3.1258397102355957
3.32916259765625
3.314067840576172
3.2898447513580322
3.2642877101898193
3.2212510108947754
3.1627116203308105
3.146766424179077
3.130143880844116
3.0852348804473877
3.094168186187744
3.3764281272888184
3.397991418838501
3.314185619354248
3.314192533493042
3.3243157863616943
3.280313730239868
3.1885452270507812
3.216069459915161
3.195234537124634
3.1387314796447754
3.406136989593506
3.3519461154937744
3.3942596912384033
3.306896924972534
3.2159688472747803
3.2406113147735596
3.152925968170166
3.1309642791748047
3.138495922088623
3.1393239498138428
3.5573718547821045
3.4972984790802
3.4895803928375244
3.445812702178955
3.3349509239196777
3.377204418182373
3.3114607334136963
3.2716474533081055
3.296548366546631
3.2211318016052246
3.445249319076538
3.4585072994232178
3.378802537918091
3.3426156044006348
3.313183546066284
3.278855323791504
3.220393419265747
3.176307201385498
3.143357753753662
3.146611213684082
3.6956212520599365
3.73321795463562
3.672914743423462
3.636305570602417
3.646744728088379
3.5556092262268066
3.5524654388427734
3.537720203399658
3.4885456562042236
3.4649903774261475
3.19686222076416
3.121875286102295
3.0684893131256104
3.0785114765167236
3.0891666412353516
3.017906665802002
2.9610652923583984
2.901623249053955
2.883373260498047
2.863917350769043
2.9828600883483887
2.9904937744140625
2.9328832626342773
2.9214589595794678
2.8877155780792236
2.8537356853485107
2.8037161827087402
2.8115954399108887
2.786747455596924
2.736034870147705
2.9583044052124023
2.913874864578247
2.9047014713287354
2.9144673347473145
2.882190465927124
2.8376193046569824
2.8286399841308594
2.7937586307525635
2.7635955810546875
2.730158567428589
3.047527551651001
3.028980255126953
2.9596757888793945
2.954813003540039
2.920039176940918
2.904600143432617
2.831869125366211
2.839543342590332
2.820643424987793
2.7568705081939697
3.369619131088257
3.2775864601135254
3.2325804233551025
3.267655372619629
3.214797258377075
3.143280267715454
3.146378755569458
3.0788826942443848
3.0227367877960205
3.0859179496765137
3.2245960235595703
3.187163829803467
3.1106555461883545
3.081252336502075
3.0931432247161865
3.036182403564453
3.0212674140930176
2.9099509716033936
2.9388320446014404
2.8793177604675293
3.441134214401245
3.4081058502197266
3.3713948726654053
3.34676194190979
3.3437082767486572
3.2713675498962402
3.220571517944336
3.126986026763916
3.1405160427093506
3.110067367553711
3.1303365230560303
3.1309077739715576
3.13275146484375
3.0731470584869385
3.0407137870788574
2.937056541442871
2.976897954940796
2.9187088012695312
2.865078926086426
2.8206958770751953
3.0278260707855225
2.949768543243408
2.881175994873047
2.9389400482177734
2.805720090866089
2.83866810798645
2.8028135299682617
2.749657392501831
2.677356243133545
2.660284996032715
3.5152878761291504
3.430253028869629
3.414517402648926
3.3327858448028564
3.3459463119506836
3.2539961338043213
3.18645977973938
3.1839001178741455
3.091259002685547
3.0322341918945312
3.087116241455078
3.0217440128326416
3.0074362754821777
2.9542040824890137
2.907702684402466
2.8519999980926514
2.8596420288085938
2.7845370769500732
2.792645215988159
2.744633197784424
2.7583842277526855
2.7433340549468994
2.723220109939575
2.70365571975708
2.6905910968780518
2.6807456016540527
2.603342294692993
2.568554401397705
2.578291654586792
2.605003595352173
2.812113046646118
2.7709202766418457
2.725552558898926
2.725057601928711
2.6618568897247314
2.677003860473633
2.650313377380371
2.5743839740753174
2.572258234024048
2.608133316040039
2.848637342453003
2.8064448833465576
2.771860122680664
2.759490489959717
2.762629985809326
2.7174251079559326
2.725550889968872
2.6686811447143555
2.658501386642456
2.6716160774230957
3.1515698432922363
3.083446979522705
3.0108859539031982
2.9847779273986816
2.99560284614563
2.981308937072754
2.9176177978515625
2.886492967605591
2.7854511737823486
2.811168670654297
3.1900134086608887
3.131939172744751
3.072369337081909
3.046780586242676
3.100851535797119
3.0007989406585693
2.9669737815856934
2.9815444946289062
2.8553996086120605
2.9045255184173584
3.3663840293884277
3.300555944442749
3.229989528656006
3.1885266304016113
3.1539247035980225
3.1266210079193115
3.091735363006592
3.036436080932617
2.9989137649536133
3.0428006649017334
3.188631057739258
3.1561548709869385
3.167084217071533
3.146592617034912
3.098832607269287
3.052663564682007
2.9719018936157227
3.008836269378662
2.963331699371338
2.913015842437744
