3.960261344909668
3.918351411819458
3.9518582820892334
3.9365034103393555
3.9551432132720947
3.9359967708587646
3.9538486003875732
3.930402994155884
3.959296226501465
3.936678886413574
3.9381520748138428
3.9440722465515137
3.9504318237304688
3.9436161518096924
3.8915963172912598
3.9250972270965576
3.945652723312378
3.9356606006622314
3.9000134468078613
3.892723560333252
3.8949086666107178
3.8807241916656494
3.8825912475585938
3.8631622791290283
3.8648159503936768
3.8837482929229736
3.909797191619873
3.8486528396606445
3.8632283210754395
3.900315523147583
3.824918270111084
3.7863144874572754
3.809647798538208
3.7869677543640137
3.833930730819702
3.7534759044647217
3.7839159965515137
3.7742955684661865
3.773024320602417
3.7819175720214844
3.824406623840332
3.8194282054901123
3.812765598297119
3.782682180404663
3.77736759185791
3.799069404602051
3.787172555923462
3.766174793243408
3.7867183685302734
3.803826332092285
3.8416178226470947
3.8408541679382324
3.853034496307373
3.7938199043273926
3.8367745876312256
3.834930658340454
3.837601900100708
3.798129081726074
3.835279703140259
3.8090481758117676
3.8279480934143066
3.8544390201568604
3.826369524002075
3.830601453781128
3.8303141593933105
3.827176809310913
3.846684217453003
3.8160691261291504
3.784656047821045
3.824141502380371
3.880817174911499
3.882948637008667
3.896594524383545
3.904376268386841
3.9042675495147705
3.8714399337768555
3.865172863006592
3.9152326583862305
3.889871835708618
3.8581669330596924
3.9997448921203613
4.037492275238037
4.024923324584961
4.045081615447998
4.052926063537598
4.027078151702881
4.011723041534424
4.026549816131592
4.032495021820068
4.0097479820251465
