3.960261344909668
3.918351411819458
3.9518582820892334
3.9365034103393555
3.9551432132720947
3.9359967708587646
3.9538486003875732
3.930402994155884
3.959296226501465
3.936678886413574
3.9381520748138428
3.9440722465515137
3.9504318237304688
3.9436161518096924
3.8915963172912598
3.9250972270965576
3.945652723312378
3.9356606006622314
3.9000134468078613
3.892723560333252
3.8949086666107178
3.8807241916656494
3.8825912475585938
3.8631622791290283
3.8648159503936768
3.8837482929229736
3.909797191619873
3.8486528396606445
3.8632283210754395
3.900315523147583
3.824918270111084
3.7863144874572754
3.809647798538208
3.7869677543640137
3.833930730819702
3.7534759044647217
3.7839159965515137
3.7742955684661865
3.773024320602417
3.7819175720214844
3.824406623840332
3.8194282054901123
3.812765598297119
3.782682180404663
3.77736759185791
3.799069404602051
3.787172555923462
3.766174793243408
3.7867183685302734
3.803826332092285
3.8416178226470947
3.8408541679382324
3.853034496307373
3.7938199043273926
3.8367745876312256
3.834930658340454
3.837601900100708
3.798129081726074
3.835279703140259
3.8090481758117676
3.8279480934143066
3.8544390201568604
3.826369524002075
3.830601453781128
3.8303141593933105
3.827176809310913
3.846684217453003
3.8160691261291504
3.784656047821045
3.824141502380371
3.880817174911499
3.882948637008667
3.896594524383545
3.904376268386841
3.9042675495147705
3.8714399337768555
3.865172863006592
3.9152326583862305
3.889871835708618
3.8581669330596924
3.9997448921203613
4.037492275238037
4.024923324584961
4.045081615447998
4.052926063537598
4.027078151702881
4.011723041534424
4.026549816131592
4.032495021820068
4.0097479820251465
3.2052948474884033
3.245487689971924
3.2173776626586914
3.175694704055786
3.1341888904571533
3.165978193283081
3.1652348041534424
3.136531352996826
3.155473470687866
3.1138601303100586
3.187786102294922
3.173914670944214
3.170907497406006
3.1839921474456787
3.122438430786133
3.1285400390625
3.192479372024536
3.0843424797058105
3.082331418991089
3.1408822536468506
3.1465399265289307
3.168804883956909
3.203660011291504
3.203580141067505
3.1909875869750977
3.1538166999816895
3.0723888874053955
3.108834743499756
3.0766403675079346
3.1279985904693604
3.087101459503174
3.093212127685547
3.0781450271606445
3.053614616394043
3.047051429748535
2.9700469970703125
3.0252981185913086
3.053138256072998
2.9677577018737793
2.983564853668213
3.2402894496917725
3.1643691062927246
3.184288740158081
3.16717267036438
3.1167590618133545
3.0896363258361816
3.1363842487335205
3.150841236114502
3.147224187850952
3.091981887817383
3.3227272033691406
3.3569395542144775
3.2698895931243896
3.257718801498413
3.2875020503997803
3.256993293762207
3.2024927139282227
3.291769027709961
3.1771726608276367
3.165665626525879
3.649675130844116
3.6116750240325928
3.578193426132202
3.565469264984131
3.5948803424835205
3.555227518081665
3.5208215713500977
3.4533603191375732
3.5930609703063965
3.5417075157165527
3.8644025325775146
3.7827398777008057
3.7851920127868652
3.672524929046631
3.7536892890930176
3.6537933349609375
3.5535566806793213
3.5941991806030273
3.608055591583252
3.5002388954162598
3.5415775775909424
3.4526636600494385
3.4628989696502686
3.4326364994049072
3.4301164150238037
3.5160107612609863
3.4123423099517822
3.3567306995391846
3.401362895965576
3.355311155319214
2.8012614250183105
2.8119442462921143
2.7266316413879395
2.705411434173584
2.7136902809143066
2.6337203979492188
2.7152416706085205
2.602473735809326
2.677974224090576
2.701810598373413
2.5621347427368164
2.5235891342163086
2.5112271308898926
2.5235087871551514
2.528270721435547
2.436199903488159
2.5062906742095947
2.4548892974853516
2.4244043827056885
2.393782377243042
2.539760112762451
2.596996545791626
2.475684404373169
2.513998031616211
2.4268057346343994
2.42046856880188
2.4019644260406494
2.458223581314087
2.4567980766296387
2.388934373855591
2.591219425201416
2.574859142303467
2.4933576583862305
2.490783929824829
2.4544856548309326
2.5233049392700195
2.45892596244812
2.4462172985076904
2.409471035003662
2.3412156105041504
2.8742382526397705
2.8260836601257324
2.8270421028137207
2.75606107711792
2.7383108139038086
2.719683885574341
2.69943904876709
2.725947141647339
2.7216379642486572
2.6311233043670654
2.8695266246795654
2.8442184925079346
2.832448959350586
2.7189738750457764
2.6851162910461426
2.7016072273254395
2.645601749420166
2.643496513366699
2.6905055046081543
2.6573657989501953
3.0058252811431885
2.9052233695983887
2.972005844116211
2.821021795272827
2.825374126434326
2.8510446548461914
2.8248488903045654
2.850212574005127
2.771094560623169
2.808746576309204
3.0577306747436523
3.1031241416931152
3.0571820735931396
3.044834613800049
3.0536439418792725
2.992988109588623
2.8926820755004883
2.985691785812378
2.9217443466186523
2.872169017791748
3.2759885787963867
3.1688802242279053
3.222705125808716
3.149998903274536
3.1482391357421875
3.1973259449005127
3.1939079761505127
3.0608789920806885
3.0240421295166016
3.0632176399230957
3.007101535797119
2.899142265319824
2.9271857738494873
2.9066736698150635
2.8763418197631836
2.8275234699249268
2.879957437515259
2.8450088500976562
2.7923104763031006
2.7977354526519775
2.8861544132232666
2.8864095211029053
2.805155038833618
2.7662534713745117
2.8234100341796875
2.7851808071136475
2.769150972366333
2.7563412189483643
2.730478048324585
2.6337196826934814
3.0077900886535645
2.930694103240967
2.919215202331543
2.912060499191284
2.8851592540740967
2.8645176887512207
2.8724400997161865
2.791801929473877
2.7560207843780518
2.7423954010009766
3.1148955821990967
3.0395541191101074
2.9914722442626953
2.9841184616088867
2.8683969974517822
2.8867452144622803
2.8203206062316895
2.836919069290161
2.8052127361297607
2.7340497970581055
3.0595929622650146
3.0747342109680176
3.006877899169922
3.027296543121338
2.9789528846740723
2.916147232055664
2.8684046268463135
2.8700947761535645
2.8637123107910156
2.872629404067993
3.2708542346954346
3.2261574268341064
3.1046011447906494
3.147780656814575
3.1026949882507324
3.0011844635009766
3.0442585945129395
2.969534397125244
2.932055950164795
2.922337293624878
3.354313611984253
3.4097862243652344
3.3424196243286133
3.3115694522857666
3.256274461746216
3.198564052581787
3.1399929523468018
3.229261875152588
3.139658212661743
3.1114895343780518
2.943760395050049
2.878412961959839
2.8911831378936768
2.957022190093994
2.8269951343536377
2.705118417739868
2.818925380706787
2.822270393371582
2.7571089267730713
2.668419599533081
3.0799925327301025
3.0855956077575684
3.0696959495544434
2.9612231254577637
2.989511013031006
2.9269204139709473
2.8858652114868164
2.9292311668395996
2.898690700531006
2.8848793506622314
1.8529021739959717
1.8985289335250854
1.8331507444381714
1.825756549835205
1.8036253452301025
1.762940764427185
1.7218456268310547
1.7187731266021729
1.6935522556304932
1.6623914241790771
1.8721054792404175
1.9040864706039429
1.8819400072097778
1.8278813362121582
1.8261128664016724
1.8066480159759521
1.785799503326416
1.745206594467163
1.6911369562149048
1.729219913482666
2.124467372894287
2.1275031566619873
2.06538462638855
2.076678991317749
2.0265777111053467
2.0414226055145264
2.046598434448242
1.9833362102508545
2.0318477153778076
1.9703779220581055
2.6122920513153076
2.5468151569366455
2.5869030952453613
2.590545892715454
2.499323606491089
2.534336566925049
2.437688112258911
2.439058780670166
2.4245762825012207
2.4391562938690186
3.110328435897827
3.0622127056121826
3.1536343097686768
3.0767910480499268
2.9796078205108643
3.020603895187378
2.987072229385376
2.983778476715088
2.9401473999023438
2.8920750617980957
2.899526596069336
2.946314811706543
2.904360771179199
2.8429183959960938
2.850203514099121
2.9331438541412354
2.8423871994018555
2.8199615478515625
2.8243143558502197
2.812450408935547
2.775954484939575
2.751779317855835
2.6845154762268066
2.657841444015503
2.655155897140503
2.638267755508423
2.701439142227173
2.6203627586364746
2.5343596935272217
2.5475974082946777
3.131842613220215
3.083308219909668
3.022301435470581
3.0875704288482666
2.9885361194610596
3.065164566040039
2.990675926208496
2.9854793548583984
2.946195602416992
2.919224500656128
3.5496785640716553
3.5210723876953125
3.4378092288970947
3.5033676624298096
3.512460947036743
3.4286158084869385
3.442812919616699
3.364506244659424
3.3153703212738037
3.3268871307373047
3.005056142807007
2.9777143001556396
2.940230369567871
2.896758556365967
2.8881871700286865
2.849072217941284
2.803337335586548
2.7594504356384277
2.749392032623291
2.7568469047546387
2.8481171131134033
2.8311104774475098
2.7565805912017822
2.7199177742004395
2.6671411991119385
2.6586272716522217
2.638528347015381
2.577986717224121
2.5785281658172607
2.573540210723877
2.778970241546631
2.7776715755462646
2.6657371520996094
2.6960995197296143
2.586984157562256
2.5751407146453857
2.552363872528076
2.5706307888031006
2.4939141273498535
2.509920835494995
2.947606325149536
2.951366901397705
2.8735313415527344
2.899732828140259
2.8069257736206055
2.791200876235962
2.696078300476074
2.698979139328003
2.7118232250213623
2.7100601196289062
3.435453414916992
3.309847593307495
3.3182077407836914
3.317885398864746
3.265130043029785
3.181126117706299
3.128786087036133
3.158888578414917
3.0736122131347656
3.0498201847076416
3.041929244995117
3.0058841705322266
2.9442849159240723
2.952745199203491
2.875267267227173
2.868457078933716
2.7690505981445312
2.815936326980591
2.841912031173706
2.774648666381836
3.255293846130371
3.12882924079895
3.1167891025543213
3.086087942123413
3.071312665939331
3.041722059249878
2.9426143169403076
2.912753105163574
2.9676108360290527
2.9338598251342773
3.0802390575408936
3.0262210369110107
3.0702197551727295
3.0282950401306152
2.9704554080963135
2.931384325027466
2.9581656455993652
2.9365055561065674
2.8800196647644043
2.839109420776367
3.163936138153076
3.1016504764556885
3.0527162551879883
3.0760974884033203
3.057690143585205
2.9766626358032227
2.985520124435425
2.9768383502960205
2.960404872894287
2.9367802143096924
3.664973735809326
3.7266945838928223
3.6435205936431885
3.6595191955566406
3.6275758743286133
3.609748363494873
3.535647392272949
3.52695894241333
3.5111629962921143
3.4564900398254395
3.576341152191162
3.5342860221862793
3.517357110977173
3.4945273399353027
3.443288803100586
3.444973945617676
3.3994522094726562
3.3811748027801514
3.36864972114563
3.3304505348205566
3.416841745376587
3.355637550354004
3.3410983085632324
3.2898221015930176
3.318608283996582
3.2435531616210938
3.2737269401550293
3.214885711669922
3.1942317485809326
3.1258397102355957
3.32916259765625
3.314067840576172
3.2898447513580322
3.2642877101898193
3.2212510108947754
3.1627116203308105
3.146766424179077
3.130143880844116
3.0852348804473877
3.094168186187744
3.3764281272888184
3.397991418838501
3.314185619354248
3.314192533493042
3.3243157863616943
3.280313730239868
3.1885452270507812
3.216069459915161
3.195234537124634
3.1387314796447754
3.406136989593506
3.3519461154937744
3.3942596912384033
3.306896924972534
3.2159688472747803
3.2406113147735596
3.152925968170166
3.1309642791748047
3.138495922088623
3.1393239498138428
3.5573718547821045
3.4972984790802
3.4895803928375244
3.445812702178955
3.3349509239196777
3.377204418182373
3.3114607334136963
3.2716474533081055
3.296548366546631
3.2211318016052246
3.445249319076538
3.4585072994232178
3.378802537918091
3.3426156044006348
3.313183546066284
3.278855323791504
3.220393419265747
3.176307201385498
3.143357753753662
3.146611213684082
3.6956212520599365
3.73321795463562
3.672914743423462
3.636305570602417
3.646744728088379
3.5556092262268066
3.5524654388427734
3.537720203399658
3.4885456562042236
3.4649903774261475
3.19686222076416
3.121875286102295
3.0684893131256104
3.0785114765167236
3.0891666412353516
3.017906665802002
2.9610652923583984
2.901623249053955
2.883373260498047
2.863917350769043
2.9828600883483887
2.9904937744140625
2.9328832626342773
2.9214589595794678
2.8877155780792236
2.8537356853485107
2.8037161827087402
2.8115954399108887
2.786747455596924
2.736034870147705
2.9583044052124023
2.913874864578247
2.9047014713287354
2.9144673347473145
2.882190465927124
2.8376193046569824
2.8286399841308594
2.7937586307525635
2.7635955810546875
2.730158567428589
3.047527551651001
3.028980255126953
2.9596757888793945
2.954813003540039
2.920039176940918
2.904600143432617
2.831869125366211
2.839543342590332
2.820643424987793
2.7568705081939697
3.369619131088257
3.2775864601135254
3.2325804233551025
3.267655372619629
3.214797258377075
3.143280267715454
3.146378755569458
3.0788826942443848
3.0227367877960205
3.0859179496765137
3.2245960235595703
3.187163829803467
3.1106555461883545
3.081252336502075
3.0931432247161865
3.036182403564453
3.0212674140930176
2.9099509716033936
2.9388320446014404
2.8793177604675293
3.441134214401245
3.4081058502197266
3.3713948726654053
3.34676194190979
3.3437082767486572
3.2713675498962402
3.220571517944336
3.126986026763916
3.1405160427093506
3.110067367553711
3.1303365230560303
3.1309077739715576
3.13275146484375
3.0731470584869385
3.0407137870788574
2.937056541442871
2.976897954940796
2.9187088012695312
2.865078926086426
2.8206958770751953
3.0278260707855225
2.949768543243408
2.881175994873047
2.9389400482177734
2.805720090866089
2.83866810798645
2.8028135299682617
2.749657392501831
2.677356243133545
2.660284996032715
3.5152878761291504
3.430253028869629
3.414517402648926
3.3327858448028564
3.3459463119506836
3.2539961338043213
3.18645977973938
3.1839001178741455
3.091259002685547
3.0322341918945312
3.087116241455078
3.0217440128326416
3.0074362754821777
2.9542040824890137
2.907702684402466
2.8519999980926514
2.8596420288085938
2.7845370769500732
2.792645215988159
2.744633197784424
2.7583842277526855
2.7433340549468994
2.723220109939575
2.70365571975708
2.6905910968780518
2.6807456016540527
2.603342294692993
2.568554401397705
2.578291654586792
2.605003595352173
2.812113046646118
2.7709202766418457
2.725552558898926
2.725057601928711
2.6618568897247314
2.677003860473633
2.650313377380371
2.5743839740753174
2.572258234024048
2.608133316040039
2.848637342453003
2.8064448833465576
2.771860122680664
2.759490489959717
2.762629985809326
2.7174251079559326
2.725550889968872
2.6686811447143555
2.658501386642456
2.6716160774230957
3.1515698432922363
3.083446979522705
3.0108859539031982
2.9847779273986816
2.99560284614563
2.981308937072754
2.9176177978515625
2.886492967605591
2.7854511737823486
2.811168670654297
3.1900134086608887
3.131939172744751
3.072369337081909
3.046780586242676
3.100851535797119
3.0007989406585693
2.9669737815856934
2.9815444946289062
2.8553996086120605
2.9045255184173584
3.3663840293884277
3.300555944442749
3.229989528656006
3.1885266304016113
3.1539247035980225
3.1266210079193115
3.091735363006592
3.036436080932617
2.9989137649536133
3.0428006649017334
3.188631057739258
3.1561548709869385
3.167084217071533
3.146592617034912
3.098832607269287
3.052663564682007
2.9719018936157227
3.008836269378662
2.963331699371338
2.913015842437744
3.238671064376831
3.2057158946990967
3.140002489089966
3.124929428100586
3.026308536529541
3.03098726272583
2.9995226860046387
2.9424664974212646
2.9357144832611084
2.894371271133423
2.979870557785034
2.887888193130493
2.9183874130249023
2.848334789276123
2.836871862411499
2.793034076690674
2.7532920837402344
2.742556095123291
2.7340505123138428
2.691762924194336
2.7975735664367676
2.7900211811065674
2.724102258682251
2.7371487617492676
2.704671621322632
2.6973843574523926
2.676090955734253
2.6173017024993896
2.6604979038238525
2.5996906757354736
2.9144253730773926
2.8480889797210693
2.853231430053711
2.8757376670837402
2.8538148403167725
2.8076441287994385
2.7897539138793945
2.7310125827789307
2.721729278564453
2.7472190856933594
2.984818696975708
2.9460647106170654
2.9222300052642822
2.9097511768341064
2.845670461654663
2.8772380352020264
2.8329050540924072
2.803694486618042
2.8246381282806396
2.779670238494873
3.358827590942383
3.3373773097991943
3.3096506595611572
3.2593460083007812
3.218446731567383
3.210756778717041
3.1600165367126465
3.1416497230529785
3.186124563217163
3.127551555633545
3.4942638874053955
3.4677419662475586
3.403801441192627
3.4077908992767334
3.384892702102661
3.3425216674804688
3.320091485977173
3.260610580444336
3.2613232135772705
3.2304015159606934
3.3451268672943115
3.3240785598754883
3.3206355571746826
3.2596991062164307
3.1986515522003174
3.170156955718994
3.167931318283081
3.1774022579193115
3.1436767578125
3.0950090885162354
3.419222831726074
3.4207870960235596
3.366225004196167
3.327491521835327
3.293065071105957
3.3331432342529297
3.2744364738464355
3.233806610107422
3.190436363220215
3.12626051902771
3.9754185676574707
3.949925661087036
3.9155654907226562
3.900573253631592
3.8253514766693115
3.831907033920288
3.8130760192871094
3.786628007888794
3.772183895111084
3.7042741775512695
3.7353835105895996
3.6584601402282715
3.692119836807251
3.671940803527832
3.6273393630981445
3.617738723754883
3.552647590637207
3.5573344230651855
3.50819993019104
3.4810595512390137
3.583786725997925
3.5864295959472656
3.5713040828704834
3.543726921081543
3.5195953845977783
3.499778985977173
3.43245005607605
3.4664855003356934
3.4153943061828613
3.3689043521881104
3.6692380905151367
3.6505563259124756
3.6019487380981445
3.5651683807373047
3.5571353435516357
3.535224676132202
3.478060483932495
3.440322160720825
3.431873083114624
3.4407999515533447
3.854736328125
3.8758044242858887
3.797760009765625
3.746216297149658
3.720432996749878
3.6767892837524414
3.6376447677612305
3.602246046066284
3.5550308227539062
3.579049825668335
3.764296770095825
3.720099449157715
3.7014000415802
3.6849257946014404
3.5769171714782715
3.608776092529297
3.579275369644165
3.503666400909424
3.5209457874298096
3.4381158351898193
3.7284910678863525
3.722075939178467
3.668142080307007
3.652702569961548
3.6147444248199463
3.5796332359313965
3.5536656379699707
3.514629364013672
3.467273235321045
3.492000102996826
3.985149383544922
3.9291324615478516
3.867300033569336
3.8585116863250732
3.826552391052246
3.7908077239990234
3.7296934127807617
3.703704357147217
3.682515859603882
3.615494728088379
3.9112768173217773
3.897430181503296
3.885453939437866
3.797569513320923
3.832797050476074
3.736520528793335
3.676246404647827
3.7796502113342285
3.6627249717712402
3.5649869441986084
3.9335885047912598
3.863645315170288
3.8504436016082764
3.837352752685547
3.7307016849517822
3.723897695541382
3.741042137145996
3.728482723236084
3.6593551635742188
3.6176960468292236
3.5848491191864014
3.5341079235076904
3.4732675552368164
3.5141232013702393
3.447387218475342
3.4497506618499756
3.4132816791534424
3.3726136684417725
3.350865364074707
3.3124377727508545
3.438384771347046
3.403376817703247
3.355443239212036
3.3039634227752686
3.330551862716675
3.2624223232269287
3.2282252311706543
3.2316174507141113
3.2040717601776123
3.140085220336914
3.4468960762023926
3.427147388458252
3.364171266555786
3.3627381324768066
3.3226051330566406
3.2568256855010986
3.2490432262420654
3.1975502967834473
3.1883721351623535
3.155627965927124
3.723567485809326
3.674818992614746
3.681703567504883
3.6329779624938965
3.566282272338867
3.555482864379883
3.4578123092651367
3.4572219848632812
3.4843955039978027
3.388563871383667
4.026726245880127
3.9715018272399902
3.9762229919433594
3.9988112449645996
3.8916542530059814
3.8507113456726074
3.772998809814453
3.7262747287750244
3.713641881942749
3.6586034297943115
3.6056089401245117
3.547586441040039
3.5492117404937744
3.541325807571411
3.4456841945648193
3.456634044647217
3.4156272411346436
3.40893292427063
3.3802080154418945
3.3009724617004395
4.058276176452637
3.951026201248169
3.9453301429748535
3.906736135482788
3.8597428798675537
3.807084798812866
3.833137273788452
3.720080852508545
3.748422622680664
3.695450782775879
3.864741802215576
3.859293222427368
3.790651559829712
3.767148733139038
3.7132365703582764
3.726052761077881
3.720496416091919
3.7309985160827637
3.657886266708374
3.551894426345825
4.592851638793945
4.563366889953613
4.528555870056152
4.44231653213501
4.404449462890625
4.320895195007324
4.332509517669678
4.220272541046143
4.188368797302246
4.09401273727417
4.168239593505859
4.120249271392822
4.049772262573242
4.003008842468262
3.9353699684143066
3.9345343112945557
3.8839566707611084
3.849121570587158
3.782254934310913
3.735867977142334
3.7678003311157227
3.733553886413574
3.702493190765381
3.639650344848633
3.616887092590332
3.582172393798828
3.531189441680908
3.4876391887664795
3.4923346042633057
3.4083845615386963
3.597236394882202
3.581909418106079
3.523344039916992
3.4997200965881348
3.464859962463379
3.4263951778411865
3.3936023712158203
3.405122756958008
3.2802224159240723
3.313441753387451
3.7366487979888916
3.739628553390503
3.697998285293579
3.648021697998047
3.5968117713928223
3.5542798042297363
3.5032336711883545
3.4687933921813965
3.4163804054260254
3.4110915660858154
3.6828465461730957
3.6374332904815674
3.6040256023406982
3.5753300189971924
3.506941318511963
3.461906671524048
3.4512100219726562
3.452115297317505
3.4093799591064453
3.344252586364746
3.5674021244049072
3.54341721534729
3.465280055999756
3.410179615020752
3.332879066467285
3.3666157722473145
3.2786033153533936
3.2891056537628174
3.1964149475097656
3.1566779613494873
3.6401431560516357
3.6922967433929443
3.5415706634521484
3.5681724548339844
3.527067184448242
3.5043442249298096
3.445990562438965
3.441258668899536
3.389111042022705
3.3681185245513916
3.7827346324920654
3.7136332988739014
3.700320243835449
3.6305792331695557
3.604355812072754
3.4897758960723877
3.5011396408081055
3.489776849746704
3.4824564456939697
3.4839515686035156
2.8648645877838135
2.798828363418579
2.7653236389160156
2.726762533187866
2.676412343978882
2.683518171310425
2.5982582569122314
2.598616600036621
2.5535695552825928
2.5412755012512207
2.577479600906372
2.5551695823669434
2.50170636177063
2.474743127822876
2.4714224338531494
2.440408706665039
2.3660714626312256
2.4182422161102295
2.387316942214966
2.3317389488220215
2.6239917278289795
2.6070003509521484
2.5440452098846436
2.5325722694396973
2.511579751968384
2.49653697013855
2.500060558319092
2.4545528888702393
2.4190638065338135
2.3492674827575684
2.638990640640259
2.6192433834075928
2.610567808151245
2.5884249210357666
2.5815632343292236
2.5579378604888916
2.5712730884552
2.5161635875701904
2.437070369720459
2.459199905395508
3.0572357177734375
3.0495927333831787
3.008284091949463
2.9511616230010986
2.924588918685913
2.9072458744049072
2.8424980640411377
2.852693557739258
2.825660467147827
2.823408603668213
3.0565714836120605
3.039980173110962
2.921872615814209
2.919069290161133
2.9542617797851562
2.900346517562866
2.8606696128845215
2.8539836406707764
2.8196444511413574
2.804612636566162
3.316356658935547
3.23024320602417
3.2579264640808105
3.168649435043335
3.1087934970855713
3.1217141151428223
3.1328208446502686
3.061662197113037
3.0057311058044434
3.0251410007476807
3.2564404010772705
3.2118217945098877
3.1655449867248535
3.1547608375549316
3.103996753692627
3.096096992492676
3.064324378967285
3.030714750289917
3.0638935565948486
2.9564156532287598
3.137129068374634
3.1776182651519775
3.12261700630188
3.1248672008514404
3.029198169708252
3.0540356636047363
2.9845926761627197
3.0062332153320312
3.044959783554077
2.953859329223633
3.5060296058654785
3.495015859603882
3.4313881397247314
3.3411872386932373
3.3010270595550537
3.3022727966308594
3.201566696166992
3.1501076221466064
3.117107391357422
3.0751588344573975
3.126803159713745
3.0459587574005127
3.052361249923706
3.0167009830474854
2.935087203979492
2.934314012527466
2.910372257232666
2.8493382930755615
2.8093831539154053
2.773869037628174
2.9449048042297363
2.8851544857025146
2.877671003341675
2.841061592102051
2.8017258644104004
2.7721667289733887
2.7360825538635254
2.734358072280884
2.6878252029418945
2.6863927841186523
2.9649291038513184
2.9641480445861816
2.9476587772369385
2.8773915767669678
2.847426176071167
2.8393731117248535
2.8184432983398438
2.7801499366760254
2.755152940750122
2.7550649642944336
3.150420904159546
3.1264076232910156
3.0539982318878174
3.020984649658203
3.008432626724243
2.9794018268585205
2.9806573390960693
2.90255069732666
2.875405788421631
2.876950263977051
3.332364559173584
3.3475828170776367
3.334174871444702
3.260627508163452
3.2055513858795166
3.1915786266326904
3.1594510078430176
3.174121618270874
3.089830160140991
3.100069761276245
3.2619175910949707
3.2636256217956543
3.2339210510253906
3.1930572986602783
3.1587207317352295
3.1320254802703857
3.1446378231048584
3.0504708290100098
3.0865490436553955
3.0526280403137207
3.260248899459839
3.195950984954834
3.1465370655059814
3.096360445022583
3.10591983795166
3.044262170791626
3.0599894523620605
3.057525873184204
2.976962089538574
2.9684717655181885
3.3292601108551025
3.2652738094329834
3.254728078842163
3.213376760482788
3.2248501777648926
3.1784005165100098
3.1466286182403564
3.1344337463378906
3.0684826374053955
3.106910228729248
2.829843282699585
2.7764291763305664
2.7494618892669678
2.7337615489959717
2.697633743286133
2.6804165840148926
2.6302220821380615
2.621474266052246
2.581272840499878
2.5637662410736084
2.647891044616699
2.6049394607543945
2.6110339164733887
2.5666556358337402
2.5323002338409424
2.5246243476867676
2.482372760772705
2.4634714126586914
2.4450607299804688
2.427069664001465
2.6880154609680176
2.6593124866485596
2.6711554527282715
2.5867419242858887
2.6017866134643555
2.579195976257324
2.5638625621795654
2.559329032897949
2.514763355255127
2.5307183265686035
2.785616397857666
2.7948367595672607
2.772338390350342
2.768174171447754
2.7417678833007812
2.719520330429077
2.728864908218384
2.672579526901245
2.675888776779175
2.642409086227417
3.0982189178466797
3.0697743892669678
3.0511631965637207
3.013791799545288
3.0404646396636963
3.0103960037231445
2.988954782485962
2.95880126953125
2.9555604457855225
2.934150218963623
3.4311435222625732
3.3944859504699707
3.3719491958618164
3.3665528297424316
3.3167288303375244
3.2959799766540527
3.284317970275879
3.2900097370147705
3.275902271270752
3.2457056045532227
3.3101909160614014
3.2489426136016846
3.2713048458099365
3.239276885986328
3.216482639312744
3.1854145526885986
3.198836088180542
3.157315969467163
3.1343512535095215
3.111746072769165
3.502399206161499
3.4191887378692627
3.4402003288269043
3.4259161949157715
3.393634080886841
3.4123945236206055
3.3434762954711914
3.3461008071899414
3.318291187286377
3.264113187789917
3.2448461055755615
3.215008020401001
3.2044239044189453
3.1912636756896973
3.1485252380371094
3.115046739578247
3.1371359825134277
3.130340337753296
3.0637738704681396
3.0671448707580566
3.036527395248413
2.9908447265625
2.960585117340088
2.909412145614624
2.8862521648406982
2.860968589782715
2.8217337131500244
2.789069175720215
2.7396676540374756
2.750234603881836
2.6642630100250244
2.64450740814209
2.632964611053467
2.5960397720336914
2.5543692111968994
2.5447375774383545
2.5051991939544678
2.47373104095459
2.4551889896392822
2.469021797180176
2.53544020652771
2.5083768367767334
2.484633684158325
2.4613304138183594
2.4417500495910645
2.4357314109802246
2.3950366973876953
2.3925318717956543
2.3691318035125732
2.3399429321289062
2.6195199489593506
2.5903329849243164
2.577564001083374
2.5816850662231445
2.540945053100586
2.4818484783172607
2.5274596214294434
2.4426374435424805
2.451488971710205
2.450504779815674
2.8208436965942383
2.8012144565582275
2.7612619400024414
2.745955467224121
2.7310519218444824
2.6897072792053223
2.6649160385131836
2.6697638034820557
2.658238410949707
2.649587631225586
3.0509607791900635
3.0115244388580322
3.019481658935547
2.944572925567627
2.952059268951416
2.931504964828491
2.88936185836792
2.874790906906128
2.865314245223999
2.8347742557525635
3.3361926078796387
3.323162078857422
3.225281238555908
3.223794460296631
3.1990199089050293
3.1753904819488525
3.1599273681640625
3.132998466491699
3.102318048477173
3.075334310531616
3.2700300216674805
3.220862627029419
3.2450926303863525
3.206559419631958
3.1510069370269775
3.1665103435516357
3.124676465988159
3.1136763095855713
3.090437173843384
3.062206983566284
3.562278985977173
3.5558881759643555
3.510913133621216
3.5127336978912354
3.461620330810547
3.4215617179870605
3.4322099685668945
3.3811912536621094
3.3732643127441406
3.3654870986938477
3.1874914169311523
3.182933807373047
3.170396327972412
3.089461088180542
3.0868029594421387
3.0412075519561768
3.0090930461883545
2.9737300872802734
2.950993776321411
2.889934539794922
2.998015880584717
2.9294185638427734
2.9439897537231445
2.8903093338012695
2.8481156826019287
2.842484474182129
2.7999534606933594
2.8054721355438232
2.735908031463623
2.720735549926758
2.8975954055786133
2.8696274757385254
2.863990306854248
2.831078290939331
2.797700881958008
2.7413833141326904
2.70574951171875
2.7023494243621826
2.6735172271728516
2.640375852584839
3.070545196533203
3.0364420413970947
2.9895365238189697
3.013838529586792
2.9583568572998047
2.916375160217285
2.899815797805786
2.865873098373413
2.8197953701019287
2.808978796005249
3.1995458602905273
3.183725357055664
3.111548900604248
3.125797986984253
3.067028045654297
3.0457780361175537
3.032536745071411
2.982433795928955
2.9547500610351562
2.935441732406616
3.2191996574401855
3.2063658237457275
3.1755056381225586
3.1732921600341797
3.121690034866333
3.1237030029296875
3.0990805625915527
3.0314126014709473
3.044279098510742
2.9628076553344727
3.222965717315674
3.178346633911133
3.172572374343872
3.1698241233825684
3.1273751258850098
3.1381967067718506
3.0921683311462402
3.061581611633301
3.015601873397827
3.0012357234954834
3.6176486015319824
3.6007537841796875
3.5426251888275146
3.5344972610473633
3.4964566230773926
3.4851136207580566
3.4533541202545166
3.389108419418335
3.3717970848083496
3.36405611038208
3.0084152221679688
3.0140652656555176
2.990006685256958
2.930842638015747
2.884509325027466
2.918747663497925
2.8214335441589355
2.8294715881347656
2.8164188861846924
2.7251999378204346
3.576488494873047
3.5515737533569336
3.498943328857422
3.4122190475463867
3.4012794494628906
3.3454933166503906
3.286943197250366
3.2503161430358887
3.1879749298095703
3.1395254135131836
3.0648443698883057
3.0269317626953125
2.9733357429504395
2.9621150493621826
2.9355313777923584
2.898897647857666
2.817877769470215
2.7926459312438965
2.7863638401031494
2.740510940551758
2.7655372619628906
2.7360708713531494
2.7288408279418945
2.7052650451660156
2.6618428230285645
2.6218454837799072
2.5875391960144043
2.5805184841156006
2.5333094596862793
2.5124547481536865
2.7533180713653564
2.7793679237365723
2.7119548320770264
2.6833336353302
2.666769504547119
2.6560885906219482
2.5818653106689453
2.5818023681640625
2.5839669704437256
2.515692710876465
3.0352182388305664
3.0007054805755615
2.957195997238159
2.9368600845336914
2.9130845069885254
2.8717379570007324
2.8298263549804688
2.7912747859954834
2.8000614643096924
2.752904176712036
3.2948801517486572
3.2009270191192627
3.203094959259033
3.171320676803589
3.141489028930664
3.090846300125122
3.0421230792999268
3.004786491394043
3.010596752166748
2.944911479949951
3.334306478500366
3.329010486602783
3.3352179527282715
3.2517693042755127
3.225597381591797
3.151949882507324
3.161588668823242
3.1221940517425537
3.0840437412261963
3.0643715858459473
3.391062021255493
3.3735902309417725
3.312169313430786
3.2777152061462402
3.271404504776001
3.221038341522217
3.161731481552124
3.1429362297058105
3.1316919326782227
3.0621817111968994
3.4777743816375732
3.4788849353790283
3.40260910987854
3.396799087524414
3.3818135261535645
3.330695867538452
3.2858221530914307
3.234096050262451
3.2110066413879395
3.160459280014038
3.5844833850860596
3.539611339569092
3.499415874481201
3.4710817337036133
3.423851490020752
3.3823585510253906
3.378568410873413
3.293693780899048
3.28347110748291
3.2627220153808594
3.131787061691284
3.102590560913086
3.103081703186035
3.024155378341675
3.006606101989746
2.9850034713745117
2.936913013458252
2.9161860942840576
2.861116886138916
2.7971158027648926
2.9443857669830322
2.903238296508789
2.848285436630249
2.8422951698303223
2.790090560913086
2.772686243057251
2.7319889068603516
2.7062764167785645
2.6863481998443604
2.634547233581543
2.9038474559783936
2.8584508895874023
2.8038816452026367
2.7776782512664795
2.7472124099731445
2.706798553466797
2.7330832481384277
2.683067798614502
2.641000747680664
2.608525037765503
2.959101676940918
2.9218266010284424
2.9061803817749023
2.848214626312256
2.8708438873291016
2.790553569793701
2.766235589981079
2.739757776260376
2.6899561882019043
2.660212516784668
3.4154412746429443
3.413943290710449
3.333733081817627
3.2896928787231445
3.2768328189849854
3.2489094734191895
3.1492812633514404
3.0778145790100098
3.0790069103240967
3.0161526203155518
3.331538677215576
3.2651782035827637
3.237551689147949
3.183485507965088
3.153282880783081
3.1012520790100098
3.046570301055908
2.9855027198791504
2.9868083000183105
2.9249494075775146
3.2088966369628906
3.208282232284546
3.157783031463623
3.1240663528442383
3.1076548099517822
3.046377420425415
3.0130412578582764
3.0229275226593018
2.9647161960601807
2.9639787673950195
2.9203853607177734
2.8816640377044678
2.837425708770752
2.8640832901000977
2.852159023284912
2.807075023651123
2.7540197372436523
2.7608325481414795
2.6980035305023193
2.6787426471710205
2.2660019397735596
2.2019710540771484
2.170041084289551
2.1325135231018066
2.0560495853424072
2.038180351257324
2.0192251205444336
1.9438010454177856
1.9103676080703735
1.8915237188339233
1.976771354675293
1.9578617811203003
1.9161440134048462
1.8856991529464722
1.8764920234680176
1.8618289232254028
1.8305630683898926
1.7988427877426147
1.802595853805542
1.7578790187835693
2.1265487670898438
2.1133968830108643
2.118025064468384
2.1030726432800293
2.0457143783569336
2.0400390625
2.0249006748199463
1.9861047267913818
1.9931352138519287
1.9614167213439941
2.3934171199798584
2.3924179077148438
2.3577589988708496
2.3496577739715576
2.3339149951934814
2.3102924823760986
2.2971420288085938
2.2643051147460938
2.257277727127075
2.250685691833496
3.037802219390869
2.9898860454559326
2.9819400310516357
2.9370083808898926
2.873008966445923
2.8842694759368896
2.833296537399292
2.844372510910034
2.7939558029174805
2.7598094940185547
3.17848801612854
3.15809965133667
3.0879530906677246
3.020334243774414
3.014852285385132
3.0122406482696533
2.955857276916504
2.9164998531341553
2.8773701190948486
2.8780016899108887
2.8142991065979004
2.7830066680908203
2.782879114151001
2.7049198150634766
2.686418294906616
2.681168794631958
2.677375316619873
2.6544065475463867
2.5752532482147217
2.57072114944458
3.0322821140289307
3.029508113861084
3.0391669273376465
2.989798069000244
2.94671630859375
2.967249870300293
2.8773388862609863
2.8647260665893555
2.8285744190216064
2.7956395149230957
3.1990346908569336
3.2025740146636963
3.1764864921569824
3.147191047668457
3.1055362224578857
3.067638397216797
3.0651021003723145
2.9950902462005615
3.0050554275512695
2.942084312438965
2.888507843017578
2.8652780055999756
2.7874646186828613
2.776806592941284
2.752027988433838
2.7134947776794434
2.6815531253814697
2.670311450958252
2.632567882537842
2.5979695320129395
2.6349971294403076
2.6098461151123047
2.5784311294555664
2.5327656269073486
2.498455762863159
2.4669713973999023
2.414801597595215
2.4001457691192627
2.3512890338897705
2.309701681137085
2.524930953979492
2.477973461151123
2.440514326095581
2.3880255222320557
2.3798322677612305
2.3525772094726562
2.301703691482544
2.283841609954834
2.250764846801758
2.2203948497772217
2.584991216659546
2.5671253204345703
2.539801597595215
2.507157325744629
2.461707353591919
2.4153189659118652
2.3921101093292236
2.368208646774292
2.342134714126587
2.334949254989624
2.9575676918029785
2.916949510574341
2.8733203411102295
2.8525617122650146
2.8359200954437256
2.773331880569458
2.7311553955078125
2.6885716915130615
2.67203426361084
2.6490607261657715
3.138322591781616
3.061490058898926
3.006089448928833
2.981471300125122
2.956827163696289
2.928414821624756
2.8813109397888184
2.843705415725708
2.791461706161499
2.7519607543945312
3.2776637077331543
3.2598071098327637
3.1695492267608643
3.1766581535339355
3.069387197494507
3.0549886226654053
3.007068157196045
2.9818332195281982
2.9265031814575195
2.889216899871826
3.0926291942596436
3.026777744293213
3.01098895072937
2.997549533843994
2.9226672649383545
2.9138529300689697
2.857210159301758
2.8253841400146484
2.8255434036254883
2.7640116214752197
3.0052576065063477
2.979435682296753
2.9424638748168945
2.928746223449707
2.8661646842956543
2.8545892238616943
2.808631658554077
2.750298500061035
2.7473642826080322
2.6919219493865967
2.5959620475769043
2.5729503631591797
2.548823356628418
2.5209264755249023
2.4860706329345703
2.483448028564453
2.464965343475342
2.4357731342315674
2.4268085956573486
2.376805543899536
2.6212613582611084
2.584564685821533
2.5659000873565674
2.5213422775268555
2.5255279541015625
2.508639097213745
2.4686660766601562
2.450775623321533
2.429102897644043
2.41569185256958
2.837123394012451
2.819918632507324
2.759223461151123
2.7496438026428223
2.739563465118408
2.6824791431427
2.6969122886657715
2.6933610439300537
2.647324562072754
2.6228766441345215
3.0288915634155273
2.9666624069213867
2.955322265625
2.908107280731201
2.9113659858703613
2.8560104370117188
2.8019845485687256
2.783897638320923
2.746817111968994
2.7479031085968018
3.150247812271118
3.097172498703003
3.087174415588379
3.043652057647705
3.0150930881500244
2.940514087677002
2.928044080734253
2.876265287399292
2.8415186405181885
2.822720766067505
3.3953917026519775
3.3781487941741943
3.3406808376312256
3.282524824142456
3.2388806343078613
3.194312810897827
3.1804676055908203
3.1392385959625244
3.1190109252929688
3.091403007507324
3.333785057067871
3.312182664871216
3.281778335571289
3.2670814990997314
3.206913709640503
3.1864125728607178
3.1620419025421143
3.117971658706665
3.161886215209961
3.0775575637817383
3.1789050102233887
3.151183843612671
3.1234240531921387
3.080111026763916
3.0493810176849365
3.0441269874572754
3.013458490371704
2.9736545085906982
2.9660353660583496
2.952803134918213
3.016223669052124
2.9838130474090576
2.981895923614502
2.931725263595581
2.906184434890747
2.886868953704834
2.8491756916046143
2.837904930114746
2.7996881008148193
2.791208028793335
3.361517906188965
3.295982837677002
3.2582709789276123
3.2142586708068848
3.17425537109375
3.1261305809020996
3.070456027984619
3.0354201793670654
3.0196762084960938
2.9503934383392334
3.0481934547424316
3.017401695251465
2.9730710983276367
2.9477951526641846
2.8975412845611572
2.872486114501953
2.8013346195220947
2.78871750831604
2.726339817047119
2.7212367057800293
3.0493083000183105
2.981105089187622
2.887911081314087
2.8617987632751465
2.8506312370300293
2.7979044914245605
2.762417793273926
2.7220287322998047
2.6937897205352783
2.67655873298645
2.9488189220428467
2.9402801990509033
2.866698741912842
2.847895622253418
2.8136849403381348
2.8060319423675537
2.772028684616089
2.7029266357421875
2.695387363433838
2.6588027477264404
3.285151243209839
3.242473840713501
3.2261648178100586
3.150696277618408
3.1229019165039062
3.094930410385132
3.069021463394165
3.030186176300049
2.9858930110931396
2.9729137420654297
3.561609983444214
3.4772543907165527
3.4581048488616943
3.3916783332824707
3.3357300758361816
3.3369877338409424
3.2661941051483154
3.2508299350738525
3.193024158477783
3.1527764797210693
3.53668212890625
3.5053486824035645
3.4564929008483887
3.416498899459839
3.381504774093628
3.3468620777130127
3.3479487895965576
3.3103578090667725
3.2392406463623047
3.225663423538208
3.751485824584961
3.6915156841278076
3.637397289276123
3.592700958251953
3.595414638519287
3.509556770324707
3.508342742919922
3.504506826400757
3.4269957542419434
3.3769166469573975
3.7325363159179688
3.6850171089172363
3.5933640003204346
3.5710971355438232
3.5424866676330566
3.48779559135437
3.437528371810913
3.4437828063964844
3.390880584716797
3.2993054389953613
2.6435434818267822
2.6131725311279297
2.5597028732299805
2.549900531768799
2.5251548290252686
2.4904661178588867
2.444622278213501
2.419295310974121
2.372964859008789
2.3735368251800537
2.6334774494171143
2.5631561279296875
2.5279901027679443
2.5014402866363525
2.480865240097046
2.4599146842956543
2.4121789932250977
2.3852133750915527
2.3689441680908203
2.299866199493408
2.744509220123291
2.70656156539917
2.660135507583618
2.625058889389038
2.5863101482391357
2.5690038204193115
2.5508999824523926
2.5022034645080566
2.492382049560547
2.448531150817871
2.9783434867858887
2.938781976699829
2.8892271518707275
2.859668493270874
2.829209804534912
2.7953150272369385
2.7696337699890137
2.756241798400879
2.7258362770080566
2.699608325958252
3.514129161834717
3.4637351036071777
3.466348648071289
3.433845281600952
3.372913122177124
3.3342137336730957
3.2881104946136475
3.255345106124878
3.1818978786468506
3.189199924468994
3.2448320388793945
3.1994128227233887
3.2032129764556885
3.156663656234741
3.1237306594848633
3.0875847339630127
3.0782976150512695
3.00693416595459
3.0336124897003174
2.931506633758545
3.272167205810547
3.2281787395477295
3.2058751583099365
3.13659405708313
3.1444320678710938
3.089862108230591
3.1253738403320312
3.0587213039398193
2.9764866828918457
2.9382412433624268
2.8278090953826904
2.7807044982910156
2.7615692615509033
2.736987829208374
2.6836891174316406
2.6759109497070312
2.577019453048706
2.583678722381592
2.492466926574707
2.4773623943328857
3.3298685550689697
3.315016031265259
3.223784923553467
3.2150332927703857
3.1700973510742188
3.1330342292785645
3.1047353744506836
3.0121309757232666
2.976335048675537
2.9229114055633545
3.6157593727111816
3.5710678100585938
3.5360114574432373
3.467445135116577
3.417710065841675
3.415656089782715
3.3142592906951904
3.2870118618011475
3.2460591793060303
3.1978938579559326
3.302246332168579
3.242157459259033
3.173837184906006
3.138117790222168
3.112757444381714
3.0339155197143555
3.0052740573883057
2.970341205596924
2.912322998046875
2.888115167617798
3.1562130451202393
3.091221809387207
3.048558235168457
3.002532720565796
2.964468479156494
2.9451041221618652
2.8886120319366455
2.8674917221069336
2.7901110649108887
2.7658445835113525
3.3551406860351562
3.3442490100860596
3.2772014141082764
3.2072629928588867
3.157998561859131
3.1430513858795166
3.1093220710754395
3.0705225467681885
3.033068895339966
2.9487667083740234
3.765429735183716
3.6786112785339355
3.6513710021972656
3.5781409740448
3.5523667335510254
3.4992194175720215
3.4275269508361816
3.4055094718933105
3.3302671909332275
3.284034490585327
3.534634590148926
3.492002487182617
3.4747142791748047
3.3921759128570557
3.3554787635803223
3.3234686851501465
3.284776449203491
3.253326416015625
3.1714909076690674
3.1632373332977295
3.5301990509033203
3.452200412750244
3.4021973609924316
3.3555052280426025
3.3454413414001465
3.308744192123413
3.266608238220215
3.225600004196167
3.188065767288208
3.166055917739868
3.3462092876434326
3.3258278369903564
3.295431137084961
3.225080966949463
3.2117528915405273
3.1630632877349854
3.1471967697143555
3.09083890914917
3.078577756881714
3.055969476699829
3.226740837097168
3.1869845390319824
3.141573667526245
3.1313118934631348
3.0821242332458496
3.0357954502105713
3.0111782550811768
2.9899463653564453
2.951798915863037
2.8970682621002197
2.8684182167053223
2.807177782058716
2.784184217453003
2.721850872039795
2.7015252113342285
2.63979434967041
2.6010844707489014
2.5535812377929688
2.5244944095611572
2.5199646949768066
2.5817065238952637
2.553802013397217
2.5018298625946045
2.4630322456359863
2.463256359100342
2.3923826217651367
2.3757147789001465
2.3545446395874023
2.2936105728149414
2.28306245803833
2.561460018157959
2.5205187797546387
2.4643502235412598
2.441351890563965
2.4281117916107178
2.4125332832336426
2.3580164909362793
2.327524185180664
2.314479351043701
2.2687644958496094
2.6628377437591553
2.590545892715454
2.601881980895996
2.5766968727111816
2.5429649353027344
2.5077714920043945
2.47914457321167
2.426318645477295
2.4340298175811768
2.3829071521759033
2.8098580837249756
2.728437662124634
2.701568841934204
2.6902568340301514
2.656890869140625
2.599764108657837
2.599097728729248
2.543941020965576
2.508659839630127
2.495961904525757
2.84696102142334
2.8003621101379395
2.7548739910125732
2.72619366645813
2.6837785243988037
2.6258606910705566
2.6041038036346436
2.5602264404296875
2.5204505920410156
2.4731602668762207
2.712238073348999
2.633019208908081
2.605896234512329
2.575021505355835
2.5468900203704834
2.513023853302002
2.5083224773406982
2.461177110671997
2.421046733856201
2.4139389991760254
2.9096662998199463
2.8775289058685303
2.8265902996063232
2.7967121601104736
2.7459604740142822
2.6960036754608154
2.681027889251709
2.658308267593384
2.5865848064422607
2.5691587924957275
3.1607961654663086
3.095930337905884
3.0924770832061768
2.981372356414795
2.952564001083374
2.8833179473876953
2.9138593673706055
2.8372044563293457
2.8045520782470703
2.7455360889434814
3.1628005504608154
3.1478781700134277
3.109563112258911
3.069549083709717
3.0309629440307617
3.0030407905578613
2.9585869312286377
2.9617831707000732
2.8978776931762695
2.860722064971924
2.867309093475342
2.8443784713745117
2.806323766708374
2.8036599159240723
2.750567674636841
2.733093023300171
2.702239751815796
2.68194317817688
2.666092872619629
2.6417436599731445
2.7705440521240234
2.741365909576416
2.719223737716675
2.694575548171997
2.66707706451416
2.6157922744750977
2.6069228649139404
2.5505993366241455
2.528033494949341
2.5119152069091797
2.7074081897735596
2.7207980155944824
2.6545939445495605
2.653972864151001
2.5949814319610596
2.5473570823669434
2.536468029022217
2.520784854888916
2.467672109603882
2.4447460174560547
2.6913788318634033
2.6835172176361084
2.6205103397369385
2.608649253845215
2.600550889968872
2.5395889282226562
2.4968457221984863
2.4490602016448975
2.4455177783966064
2.4261982440948486
2.941920042037964
2.862889051437378
2.8379788398742676
2.8071956634521484
2.760664224624634
2.720679521560669
2.7141427993774414
2.624307632446289
2.598870277404785
2.5584464073181152
3.0156314373016357
2.9723198413848877
2.9195594787597656
2.9042606353759766
2.869126319885254
2.8198351860046387
2.7973005771636963
2.7576487064361572
2.748302936553955
2.683773994445801
3.179462432861328
3.1590607166290283
3.0662190914154053
3.048159122467041
3.054572820663452
2.957662343978882
2.9484786987304688
2.9044833183288574
2.876189708709717
2.830158233642578
2.9417574405670166
2.909925937652588
2.884141683578491
2.847491502761841
2.8440942764282227
2.803274154663086
2.7660231590270996
2.7254505157470703
2.682608127593994
2.662691831588745
3.0651206970214844
2.9959230422973633
2.9838972091674805
2.9341769218444824
2.871223211288452
2.8328325748443604
2.8146214485168457
2.7542178630828857
2.710585117340088
2.667695999145508
2.785325527191162
2.754180669784546
2.7035136222839355
2.674457311630249
2.6399426460266113
2.5920329093933105
2.5568861961364746
2.528280019760132
2.4824471473693848
2.4757204055786133
2.581578016281128
2.549879789352417
2.526650905609131
2.496704578399658
2.439952850341797
2.4225146770477295
2.365790605545044
2.354074478149414
2.3534562587738037
2.311866283416748
2.545034170150757
2.502913236618042
2.4746694564819336
2.4306998252868652
2.428490161895752
2.3912465572357178
2.351475715637207
2.3239192962646484
2.3106350898742676
2.2737057209014893
2.7437992095947266
2.686058282852173
2.645709753036499
2.5850133895874023
2.576988935470581
2.5633811950683594
2.4936678409576416
2.4508769512176514
2.437976837158203
2.4036505222320557
3.0456082820892334
3.0095341205596924
2.9655253887176514
2.9233272075653076
2.908806324005127
2.8189849853515625
2.8114213943481445
2.778895378112793
2.736255407333374
2.711120128631592
3.3020598888397217
3.279132127761841
3.221029281616211
3.178117036819458
3.150334596633911
3.0775115489959717
3.0845842361450195
3.0326781272888184
3.012519598007202
2.9694101810455322
3.35512638092041
3.340831756591797
3.281494379043579
3.293065309524536
3.2507400512695312
3.218074321746826
3.149649143218994
3.1263208389282227
3.1196818351745605
3.081224203109741
2.9536046981811523
2.9161367416381836
2.855679512023926
2.8692574501037598
2.832212209701538
2.773529052734375
2.732863664627075
2.713812828063965
2.7104878425598145
2.693758726119995
3.525053024291992
3.4819579124450684
3.4595415592193604
3.4214818477630615
3.3576314449310303
3.329209566116333
3.2954461574554443
3.2427175045013428
3.223871946334839
3.175184726715088
3.222832441329956
3.1828155517578125
3.155956745147705
3.128286838531494
3.0758025646209717
3.0833916664123535
3.035954236984253
2.9758493900299072
2.9768240451812744
2.946537971496582
3.130305051803589
3.1146373748779297
3.0703587532043457
3.0562021732330322
2.9973061084747314
2.9768247604370117
2.928316831588745
2.9349989891052246
2.8715336322784424
2.881460666656494
3.1871097087860107
3.142951488494873
3.093808889389038
3.09552001953125
3.060342311859131
3.0346765518188477
2.985673427581787
2.9628427028656006
2.91296648979187
2.854445219039917
3.421942710876465
3.428420066833496
3.349442958831787
3.3258936405181885
3.275080442428589
3.236532211303711
3.1972737312316895
3.1633825302124023
3.1267261505126953
3.0830748081207275
3.6257429122924805
3.6031064987182617
3.582587957382202
3.4858551025390625
3.4987525939941406
3.434088706970215
3.418362617492676
3.3682332038879395
3.331298828125
3.310295581817627
3.479245901107788
3.448380470275879
3.3919999599456787
3.361302614212036
3.3336944580078125
3.2647500038146973
3.2082431316375732
3.2029855251312256
3.157504081726074
3.10943603515625
3.4995477199554443
3.4232449531555176
3.3397629261016846
3.310795783996582
3.2924139499664307
3.25203800201416
3.2248036861419678
3.173753499984741
3.1536529064178467
3.0964548587799072
2.86729097366333
2.8302066326141357
2.780703544616699
2.7154147624969482
2.743346691131592
2.6728713512420654
2.651459217071533
2.6044111251831055
2.546173095703125
2.535008430480957
2.651128053665161
2.6294662952423096
2.5567336082458496
2.5477442741394043
2.479433536529541
2.423931837081909
2.407977342605591
2.333073377609253
2.289015531539917
2.249234676361084
2.2505838871002197
2.2340128421783447
2.183454990386963
2.1607797145843506
2.1058974266052246
2.0678741931915283
1.9944217205047607
2.004119396209717
1.9499363899230957
1.9331823587417603
2.0865135192871094
2.053476333618164
2.0169551372528076
2.0080270767211914
1.9616682529449463
1.9543472528457642
1.908158540725708
1.8846162557601929
1.8597384691238403
1.8385335206985474
2.2255518436431885
2.1665141582489014
2.1472883224487305
2.131298542022705
2.1051857471466064
2.0944344997406006
2.031860828399658
2.016446352005005
2.010483503341675
1.9844129085540771
2.5715138912200928
2.4923715591430664
2.4810984134674072
2.446481227874756
2.410282850265503
2.3601841926574707
2.3572187423706055
2.3216352462768555
2.280202627182007
2.24577260017395
2.6964120864868164
2.6882684230804443
2.624876022338867
2.588923215866089
2.5480000972747803
2.519007682800293
2.4929404258728027
2.4457201957702637
2.410388946533203
2.3810741901397705
3.081282615661621
3.083559036254883
3.0164947509765625
2.95119571685791
2.9330430030822754
2.8967251777648926
2.8722736835479736
2.8308868408203125
2.7719647884368896
2.7562007904052734
2.8896358013153076
2.8529019355773926
2.8049142360687256
2.775178909301758
2.7289721965789795
2.7186813354492188
2.681812047958374
2.638369083404541
2.627300262451172
2.5853261947631836
2.9753096103668213
2.9540648460388184
2.894536018371582
2.862666606903076
2.8242602348327637
2.8082566261291504
2.762686252593994
2.765115261077881
2.7366926670074463
2.7016139030456543
