3.960261344909668
3.918351411819458
3.9518582820892334
3.9365034103393555
3.9551432132720947
3.9359967708587646
3.9538486003875732
3.930402994155884
3.959296226501465
3.936678886413574
3.9381520748138428
3.9440722465515137
3.9504318237304688
3.9436161518096924
3.8915963172912598
3.9250972270965576
3.945652723312378
3.9356606006622314
3.9000134468078613
3.892723560333252
3.8949086666107178
3.8807241916656494
3.8825912475585938
3.8631622791290283
3.8648159503936768
3.8837482929229736
3.909797191619873
3.8486528396606445
3.8632283210754395
3.900315523147583
3.824918270111084
3.7863144874572754
3.809647798538208
3.7869677543640137
3.833930730819702
3.7534759044647217
3.7839159965515137
3.7742955684661865
3.773024320602417
3.7819175720214844
3.824406623840332
3.8194282054901123
3.812765598297119
3.782682180404663
3.77736759185791
3.799069404602051
3.787172555923462
3.766174793243408
3.7867183685302734
3.803826332092285
3.8416178226470947
3.8408541679382324
3.853034496307373
3.7938199043273926
3.8367745876312256
3.834930658340454
3.837601900100708
3.798129081726074
3.835279703140259
3.8090481758117676
3.8279480934143066
3.8544390201568604
3.826369524002075
3.830601453781128
3.8303141593933105
3.827176809310913
3.846684217453003
3.8160691261291504
3.784656047821045
3.824141502380371
3.880817174911499
3.882948637008667
3.896594524383545
3.904376268386841
3.9042675495147705
3.8714399337768555
3.865172863006592
3.9152326583862305
3.889871835708618
3.8581669330596924
3.9997448921203613
4.037492275238037
4.024923324584961
4.045081615447998
4.052926063537598
4.027078151702881
4.011723041534424
4.026549816131592
4.032495021820068
4.0097479820251465
3.2052948474884033
3.245487689971924
3.2173776626586914
3.175694704055786
3.1341888904571533
3.165978193283081
3.1652348041534424
3.136531352996826
3.155473470687866
3.1138601303100586
3.187786102294922
3.173914670944214
3.170907497406006
3.1839921474456787
3.122438430786133
3.1285400390625
3.192479372024536
3.0843424797058105
3.082331418991089
3.1408822536468506
3.1465399265289307
3.168804883956909
3.203660011291504
3.203580141067505
3.1909875869750977
3.1538166999816895
3.0723888874053955
3.108834743499756
3.0766403675079346
3.1279985904693604
3.087101459503174
3.093212127685547
3.0781450271606445
3.053614616394043
3.047051429748535
2.9700469970703125
3.0252981185913086
3.053138256072998
2.9677577018737793
2.983564853668213
3.2402894496917725
3.1643691062927246
3.184288740158081
3.16717267036438
3.1167590618133545
3.0896363258361816
3.1363842487335205
3.150841236114502
3.147224187850952
3.091981887817383
3.3227272033691406
3.3569395542144775
3.2698895931243896
3.257718801498413
3.2875020503997803
3.256993293762207
3.2024927139282227
3.291769027709961
3.1771726608276367
3.165665626525879
3.649675130844116
3.6116750240325928
3.578193426132202
3.565469264984131
3.5948803424835205
3.555227518081665
3.5208215713500977
3.4533603191375732
3.5930609703063965
3.5417075157165527
3.8644025325775146
3.7827398777008057
3.7851920127868652
3.672524929046631
3.7536892890930176
3.6537933349609375
3.5535566806793213
3.5941991806030273
3.608055591583252
3.5002388954162598
3.5415775775909424
3.4526636600494385
3.4628989696502686
3.4326364994049072
3.4301164150238037
3.5160107612609863
3.4123423099517822
3.3567306995391846
3.401362895965576
3.355311155319214
