3.960261344909668
3.918351411819458
3.9518582820892334
3.9365034103393555
3.9551432132720947
3.9359967708587646
3.9538486003875732
3.930402994155884
3.959296226501465
3.936678886413574
3.9381520748138428
3.9440722465515137
3.9504318237304688
3.9436161518096924
3.8915963172912598
3.9250972270965576
3.945652723312378
3.9356606006622314
3.9000134468078613
3.892723560333252
3.8949086666107178
3.8807241916656494
3.8825912475585938
3.8631622791290283
3.8648159503936768
3.8837482929229736
3.909797191619873
3.8486528396606445
3.8632283210754395
3.900315523147583
3.824918270111084
3.7863144874572754
3.809647798538208
3.7869677543640137
3.833930730819702
3.7534759044647217
3.7839159965515137
3.7742955684661865
3.773024320602417
3.7819175720214844
3.824406623840332
3.8194282054901123
3.812765598297119
3.782682180404663
3.77736759185791
3.799069404602051
3.787172555923462
3.766174793243408
3.7867183685302734
3.803826332092285
3.8416178226470947
3.8408541679382324
3.853034496307373
3.7938199043273926
3.8367745876312256
3.834930658340454
3.837601900100708
3.798129081726074
3.835279703140259
3.8090481758117676
3.8279480934143066
3.8544390201568604
3.826369524002075
3.830601453781128
3.8303141593933105
3.827176809310913
3.846684217453003
3.8160691261291504
3.784656047821045
3.824141502380371
3.880817174911499
3.882948637008667
3.896594524383545
3.904376268386841
3.9042675495147705
3.8714399337768555
3.865172863006592
3.9152326583862305
3.889871835708618
3.8581669330596924
3.9997448921203613
4.037492275238037
4.024923324584961
4.045081615447998
4.052926063537598
4.027078151702881
4.011723041534424
4.026549816131592
4.032495021820068
4.0097479820251465
3.2052948474884033
3.245487689971924
3.2173776626586914
3.175694704055786
3.1341888904571533
3.165978193283081
3.1652348041534424
3.136531352996826
3.155473470687866
3.1138601303100586
3.187786102294922
3.173914670944214
3.170907497406006
3.1839921474456787
3.122438430786133
3.1285400390625
3.192479372024536
3.0843424797058105
3.082331418991089
3.1408822536468506
3.1465399265289307
3.168804883956909
3.203660011291504
3.203580141067505
3.1909875869750977
3.1538166999816895
3.0723888874053955
3.108834743499756
3.0766403675079346
3.1279985904693604
3.087101459503174
3.093212127685547
3.0781450271606445
3.053614616394043
3.047051429748535
2.9700469970703125
3.0252981185913086
3.053138256072998
2.9677577018737793
2.983564853668213
3.2402894496917725
3.1643691062927246
3.184288740158081
3.16717267036438
3.1167590618133545
3.0896363258361816
3.1363842487335205
3.150841236114502
3.147224187850952
3.091981887817383
3.3227272033691406
3.3569395542144775
3.2698895931243896
3.257718801498413
3.2875020503997803
3.256993293762207
3.2024927139282227
3.291769027709961
3.1771726608276367
3.165665626525879
3.649675130844116
3.6116750240325928
3.578193426132202
3.565469264984131
3.5948803424835205
3.555227518081665
3.5208215713500977
3.4533603191375732
3.5930609703063965
3.5417075157165527
3.8644025325775146
3.7827398777008057
3.7851920127868652
3.672524929046631
3.7536892890930176
3.6537933349609375
3.5535566806793213
3.5941991806030273
3.608055591583252
3.5002388954162598
3.5415775775909424
3.4526636600494385
3.4628989696502686
3.4326364994049072
3.4301164150238037
3.5160107612609863
3.4123423099517822
3.3567306995391846
3.401362895965576
3.355311155319214
2.8012614250183105
2.8119442462921143
2.7266316413879395
2.705411434173584
2.7136902809143066
2.6337203979492188
2.7152416706085205
2.602473735809326
2.677974224090576
2.701810598373413
2.5621347427368164
2.5235891342163086
2.5112271308898926
2.5235087871551514
2.528270721435547
2.436199903488159
2.5062906742095947
2.4548892974853516
2.4244043827056885
2.393782377243042
2.539760112762451
2.596996545791626
2.475684404373169
2.513998031616211
2.4268057346343994
2.42046856880188
2.4019644260406494
2.458223581314087
2.4567980766296387
2.388934373855591
2.591219425201416
2.574859142303467
2.4933576583862305
2.490783929824829
2.4544856548309326
2.5233049392700195
2.45892596244812
2.4462172985076904
2.409471035003662
2.3412156105041504
2.8742382526397705
2.8260836601257324
2.8270421028137207
2.75606107711792
2.7383108139038086
2.719683885574341
2.69943904876709
2.725947141647339
2.7216379642486572
2.6311233043670654
2.8695266246795654
2.8442184925079346
2.832448959350586
2.7189738750457764
2.6851162910461426
2.7016072273254395
2.645601749420166
2.643496513366699
2.6905055046081543
2.6573657989501953
3.0058252811431885
2.9052233695983887
2.972005844116211
2.821021795272827
2.825374126434326
2.8510446548461914
2.8248488903045654
2.850212574005127
2.771094560623169
2.808746576309204
3.0577306747436523
3.1031241416931152
3.0571820735931396
3.044834613800049
3.0536439418792725
2.992988109588623
2.8926820755004883
2.985691785812378
2.9217443466186523
2.872169017791748
3.2759885787963867
3.1688802242279053
3.222705125808716
3.149998903274536
3.1482391357421875
3.1973259449005127
3.1939079761505127
3.0608789920806885
3.0240421295166016
3.0632176399230957
3.007101535797119
2.899142265319824
2.9271857738494873
2.9066736698150635
2.8763418197631836
2.8275234699249268
2.879957437515259
2.8450088500976562
2.7923104763031006
2.7977354526519775
2.8861544132232666
2.8864095211029053
2.805155038833618
2.7662534713745117
2.8234100341796875
2.7851808071136475
2.769150972366333
2.7563412189483643
2.730478048324585
2.6337196826934814
3.0077900886535645
2.930694103240967
2.919215202331543
2.912060499191284
2.8851592540740967
2.8645176887512207
2.8724400997161865
2.791801929473877
2.7560207843780518
2.7423954010009766
3.1148955821990967
3.0395541191101074
2.9914722442626953
2.9841184616088867
2.8683969974517822
2.8867452144622803
2.8203206062316895
2.836919069290161
2.8052127361297607
2.7340497970581055
3.0595929622650146
3.0747342109680176
3.006877899169922
3.027296543121338
2.9789528846740723
2.916147232055664
2.8684046268463135
2.8700947761535645
2.8637123107910156
2.872629404067993
3.2708542346954346
3.2261574268341064
3.1046011447906494
3.147780656814575
3.1026949882507324
3.0011844635009766
3.0442585945129395
2.969534397125244
2.932055950164795
2.922337293624878
3.354313611984253
3.4097862243652344
3.3424196243286133
3.3115694522857666
3.256274461746216
3.198564052581787
3.1399929523468018
3.229261875152588
3.139658212661743
3.1114895343780518
2.943760395050049
2.878412961959839
2.8911831378936768
2.957022190093994
2.8269951343536377
2.705118417739868
2.818925380706787
2.822270393371582
2.7571089267730713
2.668419599533081
3.0799925327301025
3.0855956077575684
3.0696959495544434
2.9612231254577637
2.989511013031006
2.9269204139709473
2.8858652114868164
2.9292311668395996
2.898690700531006
2.8848793506622314
1.8529021739959717
1.8985289335250854
1.8331507444381714
1.825756549835205
1.8036253452301025
1.762940764427185
1.7218456268310547
1.7187731266021729
1.6935522556304932
1.6623914241790771
1.8721054792404175
1.9040864706039429
1.8819400072097778
1.8278813362121582
1.8261128664016724
1.8066480159759521
1.785799503326416
1.745206594467163
1.6911369562149048
1.729219913482666
2.124467372894287
2.1275031566619873
2.06538462638855
2.076678991317749
2.0265777111053467
2.0414226055145264
2.046598434448242
1.9833362102508545
2.0318477153778076
1.9703779220581055
2.6122920513153076
2.5468151569366455
2.5869030952453613
2.590545892715454
2.499323606491089
2.534336566925049
2.437688112258911
2.439058780670166
2.4245762825012207
2.4391562938690186
3.110328435897827
3.0622127056121826
3.1536343097686768
3.0767910480499268
2.9796078205108643
3.020603895187378
2.987072229385376
2.983778476715088
2.9401473999023438
2.8920750617980957
2.899526596069336
2.946314811706543
2.904360771179199
2.8429183959960938
2.850203514099121
2.9331438541412354
2.8423871994018555
2.8199615478515625
2.8243143558502197
2.812450408935547
2.775954484939575
2.751779317855835
2.6845154762268066
2.657841444015503
2.655155897140503
2.638267755508423
2.701439142227173
2.6203627586364746
2.5343596935272217
2.5475974082946777
3.131842613220215
3.083308219909668
3.022301435470581
3.0875704288482666
2.9885361194610596
3.065164566040039
2.990675926208496
2.9854793548583984
2.946195602416992
2.919224500656128
3.5496785640716553
3.5210723876953125
3.4378092288970947
3.5033676624298096
3.512460947036743
3.4286158084869385
3.442812919616699
3.364506244659424
3.3153703212738037
3.3268871307373047
