4.243550777435303
4.234493255615234
4.2446980476379395
4.229239463806152
4.211703300476074
4.2429585456848145
4.237377643585205
4.210292339324951
4.18042516708374
4.226047515869141
77.15135955810547
75.99524688720703
74.84093475341797
73.7159652709961
72.8085708618164
71.95463562011719
71.25466918945312
70.4886474609375
69.94326782226562
69.05194091796875
3.704491138458252
3.705855131149292
3.7027595043182373
3.705613136291504
3.7060387134552
3.7107162475585938
3.698371171951294
3.698702812194824
3.6985127925872803
3.6999049186706543
15.192901611328125
15.054837226867676
15.028772354125977
14.886222839355469
14.7949800491333
14.747325897216797
14.685565948486328
14.553424835205078
14.450743675231934
14.361183166503906
3.510878086090088
3.5146946907043457
3.510345220565796
3.5138626098632812
3.514521837234497
3.5115203857421875
3.5107884407043457
3.510958194732666
3.5121335983276367
3.512016773223877
4.58185338973999
4.574118614196777
4.576011657714844
4.575989246368408
4.5736565589904785
4.575549602508545
4.5793609619140625
4.576907634735107
4.577541828155518
4.570329666137695
4.131846904754639
4.133195400238037
4.130176067352295
4.131692409515381
4.130061149597168
4.13151741027832
4.131674766540527
4.13176965713501
4.13223934173584
4.131141662597656
53.946903228759766
52.287654876708984
50.94729995727539
49.892887115478516
48.50653839111328
48.49067306518555
47.56077575683594
46.9463005065918
46.597557067871094
45.96614456176758
5.132165431976318
5.093555927276611
5.096320629119873
5.072344779968262
5.091153144836426
5.057350158691406
5.0775251388549805
5.039294242858887
5.057628631591797
5.0506157875061035
4.068779945373535
4.06959342956543
4.068907260894775
4.068409442901611
4.068927764892578
4.069613933563232
4.068994045257568
4.067863941192627
4.069606304168701
4.068600654602051
30.210033416748047
30.038259506225586
29.97569465637207
29.84864616394043
29.79913330078125
29.65699577331543
29.504749298095703
29.199262619018555
29.015796661376953
29.017318725585938
2.5955729484558105
2.598952531814575
2.5857274532318115
2.5914721488952637
2.5838282108306885
2.570192337036133
2.5689985752105713
2.5698633193969727
2.563525676727295
2.56144380569458
111.86042785644531
110.97764587402344
109.664794921875
108.69978332519531
107.98997497558594
107.34870147705078
106.53070831298828
105.41230773925781
104.82522583007812
103.53854370117188
3.7933542728424072
3.792236328125
3.7931411266326904
3.7933335304260254
3.791518449783325
3.79203724861145
3.7930784225463867
3.79239821434021
3.7924399375915527
3.791684865951538
3.9949426651000977
3.9951171875
3.995448112487793
3.995004177093506
3.994880437850952
3.9948089122772217
3.994856119155884
3.9946658611297607
3.995311737060547
3.9947776794433594
99.94990539550781
100.09719848632812
99.64651489257812
99.46699523925781
99.11380767822266
98.6612548828125
98.93477630615234
98.3663330078125
98.58043670654297
97.7190933227539
3.663412570953369
3.6636791229248047
3.663541793823242
3.6628029346466064
3.662639856338501
3.663367986679077
3.661635637283325
3.6628196239471436
3.66207218170166
3.662707567214966
9.005426406860352
8.878521919250488
8.68404769897461
8.526192665100098
8.381348609924316
8.144234657287598
8.019186019897461
7.952815055847168
7.796628475189209
7.697337627410889
3.569380044937134
3.569002628326416
3.5667026042938232
3.568415641784668
3.5675241947174072
3.565284252166748
3.5669517517089844
3.565835475921631
3.5688912868499756
3.5677897930145264
59.935707092285156
59.13018798828125
59.32182312011719
58.686798095703125
58.06675720214844
58.08291244506836
57.80499267578125
57.367042541503906
57.29380416870117
56.470237731933594
3.301342725753784
3.3054964542388916
3.3058083057403564
3.2841296195983887
3.295034885406494
3.291933536529541
3.2874577045440674
3.2991726398468018
3.2721264362335205
3.2912240028381348
3.886387825012207
3.8865177631378174
3.8860244750976562
3.886444091796875
3.886354446411133
3.886652946472168
3.886561155319214
3.886739730834961
3.8872668743133545
3.886352062225342
5.237311840057373
5.229531764984131
5.23955774307251
5.254190921783447
5.233645915985107
5.211885929107666
5.223261833190918
5.235073089599609
5.232781887054443
5.234528541564941
3.0075902938842773
3.013003349304199
3.009596824645996
3.0097386837005615
3.009884834289551
3.0079987049102783
3.0061683654785156
3.0077545642852783
3.0111210346221924
3.0052084922790527
