4.243550777435303
4.234493255615234
4.2446980476379395
4.229239463806152
4.211703300476074
4.2429585456848145
4.237377643585205
4.210292339324951
4.18042516708374
4.226047515869141
77.15135955810547
75.99524688720703
74.84093475341797
73.7159652709961
72.8085708618164
71.95463562011719
71.25466918945312
70.4886474609375
69.94326782226562
69.05194091796875
3.704491138458252
3.705855131149292
3.7027595043182373
3.705613136291504
3.7060387134552
3.7107162475585938
3.698371171951294
3.698702812194824
3.6985127925872803
3.6999049186706543
15.192901611328125
15.054837226867676
15.028772354125977
14.886222839355469
14.7949800491333
14.747325897216797
14.685565948486328
14.553424835205078
14.450743675231934
14.361183166503906
3.510878086090088
3.5146946907043457
3.510345220565796
3.5138626098632812
3.514521837234497
3.5115203857421875
3.5107884407043457
3.510958194732666
3.5121335983276367
3.512016773223877
4.58185338973999
4.574118614196777
4.576011657714844
4.575989246368408
4.5736565589904785
4.575549602508545
4.5793609619140625
4.576907634735107
4.577541828155518
4.570329666137695
4.131846904754639
4.133195400238037
4.130176067352295
4.131692409515381
4.130061149597168
4.13151741027832
4.131674766540527
4.13176965713501
4.13223934173584
4.131141662597656
53.946903228759766
52.287654876708984
50.94729995727539
49.892887115478516
48.50653839111328
48.49067306518555
47.56077575683594
46.9463005065918
46.597557067871094
45.96614456176758
5.132165431976318
5.093555927276611
5.096320629119873
5.072344779968262
5.091153144836426
5.057350158691406
5.0775251388549805
5.039294242858887
5.057628631591797
5.0506157875061035
4.068779945373535
4.06959342956543
4.068907260894775
4.068409442901611
4.068927764892578
4.069613933563232
4.068994045257568
4.067863941192627
4.069606304168701
4.068600654602051
30.210033416748047
30.038259506225586
29.97569465637207
29.84864616394043
29.79913330078125
29.65699577331543
29.504749298095703
29.199262619018555
29.015796661376953
29.017318725585938
2.5955729484558105
2.598952531814575
2.5857274532318115
2.5914721488952637
2.5838282108306885
2.570192337036133
2.5689985752105713
2.5698633193969727
2.563525676727295
2.56144380569458
111.86042785644531
110.97764587402344
109.664794921875
108.69978332519531
107.98997497558594
107.34870147705078
106.53070831298828
105.41230773925781
104.82522583007812
103.53854370117188
3.7933542728424072
3.792236328125
3.7931411266326904
3.7933335304260254
3.791518449783325
3.79203724861145
3.7930784225463867
3.79239821434021
3.7924399375915527
3.791684865951538
3.9949426651000977
3.9951171875
3.995448112487793
3.995004177093506
3.994880437850952
3.9948089122772217
3.994856119155884
3.9946658611297607
3.995311737060547
3.9947776794433594
99.94990539550781
100.09719848632812
99.64651489257812
99.46699523925781
99.11380767822266
98.6612548828125
98.93477630615234
98.3663330078125
98.58043670654297
97.7190933227539
3.663412570953369
3.6636791229248047
3.663541793823242
3.6628029346466064
3.662639856338501
3.663367986679077
3.661635637283325
3.6628196239471436
3.66207218170166
3.662707567214966
9.005426406860352
8.878521919250488
8.68404769897461
8.526192665100098
8.381348609924316
8.144234657287598
8.019186019897461
7.952815055847168
7.796628475189209
7.697337627410889
3.569380044937134
3.569002628326416
3.5667026042938232
3.568415641784668
3.5675241947174072
3.565284252166748
3.5669517517089844
3.565835475921631
3.5688912868499756
3.5677897930145264
59.935707092285156
59.13018798828125
59.32182312011719
58.686798095703125
58.06675720214844
58.08291244506836
57.80499267578125
57.367042541503906
57.29380416870117
56.470237731933594
3.301342725753784
3.3054964542388916
3.3058083057403564
3.2841296195983887
3.295034885406494
3.291933536529541
3.2874577045440674
3.2991726398468018
3.2721264362335205
3.2912240028381348
3.886387825012207
3.8865177631378174
3.8860244750976562
3.886444091796875
3.886354446411133
3.886652946472168
3.886561155319214
3.886739730834961
3.8872668743133545
3.886352062225342
5.237311840057373
5.229531764984131
5.23955774307251
5.254190921783447
5.233645915985107
5.211885929107666
5.223261833190918
5.235073089599609
5.232781887054443
5.234528541564941
3.0075902938842773
3.013003349304199
3.009596824645996
3.0097386837005615
3.009884834289551
3.0079987049102783
3.0061683654785156
3.0077545642852783
3.0111210346221924
3.0052084922790527
3.7292962074279785
3.7288429737091064
3.7295212745666504
3.7278194427490234
3.7280943393707275
3.7290472984313965
3.72872257232666
3.7278735637664795
3.7281908988952637
3.7281508445739746
4.441709995269775
4.443324565887451
4.4370622634887695
4.44416618347168
4.431990623474121
4.436306953430176
4.438803195953369
4.436388969421387
4.441523551940918
4.439764022827148
93.81201171875
92.69707489013672
91.59468841552734
89.1651611328125
86.16024017333984
82.00599670410156
76.5926513671875
71.13984680175781
66.41193389892578
61.89103317260742
2.9939959049224854
2.9931604862213135
2.9962334632873535
2.992474317550659
2.9941794872283936
2.994359254837036
2.9936954975128174
2.9895029067993164
2.990661144256592
2.9965219497680664
4.0776591300964355
4.083623886108398
4.080150127410889
4.081069469451904
4.079543590545654
4.080629825592041
4.0774078369140625
4.083932876586914
4.080804824829102
4.079985618591309
70.07928466796875
70.16986846923828
69.70845031738281
69.0371322631836
69.64232635498047
68.30118560791016
68.78826141357422
68.58769226074219
68.63720703125
67.73384857177734
2.999631404876709
2.9946653842926025
2.996565818786621
2.993534564971924
3.000596761703491
2.99709415435791
2.9942822456359863
2.99377703666687
2.991778612136841
2.9962735176086426
36.87488555908203
36.214073181152344
36.3187141418457
35.6395149230957
35.07332992553711
34.787132263183594
34.488285064697266
34.265995025634766
33.84708786010742
33.22219467163086
3.3015995025634766
3.315939426422119
3.303438186645508
3.2999136447906494
3.3041298389434814
3.303372383117676
3.3030378818511963
3.2980988025665283
3.301684856414795
3.3048651218414307
4.767589569091797
4.786330223083496
4.781660556793213
4.7612996101379395
4.724282264709473
4.735829830169678
4.725220680236816
4.743128776550293
4.749486446380615
4.725625514984131
3.3113551139831543
3.3089873790740967
3.3099682331085205
3.309065341949463
3.3080525398254395
3.309889793395996
3.309476613998413
3.3075966835021973
3.307338237762451
3.3082308769226074
3.4402055740356445
3.44092059135437
3.4410617351531982
3.440542459487915
3.441650390625
3.440804958343506
3.441514492034912
3.441359043121338
3.4419476985931396
3.440274477005005
3.2782516479492188
3.2795684337615967
3.280547857284546
3.277489423751831
3.2786905765533447
3.2770421504974365
3.2812037467956543
3.276017427444458
3.2772152423858643
3.2757058143615723
3.665219783782959
3.667332887649536
3.664799928665161
3.6647679805755615
3.665703773498535
3.66455340385437
3.666067361831665
3.6648454666137695
3.665114641189575
3.6667368412017822
44.692474365234375
43.87712097167969
44.37834167480469
44.45260238647461
44.67108917236328
44.52202606201172
43.962398529052734
44.43475341796875
44.49197769165039
44.19649124145508
3.5821664333343506
3.579728364944458
3.5812530517578125
3.579157590866089
3.580545425415039
3.5783472061157227
3.5804684162139893
3.579899311065674
3.578587532043457
3.5790843963623047
3.816545248031616
3.816331624984741
3.816507339477539
3.81640625
3.8163657188415527
3.8165462017059326
3.816460609436035
3.8163628578186035
3.8161323070526123
3.8165805339813232
14.613749504089355
14.509718894958496
14.480990409851074
14.520238876342773
14.468391418457031
14.45789623260498
14.393121719360352
14.427233695983887
14.299398422241211
14.288061141967773
3.0311849117279053
3.033339500427246
3.0318024158477783
3.0374410152435303
3.0380520820617676
3.0315210819244385
3.030334949493408
3.0310206413269043
3.0324649810791016
3.031437873840332
25.863872528076172
25.546070098876953
25.28257179260254
25.550710678100586
25.095657348632812
25.366052627563477
25.281105041503906
25.18239974975586
24.811946868896484
24.907936096191406
3.14180850982666
3.1392781734466553
3.129490613937378
3.1280770301818848
3.1284279823303223
3.1391565799713135
3.139172077178955
3.126819610595703
3.132288694381714
3.1290533542633057
3.52694034576416
3.527401924133301
3.5260086059570312
3.526158571243286
3.5270192623138428
3.526991605758667
3.526441812515259
3.5267932415008545
3.5268030166625977
3.5267536640167236
20.003488540649414
20.055747985839844
19.933813095092773
19.968271255493164
19.87096405029297
19.68522834777832
19.61713981628418
19.72372055053711
19.73841094970703
19.564136505126953
3.4498050212860107
3.4509940147399902
3.449450969696045
3.4500348567962646
3.4484403133392334
3.4505066871643066
3.4497923851013184
3.4493517875671387
3.450497627258301
3.452751874923706
3.7138712406158447
3.711242198944092
3.712033748626709
3.7115025520324707
3.711671829223633
3.714815855026245
3.71114444732666
3.709665298461914
3.7123703956604004
3.711989164352417
3.8264174461364746
3.82631778717041
3.826638698577881
3.8263325691223145
3.826582670211792
3.8264551162719727
3.8265163898468018
3.8264081478118896
3.826509714126587
3.8265833854675293
4.161131381988525
4.16666316986084
4.1636481285095215
4.16139030456543
4.166357517242432
4.161199569702148
4.165345668792725
4.1649556159973145
4.163450717926025
4.165924072265625
5.202337741851807
5.234053134918213
5.2159857749938965
5.210109233856201
5.209029197692871
5.173867225646973
5.176911354064941
5.196563720703125
5.154684066772461
5.192376613616943
3.5962092876434326
3.5973832607269287
3.59674334526062
3.5973057746887207
3.5952746868133545
3.596233606338501
3.5971806049346924
3.5955450534820557
3.5963730812072754
3.596384048461914
3.706210136413574
3.7063279151916504
3.7057313919067383
3.707240343093872
3.7052559852600098
3.7051188945770264
3.706500291824341
3.7068064212799072
3.7066564559936523
3.706249237060547
3.101832389831543
3.100836992263794
3.1089673042297363
3.1000471115112305
3.1083168983459473
3.102010488510132
3.1094491481781006
3.0979535579681396
3.091543197631836
3.0993268489837646
7.597081661224365
7.557855129241943
7.6495256423950195
7.5872907638549805
7.630767822265625
7.64559268951416
7.533031463623047
7.577760696411133
7.649673938751221
7.6333746910095215
3.087076425552368
3.0909807682037354
3.075181007385254
3.073866844177246
3.0729947090148926
3.0717756748199463
3.0787277221679688
3.082026720046997
3.0693705081939697
3.0870003700256348
3.4661083221435547
3.4665277004241943
3.4665238857269287
3.4659674167633057
3.4670510292053223
3.4672818183898926
3.4669597148895264
3.462977170944214
3.465484619140625
3.465813636779785
7.643536567687988
7.702011585235596
7.656740188598633
7.634150981903076
7.66466760635376
7.647001266479492
7.550029277801514
7.579159736633301
7.577907562255859
7.595113754272461
3.2377493381500244
3.2481448650360107
3.240811824798584
3.2384142875671387
3.2400336265563965
3.2397468090057373
3.2332022190093994
3.238741159439087
3.2403900623321533
3.232450008392334
3.8366525173187256
3.8356308937072754
3.8352017402648926
3.834073305130005
3.834723711013794
3.8351364135742188
3.833775520324707
3.835390567779541
3.835132598876953
3.836338520050049
5.779140472412109
5.761728763580322
5.770097732543945
5.814665794372559
5.796253204345703
5.800632476806641
5.7902021408081055
5.749881744384766
5.783405303955078
5.80035924911499
3.582890033721924
3.5836775302886963
3.582991361618042
3.5839426517486572
3.5832979679107666
3.5839192867279053
3.58378005027771
3.5846457481384277
3.584542989730835
3.5844566822052
3.7626166343688965
3.7624499797821045
3.7645773887634277
3.764692544937134
3.7657337188720703
3.7647390365600586
3.7646055221557617
3.764824151992798
3.7630648612976074
3.766024589538574
3.6477298736572266
3.6467204093933105
3.6479387283325195
3.646292209625244
3.647066116333008
3.6467742919921875
3.647996664047241
3.6482372283935547
3.6492087841033936
3.6466164588928223
3.825031280517578
3.8219385147094727
3.831395149230957
3.829347610473633
3.826361894607544
3.8276455402374268
3.8315412998199463
3.826653242111206
3.8284621238708496
3.8234317302703857
2.8461573123931885
2.8577075004577637
2.8503494262695312
2.8463685512542725
2.854492664337158
2.8555245399475098
2.8460426330566406
2.8419651985168457
2.8394010066986084
2.851807117462158
11.553642272949219
11.464041709899902
11.477239608764648
10.976945877075195
11.42024040222168
11.37972640991211
11.347116470336914
11.383556365966797
11.267991065979004
11.247227668762207
3.194253444671631
3.198549509048462
3.1969499588012695
3.1975998878479004
3.1942050457000732
3.198714256286621
3.197239875793457
3.20070743560791
3.1963930130004883
3.2019731998443604
3.7017335891723633
3.7026877403259277
3.701920747756958
3.692065954208374
3.6970934867858887
3.685133695602417
3.674652338027954
3.682443618774414
3.669687271118164
3.6628386974334717
8.454115867614746
8.383108139038086
8.35200023651123
8.300806045532227
8.261533737182617
8.246047019958496
8.181710243225098
8.180612564086914
8.093568801879883
8.042088508605957
3.469714641571045
3.4711599349975586
3.4704556465148926
3.4703664779663086
3.4700796604156494
3.4701015949249268
3.4697623252868652
3.470177173614502
3.469693899154663
3.470555067062378
4.389079570770264
4.402129650115967
4.403259754180908
4.402421474456787
4.396965980529785
4.361790180206299
4.35145902633667
4.320925235748291
4.350688457489014
4.316903591156006
2.086097240447998
2.0923211574554443
2.092395305633545
2.0937721729278564
2.087582588195801
2.0772526264190674
2.0884881019592285
2.083477020263672
2.0853207111358643
2.0806562900543213
3.7292816638946533
3.728841781616211
3.7284185886383057
3.728846311569214
3.728677272796631
3.72896409034729
3.7287044525146484
3.7286415100097656
3.7272071838378906
3.728482246398926
3.793661117553711
3.7941150665283203
3.7933011054992676
3.7943003177642822
3.7937722206115723
3.7945446968078613
3.794240951538086
3.7947349548339844
3.794736385345459
3.7944977283477783
3.881194591522217
3.8796772956848145
3.880709409713745
3.8767149448394775
3.8805222511291504
3.8804709911346436
3.8731284141540527
3.8783655166625977
3.8787460327148438
3.8755927085876465
4.979852676391602
4.959415912628174
4.987484931945801
4.991857051849365
4.942375659942627
4.957546234130859
4.9622650146484375
4.979766845703125
4.9752421379089355
4.974850654602051
3.447214126586914
3.4384920597076416
3.445871591567993
3.4387929439544678
3.4326865673065186
3.4435973167419434
3.4435622692108154
3.4472358226776123
3.420145034790039
3.4230194091796875
5.283353805541992
5.246522426605225
5.2673468589782715
5.322883605957031
5.3039703369140625
5.210170745849609
5.300673484802246
5.266881942749023
5.238636493682861
5.2902727127075195
3.073064088821411
3.065971851348877
3.079432249069214
3.0822598934173584
3.0764644145965576
3.0884571075439453
3.072310447692871
3.0774147510528564
3.038203716278076
3.0933852195739746
2.7705721855163574
2.757456064224243
2.755777597427368
2.740687608718872
2.7532460689544678
2.764995813369751
2.7666449546813965
2.737663984298706
2.767238140106201
2.7531657218933105
13.770648956298828
13.73056411743164
13.89305591583252
13.70821762084961
13.61341667175293
13.554009437561035
13.587565422058105
13.181193351745605
13.35869026184082
13.417329788208008
3.369943857192993
3.367549419403076
3.369800090789795
3.3699965476989746
3.3687796592712402
3.3705923557281494
3.3702876567840576
3.367898941040039
3.370554208755493
3.3726840019226074
2.4317033290863037
2.432985305786133
2.433943510055542
2.4264779090881348
2.4331352710723877
2.436203718185425
2.4386539459228516
2.429172992706299
2.4278111457824707
2.434858560562134
3.5954508781433105
3.594114303588867
3.595216751098633
3.595273971557617
3.594400405883789
3.5959038734436035
3.593451976776123
3.5936086177825928
3.595496654510498
3.596970558166504
3.686304807662964
3.688182830810547
3.6855227947235107
3.68460750579834
3.6866071224212646
3.685697555541992
3.685458183288574
3.687160015106201
3.689258337020874
3.683790922164917
3.8524985313415527
3.8489739894866943
3.853318452835083
3.8608574867248535
3.848891019821167
3.8588459491729736
3.858572483062744
3.8564226627349854
3.8577215671539307
3.8525848388671875
4.276902198791504
4.280913829803467
4.269996166229248
4.291217803955078
4.275633335113525
4.223941326141357
4.261844635009766
4.247488021850586
4.247849941253662
4.238010406494141
2.663304328918457
2.6542344093322754
2.642432689666748
2.625678062438965
2.6026976108551025
2.598933696746826
2.6085257530212402
2.6142146587371826
2.5840792655944824
2.5612123012542725
3.0488178730010986
3.0112998485565186
2.9904773235321045
2.9346561431884766
2.9128577709198
2.952345371246338
2.941230297088623
2.9211535453796387
2.914731740951538
2.8848862648010254
7.5254740715026855
7.464466094970703
7.442559242248535
7.262706279754639
7.361030101776123
7.165889739990234
7.169729232788086
7.231520652770996
7.093411922454834
7.005770683288574
3.723902702331543
3.698005437850952
3.6498985290527344
3.6287829875946045
3.6219213008880615
3.587334632873535
3.5710272789001465
3.5719728469848633
3.541341543197632
3.5491433143615723
2.795161247253418
2.8058087825775146
2.8087563514709473
2.801074266433716
2.7979092597961426
2.7990710735321045
2.806256055831909
2.8132529258728027
2.8061985969543457
2.81173038482666
3.698638916015625
3.6847989559173584
3.683776617050171
3.664254665374756
3.659255266189575
3.663038492202759
3.656350612640381
3.6809277534484863
3.6516201496124268
3.6379549503326416
3.809922933578491
3.7648215293884277
3.700991153717041
3.680652618408203
3.6674370765686035
3.5927796363830566
3.5472464561462402
3.5467941761016846
3.4894590377807617
3.4816503524780273
6.086772918701172
5.971682071685791
5.99515438079834
5.9105305671691895
5.916160583496094
5.834188461303711
5.826488018035889
5.755577087402344
5.687002182006836
5.655890464782715
3.9065287113189697
3.922687530517578
3.8869004249572754
3.8698315620422363
3.896775960922241
3.8562116622924805
3.8690762519836426
3.870872735977173
3.8485867977142334
3.8346893787384033
39.216304779052734
33.71534729003906
27.309812545776367
22.398794174194336
19.6195011138916
17.979820251464844
16.953710556030273
16.107358932495117
15.417954444885254
14.909049034118652
3.2939305305480957
3.2915823459625244
3.294776678085327
3.2905895709991455
3.291257619857788
3.292400598526001
3.2883474826812744
3.288245439529419
3.2859857082366943
3.2885680198669434
7.2358574867248535
7.144382476806641
7.119208812713623
6.947701930999756
6.8940324783325195
6.827995777130127
6.765718460083008
6.741238594055176
6.602478504180908
6.553544521331787
2.172969102859497
2.1486976146698
2.1406660079956055
2.1377973556518555
2.12264084815979
2.146583080291748
2.1205854415893555
2.12713623046875
2.097700595855713
2.0910418033599854
1.68435800075531
1.6768696308135986
1.673021912574768
1.5210367441177368
1.588230848312378
1.4956258535385132
1.4647324085235596
1.4848145246505737
1.4380371570587158
1.4201631546020508
7.402477264404297
7.055124759674072
6.5778889656066895
6.45651912689209
6.242290019989014
5.975419998168945
5.91375732421875
5.852110385894775
5.749072551727295
5.615195274353027
10.173450469970703
9.68614387512207
8.978208541870117
8.346025466918945
7.407488822937012
6.854034900665283
6.261508464813232
5.74155855178833
5.344587802886963
5.093389511108398
36.695655822753906
35.935752868652344
34.683067321777344
33.490787506103516
33.25394821166992
32.221168518066406
30.90865707397461
30.692340850830078
30.168312072753906
29.077255249023438
3.763420343399048
3.763972282409668
3.746666431427002
3.7513461112976074
3.718325614929199
3.7433176040649414
3.707714796066284
3.7476558685302734
3.7265093326568604
3.6769609451293945
4.887825012207031
4.87282133102417
4.800714492797852
4.782896995544434
4.7527875900268555
4.70357084274292
4.692993640899658
4.646424770355225
4.634278297424316
4.558254241943359
3.7489516735076904
3.738858222961426
3.7418806552886963
3.7527246475219727
3.7417378425598145
3.740924119949341
3.7415897846221924
3.742018461227417
3.73351788520813
3.7444357872009277
14.180007934570312
14.070525169372559
13.84449291229248
13.664973258972168
13.55573844909668
13.38658332824707
13.287683486938477
13.017422676086426
12.999682426452637
12.81104564666748
3.0352683067321777
3.0273773670196533
3.017995595932007
3.0083870887756348
3.0198616981506348
3.019470691680908
3.0054802894592285
2.9900307655334473
3.0030336380004883
2.9953806400299072
3.4683613777160645
3.4671030044555664
3.468324899673462
3.4664855003356934
3.467829704284668
3.465899705886841
3.4678990840911865
3.464021921157837
3.465362071990967
3.4649786949157715
4.797922611236572
4.802058696746826
4.777900218963623
4.765815734863281
4.727011203765869
4.713869571685791
4.730006217956543
4.693391799926758
4.655759334564209
4.691473007202148
6.999453067779541
6.942208766937256
6.914212703704834
6.745333671569824
6.690967559814453
6.636142730712891
6.503514289855957
6.43620491027832
6.318119525909424
6.29611349105835
2.597829818725586
2.5147459506988525
2.475473642349243
2.5214858055114746
2.4668798446655273
2.4384682178497314
2.41324782371521
2.3722660541534424
2.3493728637695312
2.325155735015869
12.346450805664062
11.999762535095215
11.919669151306152
11.93836498260498
11.784543991088867
11.597708702087402
11.434911727905273
11.347573280334473
11.385382652282715
11.285608291625977
3.607286214828491
3.5931246280670166
3.579728364944458
3.5569448471069336
3.573859214782715
3.6005396842956543
3.5690383911132812
3.547869920730591
3.5692291259765625
3.527580976486206
4.430008411407471
4.446328163146973
4.396858215332031
4.427237510681152
4.434149265289307
4.428438663482666
4.399381160736084
4.386991500854492
4.385054111480713
4.394345760345459
29.949525833129883
29.277982711791992
28.68330192565918
27.849727630615234
26.525793075561523
26.646488189697266
25.8156795501709
25.32900047302246
24.53829574584961
23.455453872680664
2.9039387702941895
2.8823721408843994
2.856983184814453
2.8657517433166504
2.834874153137207
2.8468124866485596
2.8269894123077393
2.7548227310180664
2.7600924968719482
2.7120580673217773
1.1796729564666748
1.2071938514709473
1.0982626676559448
1.075083613395691
1.0660157203674316
1.0566046237945557
1.0617038011550903
0.9515752792358398
0.994752049446106
0.9680110216140747
12.635971069335938
12.541491508483887
12.51322078704834
12.447614669799805
12.12614917755127
12.218803405761719
12.191434860229492
12.189265251159668
11.935810089111328
11.983002662658691
3.591093063354492
3.5866613388061523
3.5914151668548584
3.584362745285034
3.5825607776641846
3.587186098098755
3.587812662124634
3.590951919555664
3.579594135284424
3.580018997192383
4.256848335266113
4.247126579284668
4.242102146148682
4.244760990142822
4.230108737945557
4.247169017791748
4.227081298828125
4.225924491882324
4.231916427612305
4.245749473571777
2.326951026916504
2.2994914054870605
2.2762563228607178
2.287407159805298
2.2735023498535156
2.265188694000244
2.270040988922119
2.268014669418335
2.22515606880188
2.2056710720062256
4.5507893562316895
4.568755626678467
4.5616631507873535
4.564273834228516
4.536383152008057
4.557167053222656
4.535645484924316
4.5273871421813965
4.535294055938721
4.5438385009765625
3.0872902870178223
3.101862907409668
3.0594844818115234
3.028623342514038
3.0743672847747803
3.02707839012146
3.0251500606536865
3.019169807434082
2.970602512359619
2.967158555984497
18.88646697998047
18.114011764526367
17.24170684814453
16.5452823638916
16.294946670532227
15.528368949890137
15.614126205444336
15.186820030212402
15.035861015319824
14.81821346282959
2.7445271015167236
2.6957967281341553
2.643663167953491
2.6366052627563477
2.6114118099212646
2.6036133766174316
2.5508511066436768
2.549163579940796
2.545778751373291
2.560946226119995
4.229022026062012
4.24788761138916
4.225627422332764
4.201569557189941
4.133474826812744
4.1948628425598145
4.142826557159424
4.148802280426025
4.110347270965576
4.127985954284668
37.03236389160156
34.82006072998047
33.2386360168457
31.202362060546875
30.986928939819336
29.747743606567383
27.991596221923828
26.26215934753418
23.897003173828125
21.83201026916504
2.6593198776245117
2.589531660079956
2.5041840076446533
2.4169883728027344
2.2930452823638916
2.1528875827789307
2.044588565826416
2.0214974880218506
1.9786807298660278
1.885072946548462
