4.243550777435303
4.234493255615234
4.2446980476379395
4.229239463806152
4.211703300476074
4.2429585456848145
4.237377643585205
4.210292339324951
4.18042516708374
4.226047515869141
77.15135955810547
75.99524688720703
74.84093475341797
73.7159652709961
72.8085708618164
71.95463562011719
71.25466918945312
70.4886474609375
69.94326782226562
69.05194091796875
3.704491138458252
3.705855131149292
3.7027595043182373
3.705613136291504
3.7060387134552
3.7107162475585938
3.698371171951294
3.698702812194824
3.6985127925872803
3.6999049186706543
15.192901611328125
15.054837226867676
15.028772354125977
14.886222839355469
14.7949800491333
14.747325897216797
14.685565948486328
14.553424835205078
14.450743675231934
14.361183166503906
3.510878086090088
3.5146946907043457
3.510345220565796
3.5138626098632812
3.514521837234497
3.5115203857421875
3.5107884407043457
3.510958194732666
3.5121335983276367
3.512016773223877
4.58185338973999
4.574118614196777
4.576011657714844
4.575989246368408
4.5736565589904785
4.575549602508545
4.5793609619140625
4.576907634735107
4.577541828155518
4.570329666137695
4.131846904754639
4.133195400238037
4.130176067352295
4.131692409515381
4.130061149597168
4.13151741027832
4.131674766540527
4.13176965713501
4.13223934173584
4.131141662597656
53.946903228759766
52.287654876708984
50.94729995727539
49.892887115478516
48.50653839111328
48.49067306518555
47.56077575683594
46.9463005065918
46.597557067871094
45.96614456176758
5.132165431976318
5.093555927276611
5.096320629119873
5.072344779968262
5.091153144836426
5.057350158691406
5.0775251388549805
5.039294242858887
5.057628631591797
5.0506157875061035
4.068779945373535
4.06959342956543
4.068907260894775
4.068409442901611
4.068927764892578
4.069613933563232
4.068994045257568
4.067863941192627
4.069606304168701
4.068600654602051
30.210033416748047
30.038259506225586
29.97569465637207
29.84864616394043
29.79913330078125
29.65699577331543
29.504749298095703
29.199262619018555
29.015796661376953
29.017318725585938
2.5955729484558105
2.598952531814575
2.5857274532318115
2.5914721488952637
2.5838282108306885
2.570192337036133
2.5689985752105713
2.5698633193969727
2.563525676727295
2.56144380569458
