4.243550777435303
4.234493255615234
4.2446980476379395
4.229239463806152
4.211703300476074
4.2429585456848145
4.237377643585205
4.210292339324951
4.18042516708374
4.226047515869141
77.15135955810547
75.99524688720703
74.84093475341797
73.7159652709961
72.8085708618164
71.95463562011719
71.25466918945312
70.4886474609375
69.94326782226562
69.05194091796875
3.704491138458252
3.705855131149292
3.7027595043182373
3.705613136291504
3.7060387134552
3.7107162475585938
3.698371171951294
3.698702812194824
3.6985127925872803
3.6999049186706543
15.192901611328125
15.054837226867676
15.028772354125977
14.886222839355469
14.7949800491333
14.747325897216797
14.685565948486328
14.553424835205078
14.450743675231934
14.361183166503906
3.510878086090088
3.5146946907043457
3.510345220565796
3.5138626098632812
3.514521837234497
3.5115203857421875
3.5107884407043457
3.510958194732666
3.5121335983276367
3.512016773223877
4.58185338973999
4.574118614196777
4.576011657714844
4.575989246368408
4.5736565589904785
4.575549602508545
4.5793609619140625
4.576907634735107
4.577541828155518
4.570329666137695
4.131846904754639
4.133195400238037
4.130176067352295
4.131692409515381
4.130061149597168
4.13151741027832
4.131674766540527
4.13176965713501
4.13223934173584
4.131141662597656
53.946903228759766
52.287654876708984
50.94729995727539
49.892887115478516
48.50653839111328
48.49067306518555
47.56077575683594
46.9463005065918
46.597557067871094
45.96614456176758
5.132165431976318
5.093555927276611
5.096320629119873
5.072344779968262
5.091153144836426
5.057350158691406
5.0775251388549805
5.039294242858887
5.057628631591797
5.0506157875061035
4.068779945373535
4.06959342956543
4.068907260894775
4.068409442901611
4.068927764892578
4.069613933563232
4.068994045257568
4.067863941192627
4.069606304168701
4.068600654602051
30.210033416748047
30.038259506225586
29.97569465637207
29.84864616394043
29.79913330078125
29.65699577331543
29.504749298095703
29.199262619018555
29.015796661376953
29.017318725585938
2.5955729484558105
2.598952531814575
2.5857274532318115
2.5914721488952637
2.5838282108306885
2.570192337036133
2.5689985752105713
2.5698633193969727
2.563525676727295
2.56144380569458
111.86042785644531
110.97764587402344
109.664794921875
108.69978332519531
107.98997497558594
107.34870147705078
106.53070831298828
105.41230773925781
104.82522583007812
103.53854370117188
3.7933542728424072
3.792236328125
3.7931411266326904
3.7933335304260254
3.791518449783325
3.79203724861145
3.7930784225463867
3.79239821434021
3.7924399375915527
3.791684865951538
3.9949426651000977
3.9951171875
3.995448112487793
3.995004177093506
3.994880437850952
3.9948089122772217
3.994856119155884
3.9946658611297607
3.995311737060547
3.9947776794433594
99.94990539550781
100.09719848632812
99.64651489257812
99.46699523925781
99.11380767822266
98.6612548828125
98.93477630615234
98.3663330078125
98.58043670654297
97.7190933227539
3.663412570953369
3.6636791229248047
3.663541793823242
3.6628029346466064
3.662639856338501
3.663367986679077
3.661635637283325
3.6628196239471436
3.66207218170166
3.662707567214966
9.005426406860352
8.878521919250488
8.68404769897461
8.526192665100098
8.381348609924316
8.144234657287598
8.019186019897461
7.952815055847168
7.796628475189209
7.697337627410889
3.569380044937134
3.569002628326416
3.5667026042938232
3.568415641784668
3.5675241947174072
3.565284252166748
3.5669517517089844
3.565835475921631
3.5688912868499756
3.5677897930145264
59.935707092285156
59.13018798828125
59.32182312011719
58.686798095703125
58.06675720214844
58.08291244506836
57.80499267578125
57.367042541503906
57.29380416870117
56.470237731933594
3.301342725753784
3.3054964542388916
3.3058083057403564
3.2841296195983887
3.295034885406494
3.291933536529541
3.2874577045440674
3.2991726398468018
3.2721264362335205
3.2912240028381348
3.886387825012207
3.8865177631378174
3.8860244750976562
3.886444091796875
3.886354446411133
3.886652946472168
3.886561155319214
3.886739730834961
3.8872668743133545
3.886352062225342
5.237311840057373
5.229531764984131
5.23955774307251
5.254190921783447
5.233645915985107
5.211885929107666
5.223261833190918
5.235073089599609
5.232781887054443
5.234528541564941
3.0075902938842773
3.013003349304199
3.009596824645996
3.0097386837005615
3.009884834289551
3.0079987049102783
3.0061683654785156
3.0077545642852783
3.0111210346221924
3.0052084922790527
3.7292962074279785
3.7288429737091064
3.7295212745666504
3.7278194427490234
3.7280943393707275
3.7290472984313965
3.72872257232666
3.7278735637664795
3.7281908988952637
3.7281508445739746
4.441709995269775
4.443324565887451
4.4370622634887695
4.44416618347168
4.431990623474121
4.436306953430176
4.438803195953369
4.436388969421387
4.441523551940918
4.439764022827148
93.81201171875
92.69707489013672
91.59468841552734
89.1651611328125
86.16024017333984
82.00599670410156
76.5926513671875
71.13984680175781
66.41193389892578
61.89103317260742
2.9939959049224854
2.9931604862213135
2.9962334632873535
2.992474317550659
2.9941794872283936
2.994359254837036
2.9936954975128174
2.9895029067993164
2.990661144256592
2.9965219497680664
4.0776591300964355
4.083623886108398
4.080150127410889
4.081069469451904
4.079543590545654
4.080629825592041
4.0774078369140625
4.083932876586914
4.080804824829102
4.079985618591309
70.07928466796875
70.16986846923828
69.70845031738281
69.0371322631836
69.64232635498047
68.30118560791016
68.78826141357422
68.58769226074219
68.63720703125
67.73384857177734
2.999631404876709
2.9946653842926025
2.996565818786621
2.993534564971924
3.000596761703491
2.99709415435791
2.9942822456359863
2.99377703666687
2.991778612136841
2.9962735176086426
36.87488555908203
36.214073181152344
36.3187141418457
35.6395149230957
35.07332992553711
34.787132263183594
34.488285064697266
34.265995025634766
33.84708786010742
33.22219467163086
3.3015995025634766
3.315939426422119
3.303438186645508
3.2999136447906494
3.3041298389434814
3.303372383117676
3.3030378818511963
3.2980988025665283
3.301684856414795
3.3048651218414307
4.767589569091797
4.786330223083496
4.781660556793213
4.7612996101379395
4.724282264709473
4.735829830169678
4.725220680236816
4.743128776550293
4.749486446380615
4.725625514984131
3.3113551139831543
3.3089873790740967
3.3099682331085205
3.309065341949463
3.3080525398254395
3.309889793395996
3.309476613998413
3.3075966835021973
3.307338237762451
3.3082308769226074
3.4402055740356445
3.44092059135437
3.4410617351531982
3.440542459487915
3.441650390625
3.440804958343506
3.441514492034912
3.441359043121338
3.4419476985931396
3.440274477005005
