5.296070098876953
5.252804279327393
5.090109825134277
5.076443195343018
4.91342830657959
5.056970596313477
4.876688480377197
4.734920024871826
4.814096927642822
4.750520706176758
4.413994789123535
4.396492004394531
4.419729709625244
4.496677398681641
4.2134928703308105
4.212645053863525
4.11898946762085
4.140209197998047
4.016767978668213
3.890369415283203
3.7213613986968994
3.7647805213928223
3.6846835613250732
3.608304262161255
3.5827484130859375
3.4444804191589355
3.4341723918914795
3.3720521926879883
3.3311498165130615
3.2393674850463867
3.1038239002227783
3.1106510162353516
2.7964813709259033
2.9507737159729004
2.8432722091674805
2.78877592086792
2.7892262935638428
2.6630001068115234
2.603029727935791
2.7275283336639404
2.9879002571105957
2.7563529014587402
2.6979575157165527
2.712941884994507
2.6023271083831787
2.7151336669921875
2.5616328716278076
2.5885169506073
2.3424575328826904
2.3938684463500977
2.8996007442474365
3.0272397994995117
2.8248963356018066
2.9046926498413086
2.691861152648926
2.8263020515441895
2.626704692840576
2.6986982822418213
2.5007479190826416
2.370393753051758
3.090118646621704
3.0385401248931885
3.0290820598602295
2.8150792121887207
2.780104160308838
2.625453233718872
2.730715751647949
2.567096710205078
2.6187195777893066
2.5940768718719482
3.183248281478882
3.0729331970214844
3.023601531982422
2.9902420043945312
3.0252676010131836
2.855576753616333
2.7263946533203125
2.5929133892059326
2.6480321884155273
2.677593231201172
3.5088257789611816
3.358198881149292
3.3162131309509277
3.266954183578491
3.3248534202575684
3.26350736618042
3.2455508708953857
3.1213674545288086
3.238257646560669
2.9855151176452637
