5.296070098876953
5.252804279327393
5.090109825134277
5.076443195343018
4.91342830657959
5.056970596313477
4.876688480377197
4.734920024871826
4.814096927642822
4.750520706176758
4.413994789123535
4.396492004394531
4.419729709625244
4.496677398681641
4.2134928703308105
4.212645053863525
4.11898946762085
4.140209197998047
4.016767978668213
3.890369415283203
3.7213613986968994
3.7647805213928223
3.6846835613250732
3.608304262161255
3.5827484130859375
3.4444804191589355
3.4341723918914795
3.3720521926879883
3.3311498165130615
3.2393674850463867
3.1038239002227783
3.1106510162353516
2.7964813709259033
2.9507737159729004
2.8432722091674805
2.78877592086792
2.7892262935638428
2.6630001068115234
2.603029727935791
2.7275283336639404
2.9879002571105957
2.7563529014587402
2.6979575157165527
2.712941884994507
2.6023271083831787
2.7151336669921875
2.5616328716278076
2.5885169506073
2.3424575328826904
2.3938684463500977
2.8996007442474365
3.0272397994995117
2.8248963356018066
2.9046926498413086
2.691861152648926
2.8263020515441895
2.626704692840576
2.6986982822418213
2.5007479190826416
2.370393753051758
3.090118646621704
3.0385401248931885
3.0290820598602295
2.8150792121887207
2.780104160308838
2.625453233718872
2.730715751647949
2.567096710205078
2.6187195777893066
2.5940768718719482
3.183248281478882
3.0729331970214844
3.023601531982422
2.9902420043945312
3.0252676010131836
2.855576753616333
2.7263946533203125
2.5929133892059326
2.6480321884155273
2.677593231201172
3.5088257789611816
3.358198881149292
3.3162131309509277
3.266954183578491
3.3248534202575684
3.26350736618042
3.2455508708953857
3.1213674545288086
3.238257646560669
2.9855151176452637
4.39655065536499
4.3319993019104
4.170897006988525
4.119203567504883
4.008318901062012
3.938051700592041
3.720106363296509
3.5999035835266113
3.626554012298584
3.459432601928711
3.3926608562469482
3.409209966659546
3.291572332382202
3.2306435108184814
3.102863311767578
3.0403032302856445
3.008260726928711
2.9073874950408936
2.7827792167663574
2.8561792373657227
2.9554920196533203
2.8927392959594727
2.8434205055236816
2.782660961151123
2.7288315296173096
2.789557695388794
2.545117139816284
2.5366227626800537
2.448272228240967
2.446753740310669
2.7896273136138916
2.8629143238067627
2.614798069000244
2.6532652378082275
2.553673267364502
2.498971700668335
2.468687057495117
2.3956809043884277
2.258331298828125
2.263007879257202
2.8134336471557617
2.7887260913848877
2.6451432704925537
2.661635637283325
2.584338426589966
2.5572328567504883
2.4452929496765137
2.4024391174316406
2.3346056938171387
2.2737200260162354
2.8935301303863525
2.9447972774505615
2.9127678871154785
2.8211917877197266
2.747036933898926
2.7281579971313477
2.603804111480713
2.717912197113037
2.5319597721099854
2.6688103675842285
3.1923179626464844
3.1241424083709717
3.1547789573669434
2.9791464805603027
2.987105369567871
2.9722237586975098
2.851233959197998
2.831105947494507
2.832008123397827
2.6858301162719727
2.870410680770874
2.691742420196533
2.629807949066162
2.6935555934906006
2.7211663722991943
2.6156904697418213
2.4876480102539062
2.467008113861084
2.423776388168335
2.4649579524993896
2.99540114402771
2.939211368560791
2.857351541519165
2.8179287910461426
2.909780740737915
2.789557933807373
2.7740514278411865
2.6684064865112305
2.6047048568725586
2.567094087600708
5.720531940460205
5.464956760406494
5.259486675262451
5.076908111572266
4.718889236450195
4.500606536865234
4.398846626281738
4.285992622375488
4.157288551330566
3.929067611694336
3.548072099685669
3.5064380168914795
3.40378737449646
3.1595780849456787
3.089503765106201
3.0354254245758057
2.8363070487976074
2.827056646347046
2.819772958755493
2.657226085662842
2.849116086959839
2.6397030353546143
2.6190502643585205
2.6191511154174805
2.4579873085021973
2.3851840496063232
2.2237632274627686
2.238107919692993
2.169248104095459
2.1473872661590576
2.5213005542755127
2.477276563644409
2.383432388305664
2.300443172454834
2.2965338230133057
2.1523072719573975
2.0267202854156494
1.985466480255127
1.991234302520752
1.9338337182998657
2.8373849391937256
2.8017101287841797
2.6377763748168945
2.609734535217285
2.4207208156585693
2.4091219902038574
2.384861707687378
2.2840917110443115
2.1862268447875977
2.155744791030884
2.5432779788970947
2.5283401012420654
2.4613757133483887
2.4060635566711426
2.3552370071411133
2.2599024772644043
2.14158296585083
2.1257400512695312
2.05214786529541
2.040278911590576
2.7203822135925293
2.6688361167907715
2.627243995666504
2.5258877277374268
2.485318660736084
2.46797513961792
2.319122314453125
2.40490984916687
2.291360378265381
2.279571294784546
2.8482911586761475
2.8160369396209717
2.8337044715881348
2.7988510131835938
2.6207690238952637
2.6980671882629395
2.5453765392303467
2.5509138107299805
2.4177916049957275
2.367906093597412
3.120795488357544
3.1401445865631104
2.9963300228118896
3.017915964126587
2.9704856872558594
2.9141201972961426
2.870102882385254
2.7664248943328857
2.689012050628662
2.6091997623443604
