5.296070098876953
5.252804279327393
5.090109825134277
5.076443195343018
4.91342830657959
5.056970596313477
4.876688480377197
4.734920024871826
4.814096927642822
4.750520706176758
4.413994789123535
4.396492004394531
4.419729709625244
4.496677398681641
4.2134928703308105
4.212645053863525
4.11898946762085
4.140209197998047
4.016767978668213
3.890369415283203
3.7213613986968994
3.7647805213928223
3.6846835613250732
3.608304262161255
3.5827484130859375
3.4444804191589355
3.4341723918914795
3.3720521926879883
3.3311498165130615
3.2393674850463867
3.1038239002227783
3.1106510162353516
2.7964813709259033
2.9507737159729004
2.8432722091674805
2.78877592086792
2.7892262935638428
2.6630001068115234
2.603029727935791
2.7275283336639404
2.9879002571105957
2.7563529014587402
2.6979575157165527
2.712941884994507
2.6023271083831787
2.7151336669921875
2.5616328716278076
2.5885169506073
2.3424575328826904
2.3938684463500977
2.8996007442474365
3.0272397994995117
2.8248963356018066
2.9046926498413086
2.691861152648926
2.8263020515441895
2.626704692840576
2.6986982822418213
2.5007479190826416
2.370393753051758
3.090118646621704
3.0385401248931885
3.0290820598602295
2.8150792121887207
2.780104160308838
2.625453233718872
2.730715751647949
2.567096710205078
2.6187195777893066
2.5940768718719482
3.183248281478882
3.0729331970214844
3.023601531982422
2.9902420043945312
3.0252676010131836
2.855576753616333
2.7263946533203125
2.5929133892059326
2.6480321884155273
2.677593231201172
3.5088257789611816
3.358198881149292
3.3162131309509277
3.266954183578491
3.3248534202575684
3.26350736618042
3.2455508708953857
3.1213674545288086
3.238257646560669
2.9855151176452637
4.39655065536499
4.3319993019104
4.170897006988525
4.119203567504883
4.008318901062012
3.938051700592041
3.720106363296509
3.5999035835266113
3.626554012298584
3.459432601928711
3.3926608562469482
3.409209966659546
3.291572332382202
3.2306435108184814
3.102863311767578
3.0403032302856445
3.008260726928711
2.9073874950408936
2.7827792167663574
2.8561792373657227
2.9554920196533203
2.8927392959594727
2.8434205055236816
2.782660961151123
2.7288315296173096
2.789557695388794
2.545117139816284
2.5366227626800537
2.448272228240967
2.446753740310669
2.7896273136138916
2.8629143238067627
2.614798069000244
2.6532652378082275
2.553673267364502
2.498971700668335
2.468687057495117
2.3956809043884277
2.258331298828125
2.263007879257202
2.8134336471557617
2.7887260913848877
2.6451432704925537
2.661635637283325
2.584338426589966
2.5572328567504883
2.4452929496765137
2.4024391174316406
2.3346056938171387
2.2737200260162354
2.8935301303863525
2.9447972774505615
2.9127678871154785
2.8211917877197266
2.747036933898926
2.7281579971313477
2.603804111480713
2.717912197113037
2.5319597721099854
2.6688103675842285
3.1923179626464844
3.1241424083709717
3.1547789573669434
2.9791464805603027
2.987105369567871
2.9722237586975098
2.851233959197998
2.831105947494507
2.832008123397827
2.6858301162719727
2.870410680770874
2.691742420196533
2.629807949066162
2.6935555934906006
2.7211663722991943
2.6156904697418213
2.4876480102539062
2.467008113861084
2.423776388168335
2.4649579524993896
2.99540114402771
2.939211368560791
2.857351541519165
2.8179287910461426
2.909780740737915
2.789557933807373
2.7740514278411865
2.6684064865112305
2.6047048568725586
2.567094087600708
5.720531940460205
5.464956760406494
5.259486675262451
5.076908111572266
4.718889236450195
4.500606536865234
4.398846626281738
4.285992622375488
4.157288551330566
3.929067611694336
3.548072099685669
3.5064380168914795
3.40378737449646
3.1595780849456787
3.089503765106201
3.0354254245758057
2.8363070487976074
2.827056646347046
2.819772958755493
2.657226085662842
2.849116086959839
2.6397030353546143
2.6190502643585205
2.6191511154174805
2.4579873085021973
2.3851840496063232
2.2237632274627686
2.238107919692993
2.169248104095459
2.1473872661590576
2.5213005542755127
2.477276563644409
2.383432388305664
2.300443172454834
2.2965338230133057
2.1523072719573975
2.0267202854156494
1.985466480255127
1.991234302520752
1.9338337182998657
2.8373849391937256
2.8017101287841797
2.6377763748168945
2.609734535217285
2.4207208156585693
2.4091219902038574
2.384861707687378
2.2840917110443115
2.1862268447875977
2.155744791030884
2.5432779788970947
2.5283401012420654
2.4613757133483887
2.4060635566711426
2.3552370071411133
2.2599024772644043
2.14158296585083
2.1257400512695312
2.05214786529541
2.040278911590576
2.7203822135925293
2.6688361167907715
2.627243995666504
2.5258877277374268
2.485318660736084
2.46797513961792
2.319122314453125
2.40490984916687
2.291360378265381
2.279571294784546
2.8482911586761475
2.8160369396209717
2.8337044715881348
2.7988510131835938
2.6207690238952637
2.6980671882629395
2.5453765392303467
2.5509138107299805
2.4177916049957275
2.367906093597412
3.120795488357544
3.1401445865631104
2.9963300228118896
3.017915964126587
2.9704856872558594
2.9141201972961426
2.870102882385254
2.7664248943328857
2.689012050628662
2.6091997623443604
6.9485015869140625
6.79172945022583
6.681400775909424
6.481810569763184
6.3390631675720215
6.186941623687744
6.059209823608398
5.945649147033691
5.784125328063965
5.651493072509766
5.943483829498291
5.717733383178711
5.67758846282959
5.446916103363037
5.326869010925293
5.209803581237793
5.220586776733398
5.096800327301025
4.886600017547607
4.881873607635498
5.577795028686523
5.395448684692383
5.305657386779785
5.141301155090332
4.982466220855713
4.865891456604004
4.860283374786377
4.682173728942871
4.656083106994629
4.466171741485596
4.438416957855225
4.262617588043213
4.275785446166992
4.191801071166992
3.9662210941314697
3.9885997772216797
3.9439589977264404
3.8780901432037354
3.6766908168792725
3.6570208072662354
3.732205867767334
3.6955604553222656
3.674729108810425
3.499950647354126
3.542983293533325
3.3873908519744873
3.27955961227417
3.2149903774261475
3.107414722442627
3.0125865936279297
3.713566780090332
3.7021727561950684
3.545478582382202
3.533482313156128
3.5422353744506836
3.3098371028900146
3.4113821983337402
3.237333059310913
3.1490957736968994
3.1682956218719482
4.008315563201904
3.867572546005249
3.8566300868988037
3.7165021896362305
3.6629247665405273
3.6346704959869385
3.509742021560669
3.4397215843200684
3.427337884902954
3.416158437728882
2.960014820098877
2.8714137077331543
2.7783801555633545
2.797396183013916
2.6125950813293457
2.649240732192993
2.5742273330688477
2.5786728858947754
2.5452771186828613
2.4891998767852783
3.4234986305236816
3.4459354877471924
3.3347697257995605
3.3574042320251465
3.165881395339966
3.1611483097076416
3.1380655765533447
3.099593162536621
3.1054434776306152
2.9607481956481934
4.042339324951172
3.8502001762390137
3.7586069107055664
3.5572566986083984
3.4610843658447266
3.321431875228882
3.20831298828125
3.229055881500244
2.991525888442993
2.924419403076172
2.754202365875244
2.707059621810913
2.6121585369110107
2.470590829849243
2.4591598510742188
2.3736732006073
2.2235543727874756
2.230508327484131
2.1799752712249756
2.0256340503692627
2.3219292163848877
2.3592090606689453
2.192807912826538
2.197474479675293
2.0529088973999023
1.976110816001892
1.9519237279891968
1.9434459209442139
1.7801761627197266
1.7599289417266846
2.4859278202056885
2.343533992767334
2.295456886291504
2.139695882797241
2.221872329711914
2.1032674312591553
2.0155398845672607
1.9751876592636108
1.9185088872909546
1.8145138025283813
2.8615987300872803
2.6692683696746826
2.592447280883789
2.566606283187866
2.336303949356079
2.3213858604431152
2.27641224861145
2.2574191093444824
2.124264717102051
2.0390100479125977
2.7965307235717773
2.736994504928589
2.6511240005493164
2.471849203109741
2.4380252361297607
2.360459327697754
2.262500286102295
2.103344202041626
2.0525012016296387
2.050032138824463
2.485830545425415
2.4043941497802734
2.3435771465301514
2.258099317550659
2.113661527633667
2.0161306858062744
2.026771068572998
1.8864132165908813
1.8590887784957886
1.7378090620040894
2.6242311000823975
2.6236391067504883
2.5333642959594727
2.442258596420288
2.344843864440918
2.296293258666992
2.2618191242218018
2.2340247631073
2.046560287475586
2.0377559661865234
3.1442677974700928
2.9498467445373535
2.9357025623321533
2.8393802642822266
2.7473983764648438
2.74206280708313
2.629960536956787
2.55703067779541
2.44454026222229
2.372785806655884
6.748574733734131
6.588268756866455
6.333729267120361
6.105263710021973
5.892971992492676
5.690367698669434
5.5325493812561035
5.375094890594482
5.198818206787109
5.026296138763428
4.940774440765381
4.755075931549072
4.595183849334717
4.454342842102051
4.40788459777832
4.275465965270996
4.19868803024292
4.057916641235352
4.012649059295654
3.8649511337280273
3.831115245819092
3.8578591346740723
3.660999059677124
3.6058189868927
3.4946773052215576
3.476877450942993
3.3318943977355957
3.186525344848633
3.1812751293182373
3.0845139026641846
3.6601784229278564
3.583526134490967
3.3969550132751465
3.393213987350464
3.3537442684173584
3.1824352741241455
3.0265274047851562
3.0419225692749023
3.040186643600464
2.911376714706421
3.78731369972229
3.6766421794891357
3.5676980018615723
3.5581135749816895
3.4085159301757812
3.264409303665161
3.2059171199798584
3.1852076053619385
3.026184558868408
3.035726308822632
3.00787615776062
2.9169652462005615
2.9279723167419434
2.8533639907836914
2.723282814025879
2.6194515228271484
2.5710394382476807
2.5552778244018555
2.4746928215026855
2.4820919036865234
3.2394728660583496
2.927183151245117
2.9976754188537598
2.8471310138702393
2.7678558826446533
2.7908260822296143
2.661919116973877
2.630345106124878
2.4724061489105225
2.4110946655273438
3.0108540058135986
2.9520175457000732
2.8822357654571533
2.8833510875701904
2.7339892387390137
2.642627239227295
2.663998603820801
2.5264201164245605
2.407581329345703
2.396657705307007
2.9990622997283936
2.8022806644439697
2.8173346519470215
2.7554194927215576
2.667539119720459
2.5140905380249023
2.612691640853882
2.581583023071289
2.4023725986480713
2.534489393234253
6.130741596221924
6.018792152404785
5.874420642852783
5.683337688446045
5.4609222412109375
5.39526891708374
5.268169403076172
5.027963638305664
4.856993675231934
4.7442731857299805
4.421384334564209
4.258174896240234
4.174764633178711
4.070662021636963
3.8907625675201416
3.836118221282959
3.6944832801818848
3.6014750003814697
3.468106746673584
3.3949170112609863
3.174452781677246
3.1378941535949707
3.0146279335021973
2.8985910415649414
2.785266399383545
2.800794839859009
2.6616435050964355
2.5581133365631104
2.622610569000244
2.438828468322754
2.4549951553344727
2.368842124938965
2.3656930923461914
2.2547245025634766
2.2097907066345215
2.1155519485473633
2.0794734954833984
2.000741958618164
1.9811385869979858
1.9191070795059204
2.228093147277832
2.118239164352417
2.087153673171997
1.9786560535430908
1.9642798900604248
1.907739281654358
1.8206632137298584
1.7908774614334106
1.804134726524353
1.752671718597412
2.178394079208374
2.089958667755127
2.104811429977417
2.033416509628296
1.9493606090545654
1.9520115852355957
1.9027105569839478
1.8158316612243652
1.8108642101287842
1.7545936107635498
2.490736961364746
2.4611542224884033
2.430739402770996
2.3728339672088623
2.2140698432922363
2.2754030227661133
2.153438091278076
2.113892078399658
2.1094000339508057
2.04780912399292
2.803070545196533
2.7702624797821045
2.740180730819702
2.537116050720215
2.4926581382751465
2.4794178009033203
2.453869581222534
2.411482810974121
2.377824068069458
2.272430181503296
3.256175994873047
3.1580958366394043
3.047884702682495
3.0293688774108887
2.9354095458984375
2.879577398300171
2.799452304840088
2.686622381210327
2.6445844173431396
2.5573272705078125
5.20176887512207
5.036958694458008
4.77223539352417
4.613565921783447
4.382434368133545
4.212506294250488
4.042731285095215
3.8607988357543945
3.762340545654297
3.587250232696533
3.419144630432129
3.304231643676758
3.1706342697143555
3.125427484512329
3.0209801197052
2.895660877227783
2.8459110260009766
2.756906509399414
2.617013454437256
2.5686161518096924
2.5749316215515137
2.4733612537384033
2.4392848014831543
2.3792474269866943
2.3742167949676514
2.255498170852661
2.2946133613586426
2.198838949203491
2.1182806491851807
2.1141197681427
2.2213666439056396
2.1420040130615234
2.120093822479248
2.0274059772491455
2.1318490505218506
2.006814956665039
1.9851627349853516
1.891010046005249
1.8926677703857422
1.8609189987182617
2.336862564086914
2.2606372833251953
2.144139289855957
2.168349504470825
2.0976169109344482
2.0886552333831787
1.957810640335083
1.9326058626174927
1.898772120475769
1.8365986347198486
2.547870635986328
2.518737554550171
2.41898250579834
2.3171026706695557
2.3244223594665527
2.1952285766601562
2.076910972595215
2.022559881210327
1.9791064262390137
1.894769549369812
2.8348143100738525
2.758676052093506
2.606088161468506
2.5406394004821777
2.4764437675476074
2.4086852073669434
2.303788185119629
2.2778120040893555
2.223284959793091
2.1331746578216553
2.708008050918579
2.7266485691070557
2.6246724128723145
2.5435690879821777
2.4273681640625
2.3270139694213867
2.398418426513672
2.3109171390533447
2.2901813983917236
2.167196273803711
2.8736367225646973
2.8137142658233643
2.67661452293396
2.6739413738250732
2.625039577484131
2.632234811782837
2.4756460189819336
2.3795082569122314
2.38533616065979
2.3228206634521484
7.921289443969727
7.632560729980469
7.408088207244873
7.2377400398254395
7.03094482421875
6.948337554931641
6.707193374633789
6.467785358428955
6.2985053062438965
6.231942176818848
5.894289016723633
5.7501912117004395
5.575558662414551
5.490563869476318
5.382488250732422
5.1792521476745605
5.098511695861816
4.998683452606201
4.860454082489014
4.781464576721191
4.480633735656738
4.374267578125
4.248323440551758
4.1708574295043945
4.141911029815674
4.025684356689453
3.923281669616699
3.8094210624694824
3.752595901489258
3.563180446624756
3.8588366508483887
3.713216543197632
3.637423038482666
3.522568702697754
3.48889422416687
3.3800435066223145
3.334280252456665
3.194270610809326
3.1148569583892822
2.9949002265930176
3.3857107162475586
3.3044321537017822
3.2627789974212646
3.170077323913574
3.001523017883301
2.9025590419769287
2.8755691051483154
2.7859904766082764
2.70417857170105
2.7183682918548584
3.6754298210144043
3.4852139949798584
3.424084424972534
3.302640438079834
3.3066792488098145
3.059674024581909
3.053161382675171
3.025552749633789
2.906872034072876
2.8755853176116943
3.5393290519714355
3.433751106262207
3.313674211502075
3.2354495525360107
3.1204540729522705
3.089387893676758
3.041140079498291
2.9253180027008057
2.894885540008545
2.818833589553833
3.7785634994506836
3.6232450008392334
3.5751140117645264
3.543787956237793
3.387643575668335
3.376089572906494
3.283466339111328
3.2410976886749268
3.1355199813842773
3.1086459159851074
3.6610405445098877
3.5433096885681152
3.4661166667938232
3.338801860809326
3.3161113262176514
3.292217493057251
3.216541290283203
3.080049514770508
3.174598217010498
2.9631426334381104
4.8763322830200195
4.618420124053955
4.396951198577881
4.173373699188232
3.9353408813476562
3.728579521179199
3.599794387817383
3.3458759784698486
3.198235034942627
3.064310073852539
2.869518518447876
2.7545008659362793
2.6448066234588623
2.489264726638794
2.36922287940979
2.2718772888183594
2.127812147140503
2.090712308883667
1.963278889656067
1.8929102420806885
2.018500804901123
1.9173128604888916
1.835523009300232
1.782379150390625
1.7158045768737793
1.6527490615844727
1.5536638498306274
1.5045545101165771
1.5000025033950806
1.3898890018463135
1.944637656211853
1.9543216228485107
1.8537850379943848
1.7712804079055786
1.7197644710540771
1.6749787330627441
1.6290925741195679
1.517154574394226
1.5215463638305664
1.449295163154602
2.2377631664276123
2.077242136001587
2.01220965385437
1.9095121622085571
1.886953592300415
1.8512202501296997
1.7703450918197632
1.663913607597351
1.639326810836792
1.621720314025879
2.814330577850342
2.6957836151123047
2.5731101036071777
2.4916985034942627
2.4481844902038574
2.4095561504364014
2.339820384979248
2.240433692932129
2.172947645187378
2.1389379501342773
3.156395196914673
2.912832260131836
2.8996105194091797
2.770108699798584
2.6787664890289307
2.5593159198760986
2.5670650005340576
2.494455337524414
2.3763203620910645
2.323984146118164
2.98610782623291
2.90798282623291
2.806882619857788
2.7580723762512207
2.691540241241455
2.5901060104370117
2.5405821800231934
2.503558874130249
2.465306043624878
2.3568599224090576
2.9774765968322754
2.9544506072998047
2.901132106781006
2.7627992630004883
2.7210137844085693
2.7036752700805664
2.6555237770080566
2.554440498352051
2.5162971019744873
2.5058343410491943
4.540486812591553
4.4072675704956055
4.240656852722168
4.046421527862549
3.949098587036133
3.7275171279907227
3.652395248413086
3.4769537448883057
3.349106550216675
3.201767683029175
3.245464563369751
3.1614511013031006
3.046881675720215
2.949167251586914
2.8673877716064453
2.7786331176757812
2.6955814361572266
2.621450901031494
2.534818410873413
2.445420742034912
2.8219685554504395
2.7126078605651855
2.6461968421936035
2.573547124862671
2.433393955230713
2.4082231521606445
2.2980611324310303
2.2197372913360596
2.197324752807617
2.0782341957092285
2.7697947025299072
2.6963112354278564
2.6016030311584473
2.4746456146240234
2.4215798377990723
2.357891321182251
2.2650744915008545
2.2077181339263916
2.1222124099731445
2.109835147857666
2.981663465499878
2.8371760845184326
2.7020037174224854
2.68751859664917
2.61777663230896
2.5138912200927734
2.4753708839416504
2.3902831077575684
2.37222957611084
2.2721192836761475
2.797593832015991
2.8114354610443115
2.718168258666992
2.6448607444763184
2.5485692024230957
2.4915895462036133
2.424100160598755
2.409191608428955
2.3416049480438232
2.308729648590088
3.0510213375091553
2.9398996829986572
2.922816753387451
2.8751726150512695
2.796475648880005
2.7660629749298096
2.7038936614990234
2.6304991245269775
2.58158278465271
2.5799622535705566
3.313088893890381
3.2515692710876465
3.170825481414795
3.0937674045562744
3.0797719955444336
2.9652161598205566
2.9874398708343506
2.902111768722534
2.8544812202453613
2.76271915435791
3.264878273010254
3.177300214767456
3.1391541957855225
3.022779941558838
3.080761432647705
3.0128636360168457
2.91287899017334
2.891582727432251
2.826866388320923
2.7806472778320312
6.634648323059082
6.459450721740723
6.254887580871582
6.090539455413818
5.885664939880371
5.750972270965576
5.5934319496154785
5.449989318847656
5.274827003479004
5.128363609313965
5.01782751083374
4.93472146987915
4.787664413452148
4.697290420532227
4.591860771179199
4.436845302581787
4.383023738861084
4.206062316894531
4.103911876678467
4.070160865783691
4.388463020324707
4.213593006134033
4.116011619567871
4.0114593505859375
3.953519105911255
3.8249340057373047
3.758112907409668
3.6496798992156982
3.608975648880005
3.488358736038208
4.121020793914795
3.9629085063934326
3.905151128768921
3.803656578063965
3.634324312210083
3.6280086040496826
3.5392491817474365
3.401608943939209
3.3177225589752197
3.2870914936065674
4.261719226837158
4.202118873596191
4.055445671081543
3.9265635013580322
3.7769293785095215
3.5858757495880127
3.6163833141326904
3.478388786315918
3.506404161453247
3.3113222122192383
4.237188339233398
4.134047985076904
3.9214065074920654
3.9581081867218018
3.7697601318359375
3.681974172592163
3.631042003631592
3.480686664581299
3.4038350582122803
3.304713487625122
3.441361427307129
3.3100602626800537
3.26609206199646
3.1512606143951416
3.0043768882751465
3.058397054672241
2.913717746734619
2.867403984069824
2.7117295265197754
2.678624391555786
3.6392273902893066
3.5954267978668213
3.480350971221924
3.3590333461761475
3.262718915939331
3.150221347808838
3.0749776363372803
2.9899179935455322
2.9741156101226807
2.873399257659912
3.252894639968872
3.166874885559082
3.146538019180298
3.0571584701538086
3.0802462100982666
2.9950919151306152
2.840287208557129
2.7706215381622314
2.7304184436798096
2.7615997791290283
5.98451566696167
5.742563247680664
5.4987311363220215
5.2148566246032715
5.0490193367004395
4.812735080718994
4.630988121032715
4.400822639465332
4.226743221282959
4.084536075592041
4.13054084777832
3.9347727298736572
3.7327003479003906
3.5993618965148926
3.427316427230835
3.239851951599121
3.0425033569335938
2.9297332763671875
2.7997422218322754
2.662444591522217
2.8693490028381348
2.7116382122039795
2.479109764099121
2.3549904823303223
2.1697399616241455
2.085294008255005
1.9675312042236328
1.8924000263214111
1.8051115274429321
1.7106025218963623
2.544957160949707
2.462292194366455
2.2666685581207275
2.2605888843536377
2.08496356010437
1.9899498224258423
1.8982374668121338
1.8156968355178833
1.7187747955322266
1.577195644378662
2.834113836288452
2.7173264026641846
2.559553861618042
2.3480734825134277
2.2611544132232666
2.0366761684417725
1.9907283782958984
1.9023250341415405
1.844207763671875
1.6615664958953857
2.5794670581817627
2.4996113777160645
2.322357177734375
2.2271809577941895
2.0978055000305176
1.9929859638214111
2.0581893920898438
1.8999125957489014
1.7817867994308472
1.7859573364257812
2.707671642303467
2.582737445831299
2.4987595081329346
2.360496997833252
2.2290871143341064
2.222395896911621
2.0845372676849365
2.0570554733276367
1.9401788711547852
1.89023756980896
3.0258541107177734
2.8704781532287598
2.743800163269043
2.6319425106048584
2.5515050888061523
2.560220956802368
2.3883438110351562
2.2888686656951904
2.2719216346740723
2.20871901512146
2.961618423461914
2.9058895111083984
2.8846547603607178
2.8153128623962402
2.7621212005615234
2.560011386871338
2.650660753250122
2.543370246887207
2.534637689590454
2.3557677268981934
7.114477634429932
6.747910022735596
6.538259506225586
6.1959967613220215
5.919498443603516
5.6790452003479
5.49605131149292
5.345023155212402
5.029435634613037
4.771120548248291
4.488662242889404
4.34277868270874
4.16956090927124
3.9304535388946533
3.794010639190674
3.614588737487793
3.4172494411468506
3.268918514251709
3.200338840484619
3.0621495246887207
3.479623317718506
3.2590701580047607
3.1533279418945312
2.905691623687744
2.7894155979156494
2.7776994705200195
2.64054799079895
2.4872965812683105
2.389688491821289
2.234410285949707
2.987534999847412
2.9112563133239746
2.6850109100341797
2.539653778076172
2.410397529602051
2.3999063968658447
2.1968212127685547
2.1223368644714355
1.9704310894012451
2.043612480163574
3.169179677963257
2.9911060333251953
2.8933229446411133
2.8433268070220947
2.604220151901245
2.505110502243042
2.386901378631592
2.3186728954315186
2.2880678176879883
2.1610891819000244
3.2484731674194336
3.22100830078125
3.042187213897705
2.8608875274658203
2.777383327484131
2.7038607597351074
2.6174612045288086
2.520359992980957
2.444654941558838
2.2746400833129883
3.4083869457244873
3.30519962310791
3.257270336151123
3.074169874191284
2.9105260372161865
2.927755355834961
2.7759602069854736
2.6151065826416016
2.6174564361572266
2.463469982147217
3.524641275405884
3.2789666652679443
3.114659309387207
3.147347927093506
3.017749786376953
2.951287031173706
2.9166455268859863
2.6367807388305664
2.701956033706665
2.4807987213134766
3.369804859161377
3.288771152496338
3.1724934577941895
3.0773048400878906
3.0034873485565186
3.006283760070801
2.8927736282348633
2.7661521434783936
2.797245740890503
2.666752576828003
