5.296070098876953
5.252804279327393
5.090109825134277
5.076443195343018
4.91342830657959
5.056970596313477
4.876688480377197
4.734920024871826
4.814096927642822
4.750520706176758
4.413994789123535
4.396492004394531
4.419729709625244
4.496677398681641
4.2134928703308105
4.212645053863525
4.11898946762085
4.140209197998047
4.016767978668213
3.890369415283203
3.7213613986968994
3.7647805213928223
3.6846835613250732
3.608304262161255
3.5827484130859375
3.4444804191589355
3.4341723918914795
3.3720521926879883
3.3311498165130615
3.2393674850463867
3.1038239002227783
3.1106510162353516
2.7964813709259033
2.9507737159729004
2.8432722091674805
2.78877592086792
2.7892262935638428
2.6630001068115234
2.603029727935791
2.7275283336639404
2.9879002571105957
2.7563529014587402
2.6979575157165527
2.712941884994507
2.6023271083831787
2.7151336669921875
2.5616328716278076
2.5885169506073
2.3424575328826904
2.3938684463500977
2.8996007442474365
3.0272397994995117
2.8248963356018066
2.9046926498413086
2.691861152648926
2.8263020515441895
2.626704692840576
2.6986982822418213
2.5007479190826416
2.370393753051758
3.090118646621704
3.0385401248931885
3.0290820598602295
2.8150792121887207
2.780104160308838
2.625453233718872
2.730715751647949
2.567096710205078
2.6187195777893066
2.5940768718719482
3.183248281478882
3.0729331970214844
3.023601531982422
2.9902420043945312
3.0252676010131836
2.855576753616333
2.7263946533203125
2.5929133892059326
2.6480321884155273
2.677593231201172
3.5088257789611816
3.358198881149292
3.3162131309509277
3.266954183578491
3.3248534202575684
3.26350736618042
3.2455508708953857
3.1213674545288086
3.238257646560669
2.9855151176452637
4.39655065536499
4.3319993019104
4.170897006988525
4.119203567504883
4.008318901062012
3.938051700592041
3.720106363296509
3.5999035835266113
3.626554012298584
3.459432601928711
3.3926608562469482
3.409209966659546
3.291572332382202
3.2306435108184814
3.102863311767578
3.0403032302856445
3.008260726928711
2.9073874950408936
2.7827792167663574
2.8561792373657227
2.9554920196533203
2.8927392959594727
2.8434205055236816
2.782660961151123
2.7288315296173096
2.789557695388794
2.545117139816284
2.5366227626800537
2.448272228240967
2.446753740310669
2.7896273136138916
2.8629143238067627
2.614798069000244
2.6532652378082275
2.553673267364502
2.498971700668335
2.468687057495117
2.3956809043884277
2.258331298828125
2.263007879257202
2.8134336471557617
2.7887260913848877
2.6451432704925537
2.661635637283325
2.584338426589966
2.5572328567504883
2.4452929496765137
2.4024391174316406
2.3346056938171387
2.2737200260162354
2.8935301303863525
2.9447972774505615
2.9127678871154785
2.8211917877197266
2.747036933898926
2.7281579971313477
2.603804111480713
2.717912197113037
2.5319597721099854
2.6688103675842285
3.1923179626464844
3.1241424083709717
3.1547789573669434
2.9791464805603027
2.987105369567871
2.9722237586975098
2.851233959197998
2.831105947494507
2.832008123397827
2.6858301162719727
2.870410680770874
2.691742420196533
2.629807949066162
2.6935555934906006
2.7211663722991943
2.6156904697418213
2.4876480102539062
2.467008113861084
2.423776388168335
2.4649579524993896
2.99540114402771
2.939211368560791
2.857351541519165
2.8179287910461426
2.909780740737915
2.789557933807373
2.7740514278411865
2.6684064865112305
2.6047048568725586
2.567094087600708
5.720531940460205
5.464956760406494
5.259486675262451
5.076908111572266
4.718889236450195
4.500606536865234
4.398846626281738
4.285992622375488
4.157288551330566
3.929067611694336
3.548072099685669
3.5064380168914795
3.40378737449646
3.1595780849456787
3.089503765106201
3.0354254245758057
2.8363070487976074
2.827056646347046
2.819772958755493
2.657226085662842
2.849116086959839
2.6397030353546143
2.6190502643585205
2.6191511154174805
2.4579873085021973
2.3851840496063232
2.2237632274627686
2.238107919692993
2.169248104095459
2.1473872661590576
2.5213005542755127
2.477276563644409
2.383432388305664
2.300443172454834
2.2965338230133057
2.1523072719573975
2.0267202854156494
1.985466480255127
1.991234302520752
1.9338337182998657
2.8373849391937256
2.8017101287841797
2.6377763748168945
2.609734535217285
2.4207208156585693
2.4091219902038574
2.384861707687378
2.2840917110443115
2.1862268447875977
2.155744791030884
2.5432779788970947
2.5283401012420654
2.4613757133483887
2.4060635566711426
2.3552370071411133
2.2599024772644043
2.14158296585083
2.1257400512695312
2.05214786529541
2.040278911590576
2.7203822135925293
2.6688361167907715
2.627243995666504
2.5258877277374268
2.485318660736084
2.46797513961792
2.319122314453125
2.40490984916687
2.291360378265381
2.279571294784546
2.8482911586761475
2.8160369396209717
2.8337044715881348
2.7988510131835938
2.6207690238952637
2.6980671882629395
2.5453765392303467
2.5509138107299805
2.4177916049957275
2.367906093597412
3.120795488357544
3.1401445865631104
2.9963300228118896
3.017915964126587
2.9704856872558594
2.9141201972961426
2.870102882385254
2.7664248943328857
2.689012050628662
2.6091997623443604
6.9485015869140625
6.79172945022583
6.681400775909424
6.481810569763184
6.3390631675720215
6.186941623687744
6.059209823608398
5.945649147033691
5.784125328063965
5.651493072509766
5.943483829498291
5.717733383178711
5.67758846282959
5.446916103363037
5.326869010925293
5.209803581237793
5.220586776733398
5.096800327301025
4.886600017547607
4.881873607635498
5.577795028686523
5.395448684692383
5.305657386779785
5.141301155090332
4.982466220855713
4.865891456604004
4.860283374786377
4.682173728942871
4.656083106994629
4.466171741485596
4.438416957855225
4.262617588043213
4.275785446166992
4.191801071166992
3.9662210941314697
3.9885997772216797
3.9439589977264404
3.8780901432037354
3.6766908168792725
3.6570208072662354
3.732205867767334
3.6955604553222656
3.674729108810425
3.499950647354126
3.542983293533325
3.3873908519744873
3.27955961227417
3.2149903774261475
3.107414722442627
3.0125865936279297
3.713566780090332
3.7021727561950684
3.545478582382202
3.533482313156128
3.5422353744506836
3.3098371028900146
3.4113821983337402
3.237333059310913
3.1490957736968994
3.1682956218719482
4.008315563201904
3.867572546005249
3.8566300868988037
3.7165021896362305
3.6629247665405273
3.6346704959869385
3.509742021560669
3.4397215843200684
3.427337884902954
3.416158437728882
2.960014820098877
2.8714137077331543
2.7783801555633545
2.797396183013916
2.6125950813293457
2.649240732192993
2.5742273330688477
2.5786728858947754
2.5452771186828613
2.4891998767852783
3.4234986305236816
3.4459354877471924
3.3347697257995605
3.3574042320251465
3.165881395339966
3.1611483097076416
3.1380655765533447
3.099593162536621
3.1054434776306152
2.9607481956481934
4.042339324951172
3.8502001762390137
3.7586069107055664
3.5572566986083984
3.4610843658447266
3.321431875228882
3.20831298828125
3.229055881500244
2.991525888442993
2.924419403076172
2.754202365875244
2.707059621810913
2.6121585369110107
2.470590829849243
2.4591598510742188
2.3736732006073
2.2235543727874756
2.230508327484131
2.1799752712249756
2.0256340503692627
2.3219292163848877
2.3592090606689453
2.192807912826538
2.197474479675293
2.0529088973999023
1.976110816001892
1.9519237279891968
1.9434459209442139
1.7801761627197266
1.7599289417266846
2.4859278202056885
2.343533992767334
2.295456886291504
2.139695882797241
2.221872329711914
2.1032674312591553
2.0155398845672607
1.9751876592636108
1.9185088872909546
1.8145138025283813
2.8615987300872803
2.6692683696746826
2.592447280883789
2.566606283187866
2.336303949356079
2.3213858604431152
2.27641224861145
2.2574191093444824
2.124264717102051
2.0390100479125977
2.7965307235717773
2.736994504928589
2.6511240005493164
2.471849203109741
2.4380252361297607
2.360459327697754
2.262500286102295
2.103344202041626
2.0525012016296387
2.050032138824463
2.485830545425415
2.4043941497802734
2.3435771465301514
2.258099317550659
2.113661527633667
2.0161306858062744
2.026771068572998
1.8864132165908813
1.8590887784957886
1.7378090620040894
2.6242311000823975
2.6236391067504883
2.5333642959594727
2.442258596420288
2.344843864440918
2.296293258666992
2.2618191242218018
2.2340247631073
2.046560287475586
2.0377559661865234
3.1442677974700928
2.9498467445373535
2.9357025623321533
2.8393802642822266
2.7473983764648438
2.74206280708313
2.629960536956787
2.55703067779541
2.44454026222229
2.372785806655884
6.748574733734131
6.588268756866455
6.333729267120361
6.105263710021973
5.892971992492676
5.690367698669434
5.5325493812561035
5.375094890594482
5.198818206787109
5.026296138763428
4.940774440765381
4.755075931549072
4.595183849334717
4.454342842102051
4.40788459777832
4.275465965270996
4.19868803024292
4.057916641235352
4.012649059295654
3.8649511337280273
3.831115245819092
3.8578591346740723
3.660999059677124
3.6058189868927
3.4946773052215576
3.476877450942993
3.3318943977355957
3.186525344848633
3.1812751293182373
3.0845139026641846
3.6601784229278564
3.583526134490967
3.3969550132751465
3.393213987350464
3.3537442684173584
3.1824352741241455
3.0265274047851562
3.0419225692749023
3.040186643600464
2.911376714706421
3.78731369972229
3.6766421794891357
3.5676980018615723
3.5581135749816895
3.4085159301757812
3.264409303665161
3.2059171199798584
3.1852076053619385
3.026184558868408
3.035726308822632
3.00787615776062
2.9169652462005615
2.9279723167419434
2.8533639907836914
2.723282814025879
2.6194515228271484
2.5710394382476807
2.5552778244018555
2.4746928215026855
2.4820919036865234
3.2394728660583496
2.927183151245117
2.9976754188537598
2.8471310138702393
2.7678558826446533
2.7908260822296143
2.661919116973877
2.630345106124878
2.4724061489105225
2.4110946655273438
3.0108540058135986
2.9520175457000732
2.8822357654571533
2.8833510875701904
2.7339892387390137
2.642627239227295
2.663998603820801
2.5264201164245605
2.407581329345703
2.396657705307007
2.9990622997283936
2.8022806644439697
2.8173346519470215
2.7554194927215576
2.667539119720459
2.5140905380249023
2.612691640853882
2.581583023071289
2.4023725986480713
2.534489393234253
6.130741596221924
6.018792152404785
5.874420642852783
5.683337688446045
5.4609222412109375
5.39526891708374
5.268169403076172
5.027963638305664
4.856993675231934
4.7442731857299805
4.421384334564209
4.258174896240234
4.174764633178711
4.070662021636963
3.8907625675201416
3.836118221282959
3.6944832801818848
3.6014750003814697
3.468106746673584
3.3949170112609863
3.174452781677246
3.1378941535949707
3.0146279335021973
2.8985910415649414
2.785266399383545
2.800794839859009
2.6616435050964355
2.5581133365631104
2.622610569000244
2.438828468322754
2.4549951553344727
2.368842124938965
2.3656930923461914
2.2547245025634766
2.2097907066345215
2.1155519485473633
2.0794734954833984
2.000741958618164
1.9811385869979858
1.9191070795059204
2.228093147277832
2.118239164352417
2.087153673171997
1.9786560535430908
1.9642798900604248
1.907739281654358
1.8206632137298584
1.7908774614334106
1.804134726524353
1.752671718597412
2.178394079208374
2.089958667755127
2.104811429977417
2.033416509628296
1.9493606090545654
1.9520115852355957
1.9027105569839478
1.8158316612243652
1.8108642101287842
1.7545936107635498
2.490736961364746
2.4611542224884033
2.430739402770996
2.3728339672088623
2.2140698432922363
2.2754030227661133
2.153438091278076
2.113892078399658
2.1094000339508057
2.04780912399292
2.803070545196533
2.7702624797821045
2.740180730819702
2.537116050720215
2.4926581382751465
2.4794178009033203
2.453869581222534
2.411482810974121
2.377824068069458
2.272430181503296
3.256175994873047
3.1580958366394043
3.047884702682495
3.0293688774108887
2.9354095458984375
2.879577398300171
2.799452304840088
2.686622381210327
2.6445844173431396
2.5573272705078125
5.20176887512207
5.036958694458008
4.77223539352417
4.613565921783447
4.382434368133545
4.212506294250488
4.042731285095215
3.8607988357543945
3.762340545654297
3.587250232696533
3.419144630432129
3.304231643676758
3.1706342697143555
3.125427484512329
3.0209801197052
2.895660877227783
2.8459110260009766
2.756906509399414
2.617013454437256
2.5686161518096924
2.5749316215515137
2.4733612537384033
2.4392848014831543
2.3792474269866943
2.3742167949676514
2.255498170852661
2.2946133613586426
2.198838949203491
2.1182806491851807
2.1141197681427
2.2213666439056396
2.1420040130615234
2.120093822479248
2.0274059772491455
2.1318490505218506
2.006814956665039
1.9851627349853516
1.891010046005249
1.8926677703857422
1.8609189987182617
2.336862564086914
2.2606372833251953
2.144139289855957
2.168349504470825
2.0976169109344482
2.0886552333831787
1.957810640335083
1.9326058626174927
1.898772120475769
1.8365986347198486
2.547870635986328
2.518737554550171
2.41898250579834
2.3171026706695557
2.3244223594665527
2.1952285766601562
2.076910972595215
2.022559881210327
1.9791064262390137
1.894769549369812
2.8348143100738525
2.758676052093506
2.606088161468506
2.5406394004821777
2.4764437675476074
2.4086852073669434
2.303788185119629
2.2778120040893555
2.223284959793091
2.1331746578216553
2.708008050918579
2.7266485691070557
2.6246724128723145
2.5435690879821777
2.4273681640625
2.3270139694213867
2.398418426513672
2.3109171390533447
2.2901813983917236
2.167196273803711
2.8736367225646973
2.8137142658233643
2.67661452293396
2.6739413738250732
2.625039577484131
2.632234811782837
2.4756460189819336
2.3795082569122314
2.38533616065979
2.3228206634521484
