5.296070098876953
5.252804279327393
5.090109825134277
5.076443195343018
4.91342830657959
5.056970596313477
4.876688480377197
4.734920024871826
4.814096927642822
4.750520706176758
4.413994789123535
4.396492004394531
4.419729709625244
4.496677398681641
4.2134928703308105
4.212645053863525
4.11898946762085
4.140209197998047
4.016767978668213
3.890369415283203
3.7213613986968994
3.7647805213928223
3.6846835613250732
3.608304262161255
3.5827484130859375
3.4444804191589355
3.4341723918914795
3.3720521926879883
3.3311498165130615
3.2393674850463867
3.1038239002227783
3.1106510162353516
2.7964813709259033
2.9507737159729004
2.8432722091674805
2.78877592086792
2.7892262935638428
2.6630001068115234
2.603029727935791
2.7275283336639404
2.9879002571105957
2.7563529014587402
2.6979575157165527
2.712941884994507
2.6023271083831787
2.7151336669921875
2.5616328716278076
2.5885169506073
2.3424575328826904
2.3938684463500977
2.8996007442474365
3.0272397994995117
2.8248963356018066
2.9046926498413086
2.691861152648926
2.8263020515441895
2.626704692840576
2.6986982822418213
2.5007479190826416
2.370393753051758
3.090118646621704
3.0385401248931885
3.0290820598602295
2.8150792121887207
2.780104160308838
2.625453233718872
2.730715751647949
2.567096710205078
2.6187195777893066
2.5940768718719482
3.183248281478882
3.0729331970214844
3.023601531982422
2.9902420043945312
3.0252676010131836
2.855576753616333
2.7263946533203125
2.5929133892059326
2.6480321884155273
2.677593231201172
3.5088257789611816
3.358198881149292
3.3162131309509277
3.266954183578491
3.3248534202575684
3.26350736618042
3.2455508708953857
3.1213674545288086
3.238257646560669
2.9855151176452637
4.39655065536499
4.3319993019104
4.170897006988525
4.119203567504883
4.008318901062012
3.938051700592041
3.720106363296509
3.5999035835266113
3.626554012298584
3.459432601928711
3.3926608562469482
3.409209966659546
3.291572332382202
3.2306435108184814
3.102863311767578
3.0403032302856445
3.008260726928711
2.9073874950408936
2.7827792167663574
2.8561792373657227
2.9554920196533203
2.8927392959594727
2.8434205055236816
2.782660961151123
2.7288315296173096
2.789557695388794
2.545117139816284
2.5366227626800537
2.448272228240967
2.446753740310669
2.7896273136138916
2.8629143238067627
2.614798069000244
2.6532652378082275
2.553673267364502
2.498971700668335
2.468687057495117
2.3956809043884277
2.258331298828125
2.263007879257202
2.8134336471557617
2.7887260913848877
2.6451432704925537
2.661635637283325
2.584338426589966
2.5572328567504883
2.4452929496765137
2.4024391174316406
2.3346056938171387
2.2737200260162354
2.8935301303863525
2.9447972774505615
2.9127678871154785
2.8211917877197266
2.747036933898926
2.7281579971313477
2.603804111480713
2.717912197113037
2.5319597721099854
2.6688103675842285
3.1923179626464844
3.1241424083709717
3.1547789573669434
2.9791464805603027
2.987105369567871
2.9722237586975098
2.851233959197998
2.831105947494507
2.832008123397827
2.6858301162719727
2.870410680770874
2.691742420196533
2.629807949066162
2.6935555934906006
2.7211663722991943
2.6156904697418213
2.4876480102539062
2.467008113861084
2.423776388168335
2.4649579524993896
2.99540114402771
2.939211368560791
2.857351541519165
2.8179287910461426
2.909780740737915
2.789557933807373
2.7740514278411865
2.6684064865112305
2.6047048568725586
2.567094087600708
5.720531940460205
5.464956760406494
5.259486675262451
5.076908111572266
4.718889236450195
4.500606536865234
4.398846626281738
4.285992622375488
4.157288551330566
3.929067611694336
3.548072099685669
3.5064380168914795
3.40378737449646
3.1595780849456787
3.089503765106201
3.0354254245758057
2.8363070487976074
2.827056646347046
2.819772958755493
2.657226085662842
2.849116086959839
2.6397030353546143
2.6190502643585205
2.6191511154174805
2.4579873085021973
2.3851840496063232
2.2237632274627686
2.238107919692993
2.169248104095459
2.1473872661590576
2.5213005542755127
2.477276563644409
2.383432388305664
2.300443172454834
2.2965338230133057
2.1523072719573975
2.0267202854156494
1.985466480255127
1.991234302520752
1.9338337182998657
2.8373849391937256
2.8017101287841797
2.6377763748168945
2.609734535217285
2.4207208156585693
2.4091219902038574
2.384861707687378
2.2840917110443115
2.1862268447875977
2.155744791030884
2.5432779788970947
2.5283401012420654
2.4613757133483887
2.4060635566711426
2.3552370071411133
2.2599024772644043
2.14158296585083
2.1257400512695312
2.05214786529541
2.040278911590576
2.7203822135925293
2.6688361167907715
2.627243995666504
2.5258877277374268
2.485318660736084
2.46797513961792
2.319122314453125
2.40490984916687
2.291360378265381
2.279571294784546
2.8482911586761475
2.8160369396209717
2.8337044715881348
2.7988510131835938
2.6207690238952637
2.6980671882629395
2.5453765392303467
2.5509138107299805
2.4177916049957275
2.367906093597412
3.120795488357544
3.1401445865631104
2.9963300228118896
3.017915964126587
2.9704856872558594
2.9141201972961426
2.870102882385254
2.7664248943328857
2.689012050628662
2.6091997623443604
6.9485015869140625
6.79172945022583
6.681400775909424
6.481810569763184
6.3390631675720215
6.186941623687744
6.059209823608398
5.945649147033691
5.784125328063965
5.651493072509766
5.943483829498291
5.717733383178711
5.67758846282959
5.446916103363037
5.326869010925293
5.209803581237793
5.220586776733398
5.096800327301025
4.886600017547607
4.881873607635498
5.577795028686523
5.395448684692383
5.305657386779785
5.141301155090332
4.982466220855713
4.865891456604004
4.860283374786377
4.682173728942871
4.656083106994629
4.466171741485596
4.438416957855225
4.262617588043213
4.275785446166992
4.191801071166992
3.9662210941314697
3.9885997772216797
3.9439589977264404
3.8780901432037354
3.6766908168792725
3.6570208072662354
3.732205867767334
3.6955604553222656
3.674729108810425
3.499950647354126
3.542983293533325
3.3873908519744873
3.27955961227417
3.2149903774261475
3.107414722442627
3.0125865936279297
3.713566780090332
3.7021727561950684
3.545478582382202
3.533482313156128
3.5422353744506836
3.3098371028900146
3.4113821983337402
3.237333059310913
3.1490957736968994
3.1682956218719482
4.008315563201904
3.867572546005249
3.8566300868988037
3.7165021896362305
3.6629247665405273
3.6346704959869385
3.509742021560669
3.4397215843200684
3.427337884902954
3.416158437728882
2.960014820098877
2.8714137077331543
2.7783801555633545
2.797396183013916
2.6125950813293457
2.649240732192993
2.5742273330688477
2.5786728858947754
2.5452771186828613
2.4891998767852783
3.4234986305236816
3.4459354877471924
3.3347697257995605
3.3574042320251465
3.165881395339966
3.1611483097076416
3.1380655765533447
3.099593162536621
3.1054434776306152
2.9607481956481934
4.042339324951172
3.8502001762390137
3.7586069107055664
3.5572566986083984
3.4610843658447266
3.321431875228882
3.20831298828125
3.229055881500244
2.991525888442993
2.924419403076172
2.754202365875244
2.707059621810913
2.6121585369110107
2.470590829849243
2.4591598510742188
2.3736732006073
2.2235543727874756
2.230508327484131
2.1799752712249756
2.0256340503692627
2.3219292163848877
2.3592090606689453
2.192807912826538
2.197474479675293
2.0529088973999023
1.976110816001892
1.9519237279891968
1.9434459209442139
1.7801761627197266
1.7599289417266846
2.4859278202056885
2.343533992767334
2.295456886291504
2.139695882797241
2.221872329711914
2.1032674312591553
2.0155398845672607
1.9751876592636108
1.9185088872909546
1.8145138025283813
2.8615987300872803
2.6692683696746826
2.592447280883789
2.566606283187866
2.336303949356079
2.3213858604431152
2.27641224861145
2.2574191093444824
2.124264717102051
2.0390100479125977
2.7965307235717773
2.736994504928589
2.6511240005493164
2.471849203109741
2.4380252361297607
2.360459327697754
2.262500286102295
2.103344202041626
2.0525012016296387
2.050032138824463
2.485830545425415
2.4043941497802734
2.3435771465301514
2.258099317550659
2.113661527633667
2.0161306858062744
2.026771068572998
1.8864132165908813
1.8590887784957886
1.7378090620040894
2.6242311000823975
2.6236391067504883
2.5333642959594727
2.442258596420288
2.344843864440918
2.296293258666992
2.2618191242218018
2.2340247631073
2.046560287475586
2.0377559661865234
3.1442677974700928
2.9498467445373535
2.9357025623321533
2.8393802642822266
2.7473983764648438
2.74206280708313
2.629960536956787
2.55703067779541
2.44454026222229
2.372785806655884
