5.296070098876953
5.252804279327393
5.090109825134277
5.076443195343018
4.91342830657959
5.056970596313477
4.876688480377197
4.734920024871826
4.814096927642822
4.750520706176758
4.413994789123535
4.396492004394531
4.419729709625244
4.496677398681641
4.2134928703308105
4.212645053863525
4.11898946762085
4.140209197998047
4.016767978668213
3.890369415283203
3.7213613986968994
3.7647805213928223
3.6846835613250732
3.608304262161255
3.5827484130859375
3.4444804191589355
3.4341723918914795
3.3720521926879883
3.3311498165130615
3.2393674850463867
3.1038239002227783
3.1106510162353516
2.7964813709259033
2.9507737159729004
2.8432722091674805
2.78877592086792
2.7892262935638428
2.6630001068115234
2.603029727935791
2.7275283336639404
2.9879002571105957
2.7563529014587402
2.6979575157165527
2.712941884994507
2.6023271083831787
2.7151336669921875
2.5616328716278076
2.5885169506073
2.3424575328826904
2.3938684463500977
2.8996007442474365
3.0272397994995117
2.8248963356018066
2.9046926498413086
2.691861152648926
2.8263020515441895
2.626704692840576
2.6986982822418213
2.5007479190826416
2.370393753051758
3.090118646621704
3.0385401248931885
3.0290820598602295
2.8150792121887207
2.780104160308838
2.625453233718872
2.730715751647949
2.567096710205078
2.6187195777893066
2.5940768718719482
3.183248281478882
3.0729331970214844
3.023601531982422
2.9902420043945312
3.0252676010131836
2.855576753616333
2.7263946533203125
2.5929133892059326
2.6480321884155273
2.677593231201172
3.5088257789611816
3.358198881149292
3.3162131309509277
3.266954183578491
3.3248534202575684
3.26350736618042
3.2455508708953857
3.1213674545288086
3.238257646560669
2.9855151176452637
4.39655065536499
4.3319993019104
4.170897006988525
4.119203567504883
4.008318901062012
3.938051700592041
3.720106363296509
3.5999035835266113
3.626554012298584
3.459432601928711
3.3926608562469482
3.409209966659546
3.291572332382202
3.2306435108184814
3.102863311767578
3.0403032302856445
3.008260726928711
2.9073874950408936
2.7827792167663574
2.8561792373657227
2.9554920196533203
2.8927392959594727
2.8434205055236816
2.782660961151123
2.7288315296173096
2.789557695388794
2.545117139816284
2.5366227626800537
2.448272228240967
2.446753740310669
2.7896273136138916
2.8629143238067627
2.614798069000244
2.6532652378082275
2.553673267364502
2.498971700668335
2.468687057495117
2.3956809043884277
2.258331298828125
2.263007879257202
2.8134336471557617
2.7887260913848877
2.6451432704925537
2.661635637283325
2.584338426589966
2.5572328567504883
2.4452929496765137
2.4024391174316406
2.3346056938171387
2.2737200260162354
2.8935301303863525
2.9447972774505615
2.9127678871154785
2.8211917877197266
2.747036933898926
2.7281579971313477
2.603804111480713
2.717912197113037
2.5319597721099854
2.6688103675842285
3.1923179626464844
3.1241424083709717
3.1547789573669434
2.9791464805603027
2.987105369567871
2.9722237586975098
2.851233959197998
2.831105947494507
2.832008123397827
2.6858301162719727
2.870410680770874
2.691742420196533
2.629807949066162
2.6935555934906006
2.7211663722991943
2.6156904697418213
2.4876480102539062
2.467008113861084
2.423776388168335
2.4649579524993896
2.99540114402771
2.939211368560791
2.857351541519165
2.8179287910461426
2.909780740737915
2.789557933807373
2.7740514278411865
2.6684064865112305
2.6047048568725586
2.567094087600708
5.720531940460205
5.464956760406494
5.259486675262451
5.076908111572266
4.718889236450195
4.500606536865234
4.398846626281738
4.285992622375488
4.157288551330566
3.929067611694336
3.548072099685669
3.5064380168914795
3.40378737449646
3.1595780849456787
3.089503765106201
3.0354254245758057
2.8363070487976074
2.827056646347046
2.819772958755493
2.657226085662842
2.849116086959839
2.6397030353546143
2.6190502643585205
2.6191511154174805
2.4579873085021973
2.3851840496063232
2.2237632274627686
2.238107919692993
2.169248104095459
2.1473872661590576
2.5213005542755127
2.477276563644409
2.383432388305664
2.300443172454834
2.2965338230133057
2.1523072719573975
2.0267202854156494
1.985466480255127
1.991234302520752
1.9338337182998657
2.8373849391937256
2.8017101287841797
2.6377763748168945
2.609734535217285
2.4207208156585693
2.4091219902038574
2.384861707687378
2.2840917110443115
2.1862268447875977
2.155744791030884
2.5432779788970947
2.5283401012420654
2.4613757133483887
2.4060635566711426
2.3552370071411133
2.2599024772644043
2.14158296585083
2.1257400512695312
2.05214786529541
2.040278911590576
2.7203822135925293
2.6688361167907715
2.627243995666504
2.5258877277374268
2.485318660736084
2.46797513961792
2.319122314453125
2.40490984916687
2.291360378265381
2.279571294784546
2.8482911586761475
2.8160369396209717
2.8337044715881348
2.7988510131835938
2.6207690238952637
2.6980671882629395
2.5453765392303467
2.5509138107299805
2.4177916049957275
2.367906093597412
3.120795488357544
3.1401445865631104
2.9963300228118896
3.017915964126587
2.9704856872558594
2.9141201972961426
2.870102882385254
2.7664248943328857
2.689012050628662
2.6091997623443604
6.9485015869140625
6.79172945022583
6.681400775909424
6.481810569763184
6.3390631675720215
6.186941623687744
6.059209823608398
5.945649147033691
5.784125328063965
5.651493072509766
5.943483829498291
5.717733383178711
5.67758846282959
5.446916103363037
5.326869010925293
5.209803581237793
5.220586776733398
5.096800327301025
4.886600017547607
4.881873607635498
5.577795028686523
5.395448684692383
5.305657386779785
5.141301155090332
4.982466220855713
4.865891456604004
4.860283374786377
4.682173728942871
4.656083106994629
4.466171741485596
4.438416957855225
4.262617588043213
4.275785446166992
4.191801071166992
3.9662210941314697
3.9885997772216797
3.9439589977264404
3.8780901432037354
3.6766908168792725
3.6570208072662354
3.732205867767334
3.6955604553222656
3.674729108810425
3.499950647354126
3.542983293533325
3.3873908519744873
3.27955961227417
3.2149903774261475
3.107414722442627
3.0125865936279297
3.713566780090332
3.7021727561950684
3.545478582382202
3.533482313156128
3.5422353744506836
3.3098371028900146
3.4113821983337402
3.237333059310913
3.1490957736968994
3.1682956218719482
4.008315563201904
3.867572546005249
3.8566300868988037
3.7165021896362305
3.6629247665405273
3.6346704959869385
3.509742021560669
3.4397215843200684
3.427337884902954
3.416158437728882
2.960014820098877
2.8714137077331543
2.7783801555633545
2.797396183013916
2.6125950813293457
2.649240732192993
2.5742273330688477
2.5786728858947754
2.5452771186828613
2.4891998767852783
3.4234986305236816
3.4459354877471924
3.3347697257995605
3.3574042320251465
3.165881395339966
3.1611483097076416
3.1380655765533447
3.099593162536621
3.1054434776306152
2.9607481956481934
4.042339324951172
3.8502001762390137
3.7586069107055664
3.5572566986083984
3.4610843658447266
3.321431875228882
3.20831298828125
3.229055881500244
2.991525888442993
2.924419403076172
2.754202365875244
2.707059621810913
2.6121585369110107
2.470590829849243
2.4591598510742188
2.3736732006073
2.2235543727874756
2.230508327484131
2.1799752712249756
2.0256340503692627
2.3219292163848877
2.3592090606689453
2.192807912826538
2.197474479675293
2.0529088973999023
1.976110816001892
1.9519237279891968
1.9434459209442139
1.7801761627197266
1.7599289417266846
2.4859278202056885
2.343533992767334
2.295456886291504
2.139695882797241
2.221872329711914
2.1032674312591553
2.0155398845672607
1.9751876592636108
1.9185088872909546
1.8145138025283813
2.8615987300872803
2.6692683696746826
2.592447280883789
2.566606283187866
2.336303949356079
2.3213858604431152
2.27641224861145
2.2574191093444824
2.124264717102051
2.0390100479125977
2.7965307235717773
2.736994504928589
2.6511240005493164
2.471849203109741
2.4380252361297607
2.360459327697754
2.262500286102295
2.103344202041626
2.0525012016296387
2.050032138824463
2.485830545425415
2.4043941497802734
2.3435771465301514
2.258099317550659
2.113661527633667
2.0161306858062744
2.026771068572998
1.8864132165908813
1.8590887784957886
1.7378090620040894
2.6242311000823975
2.6236391067504883
2.5333642959594727
2.442258596420288
2.344843864440918
2.296293258666992
2.2618191242218018
2.2340247631073
2.046560287475586
2.0377559661865234
3.1442677974700928
2.9498467445373535
2.9357025623321533
2.8393802642822266
2.7473983764648438
2.74206280708313
2.629960536956787
2.55703067779541
2.44454026222229
2.372785806655884
6.748574733734131
6.588268756866455
6.333729267120361
6.105263710021973
5.892971992492676
5.690367698669434
5.5325493812561035
5.375094890594482
5.198818206787109
5.026296138763428
4.940774440765381
4.755075931549072
4.595183849334717
4.454342842102051
4.40788459777832
4.275465965270996
4.19868803024292
4.057916641235352
4.012649059295654
3.8649511337280273
3.831115245819092
3.8578591346740723
3.660999059677124
3.6058189868927
3.4946773052215576
3.476877450942993
3.3318943977355957
3.186525344848633
3.1812751293182373
3.0845139026641846
3.6601784229278564
3.583526134490967
3.3969550132751465
3.393213987350464
3.3537442684173584
3.1824352741241455
3.0265274047851562
3.0419225692749023
3.040186643600464
2.911376714706421
3.78731369972229
3.6766421794891357
3.5676980018615723
3.5581135749816895
3.4085159301757812
3.264409303665161
3.2059171199798584
3.1852076053619385
3.026184558868408
3.035726308822632
3.00787615776062
2.9169652462005615
2.9279723167419434
2.8533639907836914
2.723282814025879
2.6194515228271484
2.5710394382476807
2.5552778244018555
2.4746928215026855
2.4820919036865234
3.2394728660583496
2.927183151245117
2.9976754188537598
2.8471310138702393
2.7678558826446533
2.7908260822296143
2.661919116973877
2.630345106124878
2.4724061489105225
2.4110946655273438
3.0108540058135986
2.9520175457000732
2.8822357654571533
2.8833510875701904
2.7339892387390137
2.642627239227295
2.663998603820801
2.5264201164245605
2.407581329345703
2.396657705307007
2.9990622997283936
2.8022806644439697
2.8173346519470215
2.7554194927215576
2.667539119720459
2.5140905380249023
2.612691640853882
2.581583023071289
2.4023725986480713
2.534489393234253
6.130741596221924
6.018792152404785
5.874420642852783
5.683337688446045
5.4609222412109375
5.39526891708374
5.268169403076172
5.027963638305664
4.856993675231934
4.7442731857299805
4.421384334564209
4.258174896240234
4.174764633178711
4.070662021636963
3.8907625675201416
3.836118221282959
3.6944832801818848
3.6014750003814697
3.468106746673584
3.3949170112609863
3.174452781677246
3.1378941535949707
3.0146279335021973
2.8985910415649414
2.785266399383545
2.800794839859009
2.6616435050964355
2.5581133365631104
2.622610569000244
2.438828468322754
2.4549951553344727
2.368842124938965
2.3656930923461914
2.2547245025634766
2.2097907066345215
2.1155519485473633
2.0794734954833984
2.000741958618164
1.9811385869979858
1.9191070795059204
2.228093147277832
2.118239164352417
2.087153673171997
1.9786560535430908
1.9642798900604248
1.907739281654358
1.8206632137298584
1.7908774614334106
1.804134726524353
1.752671718597412
2.178394079208374
2.089958667755127
2.104811429977417
2.033416509628296
1.9493606090545654
1.9520115852355957
1.9027105569839478
1.8158316612243652
1.8108642101287842
1.7545936107635498
2.490736961364746
2.4611542224884033
2.430739402770996
2.3728339672088623
2.2140698432922363
2.2754030227661133
2.153438091278076
2.113892078399658
2.1094000339508057
2.04780912399292
2.803070545196533
2.7702624797821045
2.740180730819702
2.537116050720215
2.4926581382751465
2.4794178009033203
2.453869581222534
2.411482810974121
2.377824068069458
2.272430181503296
3.256175994873047
3.1580958366394043
3.047884702682495
3.0293688774108887
2.9354095458984375
2.879577398300171
2.799452304840088
2.686622381210327
2.6445844173431396
2.5573272705078125
5.20176887512207
5.036958694458008
4.77223539352417
4.613565921783447
4.382434368133545
4.212506294250488
4.042731285095215
3.8607988357543945
3.762340545654297
3.587250232696533
3.419144630432129
3.304231643676758
3.1706342697143555
3.125427484512329
3.0209801197052
2.895660877227783
2.8459110260009766
2.756906509399414
2.617013454437256
2.5686161518096924
2.5749316215515137
2.4733612537384033
2.4392848014831543
2.3792474269866943
2.3742167949676514
2.255498170852661
2.2946133613586426
2.198838949203491
2.1182806491851807
2.1141197681427
2.2213666439056396
2.1420040130615234
2.120093822479248
2.0274059772491455
2.1318490505218506
2.006814956665039
1.9851627349853516
1.891010046005249
1.8926677703857422
1.8609189987182617
2.336862564086914
2.2606372833251953
2.144139289855957
2.168349504470825
2.0976169109344482
2.0886552333831787
1.957810640335083
1.9326058626174927
1.898772120475769
1.8365986347198486
2.547870635986328
2.518737554550171
2.41898250579834
2.3171026706695557
2.3244223594665527
2.1952285766601562
2.076910972595215
2.022559881210327
1.9791064262390137
1.894769549369812
2.8348143100738525
2.758676052093506
2.606088161468506
2.5406394004821777
2.4764437675476074
2.4086852073669434
2.303788185119629
2.2778120040893555
2.223284959793091
2.1331746578216553
2.708008050918579
2.7266485691070557
2.6246724128723145
2.5435690879821777
2.4273681640625
2.3270139694213867
2.398418426513672
2.3109171390533447
2.2901813983917236
2.167196273803711
2.8736367225646973
2.8137142658233643
2.67661452293396
2.6739413738250732
2.625039577484131
2.632234811782837
2.4756460189819336
2.3795082569122314
2.38533616065979
2.3228206634521484
7.921289443969727
7.632560729980469
7.408088207244873
7.2377400398254395
7.03094482421875
6.948337554931641
6.707193374633789
6.467785358428955
6.2985053062438965
6.231942176818848
5.894289016723633
5.7501912117004395
5.575558662414551
5.490563869476318
5.382488250732422
5.1792521476745605
5.098511695861816
4.998683452606201
4.860454082489014
4.781464576721191
4.480633735656738
4.374267578125
4.248323440551758
4.1708574295043945
4.141911029815674
4.025684356689453
3.923281669616699
3.8094210624694824
3.752595901489258
3.563180446624756
3.8588366508483887
3.713216543197632
3.637423038482666
3.522568702697754
3.48889422416687
3.3800435066223145
3.334280252456665
3.194270610809326
3.1148569583892822
2.9949002265930176
3.3857107162475586
3.3044321537017822
3.2627789974212646
3.170077323913574
3.001523017883301
2.9025590419769287
2.8755691051483154
2.7859904766082764
2.70417857170105
2.7183682918548584
3.6754298210144043
3.4852139949798584
3.424084424972534
3.302640438079834
3.3066792488098145
3.059674024581909
3.053161382675171
3.025552749633789
2.906872034072876
2.8755853176116943
3.5393290519714355
3.433751106262207
3.313674211502075
3.2354495525360107
3.1204540729522705
3.089387893676758
3.041140079498291
2.9253180027008057
2.894885540008545
2.818833589553833
3.7785634994506836
3.6232450008392334
3.5751140117645264
3.543787956237793
3.387643575668335
3.376089572906494
3.283466339111328
3.2410976886749268
3.1355199813842773
3.1086459159851074
3.6610405445098877
3.5433096885681152
3.4661166667938232
3.338801860809326
3.3161113262176514
3.292217493057251
3.216541290283203
3.080049514770508
3.174598217010498
2.9631426334381104
4.8763322830200195
4.618420124053955
4.396951198577881
4.173373699188232
3.9353408813476562
3.728579521179199
3.599794387817383
3.3458759784698486
3.198235034942627
3.064310073852539
2.869518518447876
2.7545008659362793
2.6448066234588623
2.489264726638794
2.36922287940979
2.2718772888183594
2.127812147140503
2.090712308883667
1.963278889656067
1.8929102420806885
2.018500804901123
1.9173128604888916
1.835523009300232
1.782379150390625
1.7158045768737793
1.6527490615844727
1.5536638498306274
1.5045545101165771
1.5000025033950806
1.3898890018463135
1.944637656211853
1.9543216228485107
1.8537850379943848
1.7712804079055786
1.7197644710540771
1.6749787330627441
1.6290925741195679
1.517154574394226
1.5215463638305664
1.449295163154602
2.2377631664276123
2.077242136001587
2.01220965385437
1.9095121622085571
1.886953592300415
1.8512202501296997
1.7703450918197632
1.663913607597351
1.639326810836792
1.621720314025879
2.814330577850342
2.6957836151123047
2.5731101036071777
2.4916985034942627
2.4481844902038574
2.4095561504364014
2.339820384979248
2.240433692932129
2.172947645187378
2.1389379501342773
3.156395196914673
2.912832260131836
2.8996105194091797
2.770108699798584
2.6787664890289307
2.5593159198760986
2.5670650005340576
2.494455337524414
2.3763203620910645
2.323984146118164
2.98610782623291
2.90798282623291
2.806882619857788
2.7580723762512207
2.691540241241455
2.5901060104370117
2.5405821800231934
2.503558874130249
2.465306043624878
2.3568599224090576
2.9774765968322754
2.9544506072998047
2.901132106781006
2.7627992630004883
2.7210137844085693
2.7036752700805664
2.6555237770080566
2.554440498352051
2.5162971019744873
2.5058343410491943
4.540486812591553
4.4072675704956055
4.240656852722168
4.046421527862549
3.949098587036133
3.7275171279907227
3.652395248413086
3.4769537448883057
3.349106550216675
3.201767683029175
3.245464563369751
3.1614511013031006
3.046881675720215
2.949167251586914
2.8673877716064453
2.7786331176757812
2.6955814361572266
2.621450901031494
2.534818410873413
2.445420742034912
2.8219685554504395
2.7126078605651855
2.6461968421936035
2.573547124862671
2.433393955230713
2.4082231521606445
2.2980611324310303
2.2197372913360596
2.197324752807617
2.0782341957092285
2.7697947025299072
2.6963112354278564
2.6016030311584473
2.4746456146240234
2.4215798377990723
2.357891321182251
2.2650744915008545
2.2077181339263916
2.1222124099731445
2.109835147857666
2.981663465499878
2.8371760845184326
2.7020037174224854
2.68751859664917
2.61777663230896
2.5138912200927734
2.4753708839416504
2.3902831077575684
2.37222957611084
2.2721192836761475
2.797593832015991
2.8114354610443115
2.718168258666992
2.6448607444763184
2.5485692024230957
2.4915895462036133
2.424100160598755
2.409191608428955
2.3416049480438232
2.308729648590088
3.0510213375091553
2.9398996829986572
2.922816753387451
2.8751726150512695
2.796475648880005
2.7660629749298096
2.7038936614990234
2.6304991245269775
2.58158278465271
2.5799622535705566
3.313088893890381
3.2515692710876465
3.170825481414795
3.0937674045562744
3.0797719955444336
2.9652161598205566
2.9874398708343506
2.902111768722534
2.8544812202453613
2.76271915435791
3.264878273010254
3.177300214767456
3.1391541957855225
3.022779941558838
3.080761432647705
3.0128636360168457
2.91287899017334
2.891582727432251
2.826866388320923
2.7806472778320312
6.634648323059082
6.459450721740723
6.254887580871582
6.090539455413818
5.885664939880371
5.750972270965576
5.5934319496154785
5.449989318847656
5.274827003479004
5.128363609313965
5.01782751083374
4.93472146987915
4.787664413452148
4.697290420532227
4.591860771179199
4.436845302581787
4.383023738861084
4.206062316894531
4.103911876678467
4.070160865783691
4.388463020324707
4.213593006134033
4.116011619567871
4.0114593505859375
3.953519105911255
3.8249340057373047
3.758112907409668
3.6496798992156982
3.608975648880005
3.488358736038208
4.121020793914795
3.9629085063934326
3.905151128768921
3.803656578063965
3.634324312210083
3.6280086040496826
3.5392491817474365
3.401608943939209
3.3177225589752197
3.2870914936065674
4.261719226837158
4.202118873596191
4.055445671081543
3.9265635013580322
3.7769293785095215
3.5858757495880127
3.6163833141326904
3.478388786315918
3.506404161453247
3.3113222122192383
4.237188339233398
4.134047985076904
3.9214065074920654
3.9581081867218018
3.7697601318359375
3.681974172592163
3.631042003631592
3.480686664581299
3.4038350582122803
3.304713487625122
3.441361427307129
3.3100602626800537
3.26609206199646
3.1512606143951416
3.0043768882751465
3.058397054672241
2.913717746734619
2.867403984069824
2.7117295265197754
2.678624391555786
3.6392273902893066
3.5954267978668213
3.480350971221924
3.3590333461761475
3.262718915939331
3.150221347808838
3.0749776363372803
2.9899179935455322
2.9741156101226807
2.873399257659912
3.252894639968872
3.166874885559082
3.146538019180298
3.0571584701538086
3.0802462100982666
2.9950919151306152
2.840287208557129
2.7706215381622314
2.7304184436798096
2.7615997791290283
5.98451566696167
5.742563247680664
5.4987311363220215
5.2148566246032715
5.0490193367004395
4.812735080718994
4.630988121032715
4.400822639465332
4.226743221282959
4.084536075592041
4.13054084777832
3.9347727298736572
3.7327003479003906
3.5993618965148926
3.427316427230835
3.239851951599121
3.0425033569335938
2.9297332763671875
2.7997422218322754
2.662444591522217
2.8693490028381348
2.7116382122039795
2.479109764099121
2.3549904823303223
2.1697399616241455
2.085294008255005
1.9675312042236328
1.8924000263214111
1.8051115274429321
1.7106025218963623
2.544957160949707
2.462292194366455
2.2666685581207275
2.2605888843536377
2.08496356010437
1.9899498224258423
1.8982374668121338
1.8156968355178833
1.7187747955322266
1.577195644378662
2.834113836288452
2.7173264026641846
2.559553861618042
2.3480734825134277
2.2611544132232666
2.0366761684417725
1.9907283782958984
1.9023250341415405
1.844207763671875
1.6615664958953857
2.5794670581817627
2.4996113777160645
2.322357177734375
2.2271809577941895
2.0978055000305176
1.9929859638214111
2.0581893920898438
1.8999125957489014
1.7817867994308472
1.7859573364257812
2.707671642303467
2.582737445831299
2.4987595081329346
2.360496997833252
2.2290871143341064
2.222395896911621
2.0845372676849365
2.0570554733276367
1.9401788711547852
1.89023756980896
3.0258541107177734
2.8704781532287598
2.743800163269043
2.6319425106048584
2.5515050888061523
2.560220956802368
2.3883438110351562
2.2888686656951904
2.2719216346740723
2.20871901512146
2.961618423461914
2.9058895111083984
2.8846547603607178
2.8153128623962402
2.7621212005615234
2.560011386871338
2.650660753250122
2.543370246887207
2.534637689590454
2.3557677268981934
7.114477634429932
6.747910022735596
6.538259506225586
6.1959967613220215
5.919498443603516
5.6790452003479
5.49605131149292
5.345023155212402
5.029435634613037
4.771120548248291
4.488662242889404
4.34277868270874
4.16956090927124
3.9304535388946533
3.794010639190674
3.614588737487793
3.4172494411468506
3.268918514251709
3.200338840484619
3.0621495246887207
3.479623317718506
3.2590701580047607
3.1533279418945312
2.905691623687744
2.7894155979156494
2.7776994705200195
2.64054799079895
2.4872965812683105
2.389688491821289
2.234410285949707
2.987534999847412
2.9112563133239746
2.6850109100341797
2.539653778076172
2.410397529602051
2.3999063968658447
2.1968212127685547
2.1223368644714355
1.9704310894012451
2.043612480163574
3.169179677963257
2.9911060333251953
2.8933229446411133
2.8433268070220947
2.604220151901245
2.505110502243042
2.386901378631592
2.3186728954315186
2.2880678176879883
2.1610891819000244
3.2484731674194336
3.22100830078125
3.042187213897705
2.8608875274658203
2.777383327484131
2.7038607597351074
2.6174612045288086
2.520359992980957
2.444654941558838
2.2746400833129883
3.4083869457244873
3.30519962310791
3.257270336151123
3.074169874191284
2.9105260372161865
2.927755355834961
2.7759602069854736
2.6151065826416016
2.6174564361572266
2.463469982147217
3.524641275405884
3.2789666652679443
3.114659309387207
3.147347927093506
3.017749786376953
2.951287031173706
2.9166455268859863
2.6367807388305664
2.701956033706665
2.4807987213134766
3.369804859161377
3.288771152496338
3.1724934577941895
3.0773048400878906
3.0034873485565186
3.006283760070801
2.8927736282348633
2.7661521434783936
2.797245740890503
2.666752576828003
3.4804580211639404
3.0996389389038086
2.9019229412078857
2.550304651260376
2.285257339477539
2.0834803581237793
1.8719322681427002
1.6746877431869507
1.4987802505493164
1.3855602741241455
1.7511811256408691
1.6146968603134155
1.5318909883499146
1.3674756288528442
1.272403597831726
1.1792161464691162
1.0978575944900513
1.0396705865859985
0.9473867416381836
0.9294115900993347
1.647233247756958
1.561403751373291
1.3980016708374023
1.3765149116516113
1.2386689186096191
1.1793090105056763
1.1078225374221802
1.04208242893219
1.0026670694351196
0.9035017490386963
2.049534559249878
1.8603774309158325
1.723889946937561
1.5849132537841797
1.4534761905670166
1.3882973194122314
1.3241682052612305
1.2594640254974365
1.2055097818374634
1.0917232036590576
2.2911739349365234
2.199265956878662
2.047407865524292
1.8666326999664307
1.7809213399887085
1.780584692955017
1.6236894130706787
1.5159964561462402
1.4725176095962524
1.453233242034912
2.7371087074279785
2.594050884246826
2.473757266998291
2.3311233520507812
2.246488571166992
2.086301326751709
2.018336296081543
1.9209380149841309
1.8107571601867676
1.7516236305236816
2.673288345336914
2.5326104164123535
2.482635736465454
2.3689911365509033
2.2682859897613525
2.1600828170776367
2.1447300910949707
1.995211124420166
1.9933972358703613
1.9061790704727173
2.8382842540740967
2.821787118911743
2.688321113586426
2.547420024871826
2.4688589572906494
2.439918041229248
2.34710431098938
2.3303470611572266
2.146256446838379
2.165761947631836
3.2154784202575684
2.9545364379882812
2.9372799396514893
2.8995819091796875
2.8425633907318115
2.7256412506103516
2.5964765548706055
2.582850217819214
2.587984323501587
2.4934020042419434
4.410597801208496
4.230732440948486
4.036265850067139
3.893366575241089
3.70815110206604
3.624988555908203
3.4722440242767334
3.283900260925293
3.1786067485809326
3.0708882808685303
2.822157144546509
2.7378013134002686
2.6139776706695557
2.539823055267334
2.4507036209106445
2.386298418045044
2.2850537300109863
2.197920799255371
2.12054705619812
2.058380603790283
2.2701504230499268
2.2178709506988525
2.105905055999756
2.042304515838623
2.0072836875915527
1.930118441581726
1.8496603965759277
1.7902384996414185
1.78855562210083
1.7078102827072144
2.2786598205566406
2.2103660106658936
2.1177875995635986
2.0553276538848877
1.9546704292297363
1.9250214099884033
1.9014301300048828
1.8494946956634521
1.782715082168579
1.758649230003357
2.531036376953125
2.402555465698242
2.3352460861206055
2.2215185165405273
2.162177562713623
2.1079938411712646
2.06388521194458
1.9703425168991089
1.9132580757141113
1.9239428043365479
2.8321921825408936
2.7126736640930176
2.638136863708496
2.568979501724243
2.4576313495635986
2.4415907859802246
2.3486838340759277
2.2915945053100586
2.2552762031555176
2.155229091644287
2.749351978302002
2.6205592155456543
2.558676242828369
2.466475486755371
2.41636323928833
2.32763409614563
2.260521411895752
2.1571567058563232
2.13356351852417
2.010190725326538
2.6548800468444824
2.5885677337646484
2.477522373199463
2.4029700756073
2.402493953704834
2.2443430423736572
2.1858391761779785
2.1085898876190186
2.047292470932007
1.9683387279510498
2.404353380203247
2.348804473876953
2.2655093669891357
2.2313690185546875
2.1237435340881348
2.0799715518951416
2.0192694664001465
2.0010178089141846
1.8954068422317505
1.8624192476272583
5.725229740142822
5.522847652435303
5.230647087097168
4.942695140838623
4.663608551025391
4.45930814743042
4.280035018920898
4.060612678527832
3.862231731414795
3.654961585998535
3.8114962577819824
3.6349456310272217
3.436821699142456
3.2181224822998047
3.1108076572418213
2.9633121490478516
2.8150227069854736
2.6812539100646973
2.5733273029327393
2.4444732666015625
3.0241405963897705
2.8702120780944824
2.732534646987915
2.6333444118499756
2.4499669075012207
2.351473093032837
2.2776620388031006
2.12760591506958
2.0311527252197266
1.9352911710739136
2.6025798320770264
2.557705879211426
2.467811346054077
2.3043150901794434
2.2644476890563965
2.1593222618103027
2.1276779174804688
1.940777063369751
1.9378013610839844
1.8738532066345215
2.6388723850250244
2.5475733280181885
2.4607412815093994
2.346575975418091
2.2673864364624023
2.2096915245056152
2.037299394607544
2.0954556465148926
1.9862918853759766
1.9484107494354248
2.44197678565979
2.380279541015625
2.290426015853882
2.219205856323242
2.1098926067352295
2.074622392654419
2.016064167022705
1.9375200271606445
1.9515246152877808
1.8647466897964478
2.8296444416046143
2.770430088043213
2.578972101211548
2.5767874717712402
2.4591903686523438
2.4002363681793213
2.3100337982177734
2.3631362915039062
2.294386148452759
2.1729657649993896
2.5852065086364746
2.5159621238708496
2.459913730621338
2.3340864181518555
2.3306703567504883
2.2940165996551514
2.265950918197632
2.1272878646850586
2.1174545288085938
2.0747289657592773
2.997462272644043
2.914649724960327
2.8489530086517334
2.835463285446167
2.7801835536956787
2.6531686782836914
2.6407268047332764
2.5632688999176025
2.4847867488861084
2.507728338241577
5.136877059936523
4.848094940185547
4.579619884490967
4.291311264038086
4.027595520019531
3.7470932006835938
3.566925048828125
3.3197848796844482
3.1982672214508057
2.9733238220214844
2.9041056632995605
2.797769784927368
2.710574150085449
2.578275203704834
2.461719512939453
2.411832571029663
2.3402483463287354
2.2409818172454834
2.1236045360565186
2.089958429336548
2.4415414333343506
2.279989004135132
2.250917911529541
2.2047979831695557
2.0777676105499268
2.010119676589966
1.939099669456482
1.891601800918579
1.8217694759368896
1.7548589706420898
2.6430983543395996
2.4280545711517334
2.388869524002075
2.256093978881836
2.187880277633667
2.1482675075531006
2.0308358669281006
1.9808553457260132
1.9762383699417114
1.9210759401321411
2.6337497234344482
2.4955294132232666
2.3834574222564697
2.2953994274139404
2.1940009593963623
2.1043200492858887
2.0890798568725586
1.9987256526947021
1.9145762920379639
1.9060537815093994
2.7797744274139404
2.714858055114746
2.576321601867676
2.5083258152008057
2.454601287841797
2.3014416694641113
2.206376314163208
2.167987823486328
2.0521457195281982
2.0269973278045654
2.8537540435791016
2.713287115097046
2.6368980407714844
2.526498317718506
2.5175507068634033
2.3839499950408936
2.3780829906463623
2.2457566261291504
2.292672634124756
2.1920342445373535
3.2676150798797607
3.22226881980896
3.1681976318359375
2.999885082244873
2.941337823867798
2.8915963172912598
2.761371612548828
2.746826171875
2.6669375896453857
2.5875682830810547
2.588613748550415
2.5575335025787354
2.4259321689605713
2.3823084831237793
2.268289804458618
2.2812983989715576
2.18992280960083
2.1068954467773438
2.0516631603240967
1.9810985326766968
5.581367492675781
5.376451015472412
5.098873615264893
4.898089408874512
4.732603073120117
4.494750499725342
4.26344633102417
4.096282482147217
3.92893648147583
3.756335973739624
3.619061231613159
3.4799633026123047
3.32930850982666
3.2021141052246094
3.1328511238098145
3.0258917808532715
2.8729143142700195
2.754340887069702
2.706002712249756
2.643505334854126
2.889024257659912
2.839797019958496
2.7446343898773193
2.625683307647705
2.506121873855591
2.45318865776062
2.3238046169281006
2.222900152206421
2.1818673610687256
2.125326633453369
3.1261098384857178
2.991743564605713
2.8865647315979004
2.7159175872802734
2.586956262588501
2.4567394256591797
2.3910796642303467
2.2929763793945312
2.2361931800842285
2.115967035293579
3.4230380058288574
3.2571563720703125
3.166520833969116
2.94936466217041
2.828693151473999
2.679682731628418
2.570890426635742
2.505373954772949
2.366589307785034
2.325270414352417
3.3566436767578125
3.1415607929229736
3.0251314640045166
2.832643747329712
2.7488057613372803
2.592200517654419
2.521754264831543
2.3879408836364746
2.400947093963623
2.2969374656677246
3.268885612487793
3.141955614089966
2.9924275875091553
2.8904895782470703
2.7853193283081055
2.68855881690979
2.605114698410034
2.553771734237671
2.4377236366271973
2.390380620956421
2.783583641052246
2.795370101928711
2.704160690307617
2.6433072090148926
2.591644287109375
2.5563011169433594
2.4365642070770264
2.3522117137908936
2.3317413330078125
2.2425360679626465
3.393599033355713
3.3483901023864746
3.2266132831573486
3.157677412033081
3.135676860809326
3.040963649749756
2.936370611190796
2.8413963317871094
2.797614812850952
2.736708879470825
4.544089317321777
4.200705528259277
3.9398691654205322
3.5648818016052246
3.3095297813415527
3.087092638015747
2.9232349395751953
2.777090549468994
2.5806193351745605
2.417861223220825
2.3410232067108154
2.236250162124634
2.0580637454986572
1.9946080446243286
1.870597004890442
1.829637885093689
1.6667308807373047
1.6053481101989746
1.5302845239639282
1.4520968198776245
1.9631290435791016
1.8832130432128906
1.793880581855774
1.7443767786026
1.5895334482192993
1.5619126558303833
1.4964412450790405
1.4938615560531616
1.421720266342163
1.3384647369384766
2.2936172485351562
2.1178882122039795
2.0279030799865723
1.9640929698944092
1.8753483295440674
1.7950549125671387
1.8035014867782593
1.6719918251037598
1.6898629665374756
1.6229729652404785
2.601931571960449
2.5048375129699707
2.3474628925323486
2.2137880325317383
2.2385075092315674
2.0972206592559814
2.090994119644165
2.0112102031707764
1.9456666707992554
1.908756136894226
3.31341290473938
3.256326198577881
3.1505110263824463
3.0312044620513916
2.9264960289001465
2.831214427947998
2.7367985248565674
2.6130754947662354
2.5392770767211914
2.4622223377227783
2.932056427001953
2.8316049575805664
2.730961799621582
2.6126415729522705
2.5706427097320557
2.4690394401550293
2.39733624458313
2.300773859024048
2.3036105632781982
2.1846203804016113
3.306199312210083
3.197021961212158
3.0956246852874756
2.990169048309326
2.8758373260498047
2.905216693878174
2.8120086193084717
2.7183339595794678
2.6860363483428955
2.5519661903381348
2.6596262454986572
2.6191885471343994
2.5149266719818115
2.484881639480591
2.4524741172790527
2.3454370498657227
2.339454412460327
2.2719600200653076
2.227078676223755
2.18878436088562
4.493265628814697
4.301822662353516
4.0558061599731445
3.8513083457946777
3.669687032699585
3.492175579071045
3.2894420623779297
3.0940511226654053
2.8831958770751953
2.7505595684051514
2.52850341796875
2.3688225746154785
2.2017390727996826
2.093073606491089
2.019102096557617
1.8824886083602905
1.7855324745178223
1.6919044256210327
1.6213550567626953
1.5357192754745483
2.0381574630737305
1.9489140510559082
1.8655916452407837
1.7907251119613647
1.7289119958877563
1.6268281936645508
1.5720562934875488
1.5183268785476685
1.4981333017349243
1.4737569093704224
2.2318267822265625
2.189748525619507
2.032949209213257
1.947001338005066
1.8745882511138916
1.791159987449646
1.7423014640808105
1.6847612857818604
1.5974645614624023
1.5524694919586182
2.7652406692504883
2.5725162029266357
2.507598876953125
2.3624114990234375
2.2433643341064453
2.1882874965667725
2.1030430793762207
2.014200448989868
1.9416329860687256
1.786801815032959
2.639268398284912
2.601290225982666
2.4260776042938232
2.3293371200561523
2.2883925437927246
2.183950424194336
2.1640796661376953
2.0912234783172607
2.006042718887329
1.9441063404083252
2.7218120098114014
2.6224184036254883
2.545586109161377
2.440617561340332
2.430392265319824
2.3414525985717773
2.297636032104492
2.2632949352264404
2.1542699337005615
2.097475290298462
2.978271484375
2.8248190879821777
2.8195204734802246
2.752897262573242
2.680314540863037
2.6093788146972656
2.486048936843872
2.5072953701019287
2.415628671646118
2.4464712142944336
3.117722988128662
3.077277183532715
3.027452230453491
2.993565797805786
3.0107269287109375
2.7988810539245605
2.8252530097961426
2.7530012130737305
2.727163553237915
2.6610937118530273
3.532707929611206
3.1523239612579346
2.8555080890655518
2.594263792037964
2.3193717002868652
2.1494224071502686
1.9461594820022583
1.7915399074554443
1.6258869171142578
1.494964361190796
1.5982831716537476
1.4889893531799316
1.3398323059082031
1.30352783203125
1.1852880716323853
1.1219736337661743
1.045261263847351
1.0326019525527954
0.933583676815033
0.8753649592399597
1.1984927654266357
1.165667176246643
1.1223063468933105
1.0250933170318604
1.0173012018203735
0.9501304030418396
0.889054536819458
0.8991523385047913
0.8591351509094238
0.7905540466308594
1.2227104902267456
1.169677972793579
1.1452444791793823
1.0943485498428345
1.062721610069275
0.9833377599716187
0.9442873001098633
0.9036364555358887
0.8834617137908936
0.8725656867027283
1.5687791109085083
1.4398131370544434
1.3841824531555176
1.3183505535125732
1.2735885381698608
1.2224737405776978
1.171708106994629
1.1697278022766113
1.123929738998413
1.0708286762237549
1.9339394569396973
1.8240406513214111
1.7662172317504883
1.6654646396636963
1.6074602603912354
1.5009135007858276
1.4365601539611816
1.4282662868499756
1.3105528354644775
1.2593741416931152
2.5252883434295654
2.4186863899230957
2.2800655364990234
2.2273659706115723
2.0959625244140625
2.0400733947753906
1.920227289199829
1.8593077659606934
1.7588914632797241
1.748608112335205
2.817154884338379
2.626495838165283
2.5297598838806152
2.5436899662017822
2.3993897438049316
2.3233916759490967
2.2426750659942627
2.2137343883514404
2.1900241374969482
2.0718772411346436
2.743584632873535
2.6171696186065674
2.537687301635742
2.480736494064331
2.3350040912628174
2.2633793354034424
2.2232778072357178
2.0531563758850098
2.068556785583496
2.032972812652588
7.093160629272461
6.5298171043396
6.1365647315979
5.725000858306885
5.308980941772461
5.011316299438477
4.643014430999756
4.377678394317627
4.114428520202637
3.8980438709259033
3.7877743244171143
3.623955488204956
3.4835081100463867
3.3394875526428223
3.1657814979553223
3.061485767364502
2.949256181716919
2.768442153930664
2.7137622833251953
2.6535286903381348
3.1021316051483154
2.911323308944702
2.7698936462402344
2.726142168045044
2.615689754486084
2.539914131164551
2.4353861808776855
2.377854108810425
2.327009677886963
2.2369227409362793
3.02714467048645
2.8250880241394043
2.6855382919311523
2.6084749698638916
2.532301425933838
2.5232772827148438
2.380833625793457
2.316098928451538
2.26516056060791
2.2006237506866455
3.255608081817627
3.10681414604187
3.0328240394592285
2.9055447578430176
2.9084677696228027
2.764937400817871
2.631834030151367
2.7136216163635254
2.5934927463531494
2.5270988941192627
3.776106834411621
3.589742660522461
3.589207649230957
3.496462821960449
3.418323516845703
3.361629009246826
3.330003261566162
3.1929678916931152
3.125246286392212
3.094400405883789
3.3964004516601562
3.241258382797241
3.2065846920013428
3.1766810417175293
3.1012747287750244
3.0120387077331543
2.9644978046417236
2.9010865688323975
2.923546552658081
2.7811832427978516
3.2785515785217285
3.1789121627807617
3.127976417541504
3.0626120567321777
2.974327325820923
2.967519760131836
2.8596229553222656
2.7886483669281006
2.8204293251037598
2.6917991638183594
2.975659132003784
2.938314914703369
2.8933935165405273
2.781834840774536
2.746511697769165
2.7025954723358154
2.643017053604126
2.6347010135650635
2.495037317276001
2.45788311958313
2.488949775695801
2.2533082962036133
2.0274314880371094
1.840225100517273
1.6978774070739746
1.525319218635559
1.4006112813949585
1.2778204679489136
1.1718257665634155
1.1116434335708618
1.5002341270446777
1.378967523574829
1.2991384267807007
1.2350578308105469
1.1577171087265015
1.1016604900360107
1.0477358102798462
0.9447874426841736
0.8788439631462097
0.8400100469589233
1.6872038841247559
1.612058162689209
1.4709771871566772
1.409729242324829
1.2845577001571655
1.2445951700210571
1.1951725482940674
1.147960901260376
1.108087420463562
1.0189677476882935
2.080153465270996
1.9168757200241089
1.8026838302612305
1.717663288116455
1.6257846355438232
1.5233675241470337
1.4202016592025757
1.3364232778549194
1.297100305557251
1.2183988094329834
2.6396279335021973
2.4786086082458496
2.3581809997558594
2.187366485595703
2.048940658569336
1.9635732173919678
1.8704307079315186
1.811975359916687
1.7122331857681274
1.7269175052642822
2.903567314147949
2.7475175857543945
2.6275696754455566
2.5583462715148926
2.4433281421661377
2.374124526977539
2.2337119579315186
2.1924493312835693
2.1247973442077637
2.0142579078674316
3.0414390563964844
2.994755744934082
2.930358409881592
2.7670960426330566
2.6953694820404053
2.6268064975738525
2.575676202774048
2.5197839736938477
2.368447780609131
2.350696086883545
3.175452947616577
3.058687210083008
2.965183973312378
2.893040895462036
2.877314329147339
2.7780861854553223
2.7025036811828613
2.669804573059082
2.6127963066101074
2.5533037185668945
3.2574403285980225
3.199303388595581
3.075477361679077
3.0248773097991943
2.933993339538574
2.908355712890625
2.82936692237854
2.7778258323669434
2.7106375694274902
2.597646951675415
3.5421812534332275
3.294220447540283
3.036911725997925
2.8480982780456543
2.572854518890381
2.469090700149536
2.2230520248413086
2.115551233291626
1.9202187061309814
1.8404399156570435
2.0824074745178223
1.920705795288086
1.8526198863983154
1.7307542562484741
1.655221700668335
1.6020901203155518
1.522185206413269
1.4440927505493164
1.3864407539367676
1.3278189897537231
1.9587641954421997
1.890709638595581
1.7716468572616577
1.7033772468566895
1.6304923295974731
1.549221158027649
1.522018551826477
1.4522408246994019
1.3851814270019531
1.3782774209976196
2.1652672290802
2.0276196002960205
1.9242089986801147
1.8675827980041504
1.7889509201049805
1.6914926767349243
1.6176173686981201
1.5876554250717163
1.5063201189041138
1.5006994009017944
2.536001443862915
2.3705954551696777
2.2902660369873047
2.1788580417633057
2.0661520957946777
2.003736972808838
1.9090367555618286
1.829423189163208
1.7244781255722046
1.6937756538391113
2.721923828125
2.5056025981903076
2.403470039367676
2.403993844985962
2.259751796722412
2.1766250133514404
2.152062177658081
2.038440704345703
1.9571149349212646
1.867527961730957
2.868858575820923
2.7694530487060547
2.649158477783203
2.534100294113159
2.475393295288086
2.3698372840881348
2.2749993801116943
2.2867472171783447
2.1643736362457275
2.046309471130371
2.514944314956665
2.3878345489501953
2.2864718437194824
2.210463523864746
2.132646083831787
2.1287543773651123
2.0373222827911377
1.922849178314209
1.9546973705291748
1.8742527961730957
3.130845785140991
3.0207815170288086
2.967949867248535
2.9378530979156494
2.759114980697632
2.7260241508483887
2.655991315841675
2.5456650257110596
2.54670786857605
2.450469493865967
1.7090961933135986
1.4770824909210205
1.285507082939148
1.1013826131820679
0.9648858308792114
0.8434428572654724
0.7615861892700195
0.6857578158378601
0.6103873252868652
0.5570193529129028
1.0981976985931396
0.9928054809570312
0.9064575433731079
0.8245885372161865
0.7629220485687256
0.7102962732315063
0.666816771030426
0.6201183199882507
0.5889337658882141
0.536959171295166
1.1024566888809204
1.0330902338027954
0.949720561504364
0.8759214282035828
0.8154818415641785
0.781082034111023
0.689005434513092
0.6974958181381226
0.6534571647644043
0.6151444315910339
1.304523229598999
1.2405786514282227
1.1446261405944824
1.0944344997406006
1.0498120784759521
0.9826940894126892
0.9167027473449707
0.8889464139938354
0.8827736377716064
0.8297313451766968
1.7445757389068604
1.6473052501678467
1.5172851085662842
1.4382007122039795
1.3427473306655884
1.2747875452041626
1.196521282196045
1.2026187181472778
1.114967942237854
1.0354058742523193
2.0601322650909424
1.9304310083389282
1.8399395942687988
1.7348421812057495
1.6170927286148071
1.5008902549743652
1.4343743324279785
1.3425004482269287
1.2791166305541992
1.2269878387451172
2.4131035804748535
2.2714807987213135
2.089916706085205
1.9529385566711426
1.8970948457717896
1.758922815322876
1.6876553297042847
1.542137861251831
1.5480130910873413
1.466118335723877
2.389864206314087
2.2965505123138428
2.22664737701416
2.167722225189209
2.0029327869415283
1.9610774517059326
1.8685400485992432
1.7878810167312622
1.7412571907043457
1.6469124555587769
2.778390407562256
2.6303293704986572
2.5683653354644775
2.473651170730591
2.4026191234588623
2.2953343391418457
2.238330841064453
2.1519172191619873
2.062464714050293
2.0050177574157715
5.603151798248291
5.283845901489258
4.910763740539551
4.611885070800781
4.376260280609131
4.182209491729736
3.979503870010376
3.84560489654541
3.6640822887420654
3.521944046020508
3.640543222427368
3.535703420639038
3.3715896606445312
3.264026403427124
3.1592941284179688
3.0430397987365723
2.948070764541626
2.841789722442627
2.77103853225708
2.680908679962158
3.2627716064453125
3.188398599624634
3.0100440979003906
2.948633909225464
2.8736634254455566
2.8297626972198486
2.6721296310424805
2.5954556465148926
2.534198760986328
2.453023672103882
3.145512819290161
3.0602800846099854
2.907055616378784
2.81231427192688
2.7236907482147217
2.609818696975708
2.5250649452209473
2.4781405925750732
2.3766794204711914
2.2935638427734375
2.720750331878662
2.6688172817230225
2.597533941268921
2.511810302734375
2.393310308456421
2.3136680126190186
2.252946615219116
2.1578142642974854
2.041517972946167
2.061216354370117
2.5837268829345703
2.4547665119171143
2.3417139053344727
2.256103038787842
2.15049147605896
2.057584047317505
2.0394113063812256
1.982424259185791
1.9579983949661255
1.8769994974136353
2.555793046951294
2.503995895385742
2.386953115463257
2.3510966300964355
2.3155040740966797
2.190364360809326
2.23587703704834
2.1257359981536865
2.1085658073425293
2.038621425628662
2.736084461212158
2.663770914077759
2.6432507038116455
2.574263572692871
2.528904676437378
2.4779422283172607
2.431727647781372
2.4390602111816406
2.3633816242218018
2.3662750720977783
3.410776138305664
3.253718614578247
3.227738857269287
3.147048234939575
3.1030256748199463
3.0222935676574707
3.008507251739502
2.9532580375671387
2.9199187755584717
2.877514600753784
3.670654773712158
3.263399600982666
2.9519259929656982
2.6082208156585693
2.354767084121704
2.1473066806793213
1.9925419092178345
1.8464077711105347
1.6660542488098145
1.5839232206344604
1.6973196268081665
1.5497220754623413
1.4757661819458008
1.38481605052948
1.303765058517456
1.2649333477020264
1.199342131614685
1.097510814666748
1.0894191265106201
1.0207825899124146
1.3714110851287842
1.2843847274780273
1.2848587036132812
1.2062292098999023
1.1529985666275024
1.1242343187332153
1.0845520496368408
1.0461714267730713
1.003474235534668
0.9994245171546936
1.435114860534668
1.3894528150558472
1.3027398586273193
1.3118325471878052
1.223934531211853
1.1777642965316772
1.169096827507019
1.1677402257919312
1.089921474456787
1.0209230184555054
1.6951078176498413
1.6385774612426758
1.5246561765670776
1.4921091794967651
1.5134813785552979
1.356760859489441
1.350525140762329
1.2676953077316284
1.2080893516540527
1.224791407585144
2.197572946548462
2.0874006748199463
1.964286208152771
1.8242640495300293
1.7939289808273315
1.7465786933898926
1.6533218622207642
1.5521917343139648
1.4923429489135742
1.4377954006195068
2.428342342376709
2.3105390071868896
2.155665874481201
2.078780174255371
1.9804928302764893
1.9532215595245361
1.8530420064926147
1.8057808876037598
1.7545748949050903
1.623103380203247
2.8624701499938965
2.787780523300171
2.649106025695801
2.638424873352051
2.4692015647888184
2.4750473499298096
2.4306528568267822
2.2986621856689453
2.241156816482544
2.1110289096832275
2.70979380607605
2.5674257278442383
2.48420786857605
2.4171736240386963
2.326122283935547
2.279832124710083
2.300901412963867
2.111740827560425
2.08402156829834
2.0300211906433105
4.764819145202637
4.495928764343262
4.25783634185791
4.031339168548584
3.850205898284912
3.637132167816162
3.4663009643554688
3.278122901916504
3.1415696144104004
2.98561692237854
2.661717653274536
2.5261833667755127
2.423346519470215
2.3444607257843018
2.2498245239257812
2.149595260620117
2.0385141372680664
1.973816156387329
1.9076660871505737
1.836010217666626
1.7611908912658691
1.668284296989441
1.6565208435058594
1.6242711544036865
1.500393271446228
1.4861841201782227
1.4198540449142456
1.3879570960998535
1.3275790214538574
1.2717092037200928
1.5236696004867554
1.4662554264068604
1.4414876699447632
1.3493030071258545
1.3118778467178345
1.2996132373809814
1.2588508129119873
1.2011929750442505
1.1911731958389282
1.151570439338684
1.6990876197814941
1.6047548055648804
1.5574278831481934
1.4758880138397217
1.4386399984359741
1.4052441120147705
1.3457266092300415
1.3327292203903198
1.276915431022644
1.2219698429107666
1.969703197479248
1.917161226272583
1.815277099609375
1.7409123182296753
1.6763490438461304
1.6171809434890747
1.6163349151611328
1.5212482213974
1.4760416746139526
1.4338548183441162
2.3385136127471924
2.195223331451416
2.1548876762390137
2.0768203735351562
2.001730442047119
1.9013183116912842
1.8525073528289795
1.7916747331619263
1.710791826248169
1.6760250329971313
2.633894920349121
2.6075801849365234
2.483128070831299
2.3653032779693604
2.259380578994751
2.1971216201782227
2.128821849822998
2.0153911113739014
1.9441614151000977
1.8628342151641846
2.2539265155792236
2.131875991821289
2.0313334465026855
1.98469877243042
1.9241710901260376
1.813297986984253
1.7640166282653809
1.737270712852478
1.6615880727767944
1.643613576889038
6.899595737457275
6.571090221405029
6.175546646118164
5.907679080963135
5.642268180847168
5.316547393798828
5.097815036773682
4.846442222595215
4.656457901000977
4.398769855499268
4.233222961425781
4.089515686035156
3.8908073902130127
3.7465734481811523
3.6351521015167236
3.519774913787842
3.4012134075164795
3.2720305919647217
3.1492435932159424
3.053856372833252
3.291290760040283
3.165996551513672
3.057809352874756
2.9963598251342773
2.8523271083831787
2.773545503616333
2.7073984146118164
2.6104180812835693
2.539963483810425
2.4800267219543457
2.955343246459961
2.8615031242370605
2.7440059185028076
2.6398768424987793
2.513603687286377
2.526057004928589
2.3578333854675293
2.3574914932250977
2.239640712738037
2.183823585510254
3.080690860748291
2.9565062522888184
2.8313121795654297
2.736971616744995
2.6904220581054688
2.5956339836120605
2.5362558364868164
2.416701078414917
2.32830810546875
2.28818416595459
3.157613754272461
3.067145824432373
2.9752347469329834
2.8676624298095703
2.7791850566864014
2.7019872665405273
2.68345308303833
2.568105459213257
2.445161819458008
2.4085922241210938
2.9905426502227783
2.864760637283325
2.8190054893493652
2.683027744293213
2.591336727142334
2.5293800830841064
2.4919095039367676
2.444329261779785
2.3562674522399902
2.223928928375244
3.313322067260742
3.1924188137054443
3.1022872924804688
2.9628958702087402
2.9263827800750732
2.780935764312744
2.749037742614746
2.635251045227051
2.5542895793914795
2.4881784915924072
2.3870761394500732
2.2949368953704834
2.216830253601074
2.1379947662353516
2.1490330696105957
2.0090622901916504
1.9920291900634766
1.9037177562713623
1.8496567010879517
1.7566256523132324
4.288744926452637
3.866490602493286
3.5394723415374756
3.1302125453948975
2.8466248512268066
2.612769603729248
2.4058425426483154
2.1576168537139893
2.0209619998931885
1.8854641914367676
1.7650624513626099
1.6832354068756104
1.5623927116394043
1.4914472103118896
1.4255577325820923
1.3796204328536987
1.3302669525146484
1.2680535316467285
1.1611231565475464
1.123579502105713
1.4125007390975952
1.3031710386276245
1.2575138807296753
1.2148464918136597
1.136244773864746
1.137112021446228
1.0567941665649414
1.0332978963851929
1.0158270597457886
0.9460434913635254
1.4276286363601685
1.3599004745483398
1.3419386148452759
1.2914124727249146
1.2325248718261719
1.2306008338928223
1.142360806465149
1.1071845293045044
1.1017906665802002
1.0454812049865723
1.7567172050476074
1.7010506391525269
1.6148368120193481
1.5598760843276978
1.51154363155365
1.4615025520324707
1.4029732942581177
1.3782455921173096
1.316819190979004
1.2986594438552856
2.201022148132324
2.0919790267944336
1.9674521684646606
1.9028222560882568
1.800931692123413
1.7607495784759521
1.6925405263900757
1.6703845262527466
1.5872387886047363
1.5555498600006104
2.6913278102874756
2.5541069507598877
2.431253433227539
2.3029136657714844
2.2401206493377686
2.182384490966797
2.1410510540008545
2.0539116859436035
1.968540906906128
1.9758508205413818
2.7322616577148438
2.6289899349212646
2.5124011039733887
2.3886454105377197
2.3032498359680176
2.2753255367279053
2.178098201751709
2.1432442665100098
2.0935564041137695
1.9757661819458008
2.9571399688720703
2.9173874855041504
2.70292329788208
2.675424575805664
2.570455551147461
2.550203323364258
2.4044625759124756
2.36510968208313
2.234609603881836
2.2198429107666016
5.432861804962158
5.151152610778809
4.899301528930664
4.658260822296143
4.405783653259277
4.188839435577393
3.9928812980651855
3.8600988388061523
3.6944990158081055
3.549227476119995
3.242295980453491
3.15691876411438
3.0463104248046875
2.8830976486206055
2.803144931793213
2.661226511001587
2.5771822929382324
2.5128071308135986
2.373046636581421
2.306671619415283
2.3149850368499756
2.2543253898620605
2.1673076152801514
2.079432487487793
2.039726972579956
1.9506425857543945
1.9342024326324463
1.8850961923599243
1.8224176168441772
1.8017654418945312
2.156012773513794
2.0541493892669678
2.0735907554626465
1.9520175457000732
1.952321171760559
1.8916089534759521
1.8468836545944214
1.8126935958862305
1.7496240139007568
1.7227319478988647
2.41853928565979
2.428159713745117
2.303760290145874
2.2873454093933105
2.150668144226074
2.108882188796997
1.994924545288086
1.9454094171524048
1.9456108808517456
1.83932626247406
2.939974546432495
2.8312153816223145
2.719266653060913
2.635862350463867
2.5354723930358887
2.4352846145629883
2.347407579421997
2.3320252895355225
2.316516637802124
2.1732399463653564
3.291511297225952
3.154317617416382
3.1087987422943115
3.079587459564209
2.9578373432159424
2.8649227619171143
2.775078296661377
2.7230937480926514
2.744746685028076
2.590834617614746
2.847132444381714
2.8732047080993652
2.7819113731384277
2.674910068511963
2.6733415126800537
2.531869888305664
2.6110010147094727
2.49113130569458
2.460420846939087
2.356968641281128
3.15755558013916
3.0694243907928467
2.987210512161255
2.946429967880249
2.8458669185638428
2.7766799926757812
2.691866159439087
2.6893365383148193
2.591916799545288
2.627307415008545
4.684492111206055
4.347804546356201
4.0198845863342285
3.746408700942993
3.4712088108062744
3.2373604774475098
3.0151209831237793
2.797759532928467
2.638606548309326
2.479482650756836
2.4750733375549316
2.357154607772827
2.2086575031280518
2.1198272705078125
1.97737717628479
1.8789629936218262
1.764195203781128
1.7045971155166626
1.5918217897415161
1.580241084098816
1.8000686168670654
1.714082956314087
1.620595097541809
1.5755704641342163
1.5022592544555664
1.4491087198257446
1.3929595947265625
1.3186230659484863
1.284989833831787
1.2285422086715698
1.9350988864898682
1.8679437637329102
1.788780927658081
1.7093594074249268
1.6462957859039307
1.5957438945770264
1.5239733457565308
1.4444984197616577
1.412381887435913
1.371834397315979
2.2916195392608643
2.1168270111083984
2.0216238498687744
1.936191439628601
1.7940287590026855
1.7224359512329102
1.6663464307785034
1.6086078882217407
1.4651988744735718
1.436832308769226
2.195013999938965
2.0904505252838135
1.9554587602615356
1.8506510257720947
1.8196572065353394
1.7254610061645508
1.682316541671753
1.6131330728530884
1.5217511653900146
1.4331631660461426
2.454124927520752
2.3789498805999756
2.2748494148254395
2.1405394077301025
2.1260955333709717
2.0342018604278564
1.9306694269180298
1.8655012845993042
1.8460017442703247
1.7274032831192017
2.8676445484161377
2.7259445190429688
2.7025797367095947
2.574824571609497
2.523529529571533
2.4128503799438477
2.3481829166412354
2.278062582015991
2.186815023422241
2.138880729675293
2.8838133811950684
2.8026466369628906
2.677762031555176
2.616556406021118
2.5947935581207275
2.5673515796661377
2.419651985168457
2.366405725479126
2.2637763023376465
2.1626358032226562
3.1182658672332764
2.741563320159912
2.4567580223083496
2.1482973098754883
1.9396764039993286
1.7333496809005737
1.592215657234192
1.4224295616149902
1.2784913778305054
1.210131287574768
1.5892974138259888
1.4422308206558228
1.3029762506484985
1.198612093925476
1.127055287361145
1.0644959211349487
0.9708327651023865
0.9083409905433655
0.8189870119094849
0.8485220074653625
1.4481236934661865
1.3448612689971924
1.2529382705688477
1.1823893785476685
1.134507179260254
1.0458921194076538
0.9510050415992737
0.9409432411193848
0.9278188347816467
0.8659966588020325
1.8575220108032227
1.7946012020111084
1.6342015266418457
1.5513960123062134
1.4430413246154785
1.3720279932022095
1.3201065063476562
1.2641313076019287
1.1935195922851562
1.1386115550994873
2.5669169425964355
2.386098861694336
2.307748317718506
2.1626522541046143
2.0235884189605713
2.014600992202759
1.8353432416915894
1.781548261642456
1.6822423934936523
1.7232162952423096
2.9586520195007324
2.7672665119171143
2.6903178691864014
2.616795539855957
2.4756526947021484
2.4989306926727295
2.386005401611328
2.2380058765411377
2.2599141597747803
2.2184360027313232
3.335486888885498
3.1857993602752686
3.1834988594055176
3.0103583335876465
2.9615180492401123
2.8385603427886963
2.728757858276367
2.7001214027404785
2.6511495113372803
2.6299614906311035
3.093179702758789
2.98480224609375
2.962712049484253
2.816011667251587
2.7676260471343994
2.803223133087158
2.598465919494629
2.6246895790100098
2.5591859817504883
2.4747262001037598
3.329040050506592
3.2946033477783203
3.1651315689086914
3.0727198123931885
3.045365810394287
2.9778504371643066
2.8831639289855957
2.863652467727661
2.761579751968384
2.7006397247314453
3.6369564533233643
3.30741286277771
2.942392587661743
2.661780595779419
2.3856329917907715
2.107971668243408
1.8926571607589722
1.6249899864196777
1.4865056276321411
1.3676074743270874
1.45518159866333
1.3443082571029663
1.2513058185577393
1.1043680906295776
1.1013495922088623
1.0353752374649048
0.9705765247344971
0.8911121487617493
0.8388253450393677
0.7888686656951904
1.2678097486495972
1.2084559202194214
1.164575219154358
1.0683780908584595
1.0236456394195557
1.0069148540496826
0.9255543351173401
0.9064850807189941
0.8838405013084412
0.8033480644226074
1.3869109153747559
1.3192535638809204
1.2102851867675781
1.1625182628631592
1.0884697437286377
1.021609902381897
1.0000123977661133
0.9347689151763916
0.875901460647583
0.8255574107170105
1.630729079246521
1.4842760562896729
1.3826534748077393
1.258510708808899
1.138925552368164
1.0637558698654175
1.0196900367736816
0.9380320906639099
0.9167154431343079
0.8072695136070251
1.8391635417938232
1.7073674201965332
1.6230792999267578
1.4736586809158325
1.4453285932540894
1.3027902841567993
1.251265287399292
1.1938637495040894
1.1478924751281738
1.1191920042037964
2.124206781387329
1.9863680601119995
1.9291558265686035
1.80608069896698
1.7312191724777222
1.638664722442627
1.5738590955734253
1.548332691192627
1.4834041595458984
1.4683970212936401
2.6780002117156982
2.526531219482422
2.460637331008911
2.3417322635650635
2.2093513011932373
2.1628172397613525
2.10227370262146
2.0669474601745605
1.9899483919143677
1.8902138471603394
2.891415596008301
2.841704845428467
2.6777050495147705
2.6017813682556152
2.4702987670898438
2.4440441131591797
2.3798203468322754
2.2339603900909424
2.206542730331421
2.117479085922241
4.830002784729004
4.4069318771362305
4.07269287109375
3.783597469329834
3.492142677307129
3.263306140899658
3.0395593643188477
2.8369147777557373
2.6949524879455566
2.4712746143341064
2.4876203536987305
2.348033905029297
2.208970308303833
2.0315937995910645
1.986921787261963
1.8303964138031006
1.7599070072174072
1.6417741775512695
1.6048142910003662
1.5037240982055664
2.0723319053649902
2.023082971572876
1.875439167022705
1.7542673349380493
1.7211130857467651
1.6108068227767944
1.5156605243682861
1.4845126867294312
1.3902192115783691
1.3345297574996948
2.278341770172119
2.1771602630615234
2.0518529415130615
1.953434944152832
1.90292227268219
1.8587543964385986
1.7082622051239014
1.6921285390853882
1.5853389501571655
1.5332343578338623
2.7880141735076904
2.7342212200164795
2.603689193725586
2.5147180557250977
2.426054000854492
2.2937679290771484
2.2545313835144043
2.171125650405884
2.1072404384613037
2.0030298233032227
2.5402169227600098
2.4509963989257812
2.348659038543701
2.244952440261841
2.1283841133117676
2.0691099166870117
1.9525662660598755
1.8807413578033447
1.7717363834381104
1.8059362173080444
2.7561848163604736
2.6567509174346924
2.5493643283843994
2.5244507789611816
2.368776798248291
2.2315948009490967
2.187321662902832
2.181455135345459
1.9965375661849976
1.9494644403457642
2.6083812713623047
2.5680766105651855
2.408928394317627
2.2756240367889404
2.214473009109497
2.101539134979248
2.0153892040252686
1.9431288242340088
1.853477954864502
1.7400100231170654
2.8198225498199463
2.7279653549194336
2.6972873210906982
2.5999414920806885
2.5197575092315674
2.446214437484741
2.2963643074035645
2.205761194229126
2.1989521980285645
2.154822826385498
2.763798952102661
2.4640309810638428
2.1872448921203613
1.9212523698806763
1.7214680910110474
1.6183061599731445
1.3946099281311035
1.291852355003357
1.2215746641159058
1.077074646949768
1.4470007419586182
1.335173487663269
1.228454351425171
1.152946949005127
1.087208867073059
1.0277529954910278
0.9490600824356079
0.8953579664230347
0.8495604991912842
0.7704837918281555
1.2299418449401855
1.1761577129364014
1.0495414733886719
1.0431827306747437
0.9363057017326355
0.9729945659637451
0.8798479437828064
0.8410935401916504
0.807487964630127
0.7724280953407288
1.2767126560211182
1.2272573709487915
1.1538636684417725
1.1178981065750122
1.0299265384674072
1.0051778554916382
0.9719180464744568
0.960705578327179
0.9084076881408691
0.8789511919021606
1.364549160003662
1.3176144361495972
1.2691856622695923
1.2088710069656372
1.1610026359558105
1.132822036743164
1.085066556930542
1.0425945520401
1.0269420146942139
0.9856274724006653
1.6457338333129883
1.5303516387939453
1.5100570917129517
1.4250307083129883
1.4060053825378418
1.3576613664627075
1.2743759155273438
1.2802705764770508
1.2280226945877075
1.1786699295043945
1.9764262437820435
1.8863393068313599
1.8367774486541748
1.7137128114700317
1.6439238786697388
1.6288509368896484
1.570559024810791
1.5352545976638794
1.4958391189575195
1.4386937618255615
2.4939205646514893
2.3856112957000732
2.257866382598877
2.2338593006134033
2.1297972202301025
2.130692481994629
1.9830012321472168
1.902998924255371
1.8475161790847778
1.7853481769561768
2.8626585006713867
2.7910046577453613
2.5883400440216064
2.5559446811676025
2.421771287918091
2.3515117168426514
2.2778947353363037
2.238725423812866
2.175004005432129
2.0574700832366943
3.2075867652893066
2.8203001022338867
2.536036491394043
2.287599563598633
2.0738308429718018
1.8659090995788574
1.6917436122894287
1.5262168645858765
1.3979606628417969
1.2641794681549072
1.4196583032608032
1.2944899797439575
1.2077263593673706
1.1300292015075684
1.018465518951416
0.9473631978034973
0.913337767124176
0.8317428827285767
0.7930346727371216
0.7419466376304626
1.285386085510254
1.2140625715255737
1.1226571798324585
1.0582000017166138
0.9826516509056091
0.9369563460350037
0.9079241752624512
0.8183123469352722
0.8013709187507629
0.7486851215362549
1.668660283088684
1.5642304420471191
1.4521783590316772
1.3915859460830688
1.2819459438323975
1.1787500381469727
1.1267449855804443
1.0593364238739014
0.9724901914596558
0.9722117781639099
2.104443311691284
1.8714818954467773
1.762062430381775
1.655195951461792
1.5448107719421387
1.4765647649765015
1.3825464248657227
1.305842638015747
1.2617089748382568
1.204306721687317
2.6265904903411865
2.48889422416687
2.3367528915405273
2.1985151767730713
2.1816306114196777
2.023599147796631
1.9294871091842651
1.8572829961776733
1.7584556341171265
1.7274357080459595
2.626539945602417
2.5237812995910645
2.4869067668914795
2.3485491275787354
2.2498271465301514
2.164494514465332
2.090715169906616
2.022989511489868
1.931526780128479
1.96351158618927
2.7753422260284424
2.6040256023406982
2.5876028537750244
2.4716007709503174
2.378657579421997
2.301487445831299
2.189998149871826
2.1114213466644287
2.05759859085083
1.975214958190918
2.862149953842163
2.779062032699585
2.635341167449951
2.608135938644409
2.5197179317474365
2.458631992340088
2.418584108352661
2.2723357677459717
2.2290310859680176
2.1331708431243896
4.631663799285889
4.327920913696289
4.078031063079834
3.8399531841278076
3.6232261657714844
3.431933641433716
3.2377328872680664
3.086742877960205
2.9423205852508545
2.8128695487976074
2.898289680480957
2.80629563331604
2.6867995262145996
2.5956194400787354
2.4686946868896484
2.3890790939331055
2.3454325199127197
2.240013360977173
2.1158688068389893
2.071859836578369
2.3690295219421387
2.284411668777466
2.178929090499878
2.1125752925872803
1.9963237047195435
1.8951736688613892
1.8085381984710693
1.724452018737793
1.667041301727295
1.562882423400879
2.4137613773345947
2.238123893737793
2.1006555557250977
1.9804677963256836
1.906778335571289
1.7834481000900269
1.7173489332199097
1.6877061128616333
1.613741159439087
1.5883958339691162
2.6022439002990723
2.537782669067383
2.448176383972168
2.295963764190674
2.2021517753601074
2.135026693344116
2.1091842651367188
1.9927879571914673
1.9169082641601562
1.8255300521850586
3.1374332904815674
3.001417398452759
2.869154691696167
2.7325756549835205
2.6688995361328125
2.531036376953125
2.5051872730255127
2.367300271987915
2.2927610874176025
2.1798830032348633
2.7535274028778076
2.6657705307006836
2.624068021774292
2.440748453140259
2.3370604515075684
2.2849478721618652
2.212495803833008
2.057849168777466
2.0981392860412598
1.9350990056991577
2.9461982250213623
2.747615337371826
2.6431639194488525
2.541734218597412
2.475371837615967
2.3173820972442627
2.2177038192749023
2.1426424980163574
2.0958023071289062
2.0138015747070312
3.1758625507354736
3.0565779209136963
2.9417834281921387
2.899697780609131
2.7484726905822754
2.6897048950195312
2.6272103786468506
2.4719436168670654
2.4572107791900635
2.3551604747772217
2.971320867538452
2.738375186920166
2.51365065574646
2.2663817405700684
2.1736040115356445
1.9389883279800415
1.8028229475021362
1.682138204574585
1.5131721496582031
1.4046635627746582
1.473093032836914
1.3244297504425049
1.2451684474945068
1.1590020656585693
1.1139421463012695
1.0286717414855957
0.9711792469024658
0.889908492565155
0.8671432137489319
0.7899024486541748
1.085358738899231
1.056319236755371
0.9715811014175415
0.9534475207328796
0.912864089012146
0.8503156900405884
0.8522608280181885
0.7978912591934204
0.7857686877250671
0.7314313054084778
1.1027995347976685
1.0855846405029297
1.0307048559188843
0.9682084918022156
0.9306015968322754
0.9151961207389832
0.8951290249824524
0.850443422794342
0.7921839952468872
0.7769779562950134
1.2932591438293457
1.214335322380066
1.1637519598007202
1.1245437860488892
1.1017787456512451
1.067176342010498
1.0042213201522827
0.9894651770591736
0.9474859237670898
0.9157807230949402
1.5034849643707275
1.4456044435501099
1.374337911605835
1.3095312118530273
1.2745509147644043
1.2059910297393799
1.1524027585983276
1.170395851135254
1.0986056327819824
1.040277361869812
1.9349955320358276
1.7566179037094116
1.6677368879318237
1.6367943286895752
1.5294729471206665
1.4977257251739502
1.462200403213501
1.3480870723724365
1.3443574905395508
1.3626446723937988
2.3688035011291504
2.17415189743042
2.045299530029297
2.0279009342193604
1.9816765785217285
1.8198864459991455
1.7925379276275635
1.7442169189453125
1.6918904781341553
1.6195851564407349
2.5743448734283447
2.458888530731201
2.3275279998779297
2.246351957321167
2.1961469650268555
2.140904664993286
2.037446975708008
1.9930236339569092
1.8573938608169556
1.8393725156784058
0.6893765330314636
0.5957481265068054
0.5396884679794312
0.506404459476471
0.4668063223361969
0.42867472767829895
0.3897877633571625
0.3717869222164154
0.3387720286846161
0.332621693611145
0.8294702172279358
0.7567600011825562
0.669708251953125
0.6355051398277283
0.5742747187614441
0.553700864315033
0.5104395747184753
0.47103795409202576
0.44556379318237305
0.42841482162475586
1.1113165616989136
0.9995889663696289
0.941210150718689
0.8538756966590881
0.8074737787246704
0.7397371530532837
0.712787926197052
0.6667584180831909
0.6092923879623413
0.5802767276763916
1.5380449295043945
1.3645731210708618
1.2529315948486328
1.1352359056472778
1.0267866849899292
0.9285218119621277
0.8705376386642456
0.80219966173172
0.7812406420707703
0.7191362380981445
1.9155912399291992
1.6672084331512451
1.5214508771896362
1.3761056661605835
1.2447359561920166
1.1782158613204956
1.0823663473129272
1.044237494468689
0.9381152987480164
0.8782108426094055
2.0450456142425537
1.8766241073608398
1.7741600275039673
1.6820287704467773
1.5958551168441772
1.5387195348739624
1.446548342704773
1.3816827535629272
1.3757359981536865
1.3347713947296143
2.676889657974243
2.4804632663726807
2.339275598526001
2.3070068359375
2.1574459075927734
2.1669838428497314
1.99489164352417
2.0175564289093018
1.8837010860443115
1.881524920463562
2.032986879348755
2.042015314102173
1.9672578573226929
1.8977829217910767
1.8446547985076904
1.7686361074447632
1.709026575088501
1.6965559720993042
1.6414470672607422
1.5663989782333374
2.905440092086792
2.874116897583008
2.8121869564056396
2.7025156021118164
2.584625720977783
2.5392327308654785
2.46175479888916
2.399779796600342
2.3176827430725098
2.2431540489196777
2.8580915927886963
2.638718366622925
2.450808525085449
2.240535259246826
2.0464978218078613
1.8241496086120605
1.6669822931289673
1.5375685691833496
1.3940030336380005
1.3025085926055908
1.6080392599105835
1.4859107732772827
1.406238317489624
1.2624471187591553
1.1834467649459839
1.079967737197876
1.0258135795593262
0.9767777919769287
0.8850699663162231
0.8342262506484985
1.5258017778396606
1.3963172435760498
1.3525118827819824
1.1987704038619995
1.1454330682754517
1.0753095149993896
0.9988943934440613
0.9372704029083252
0.8908385038375854
0.8193745613098145
1.9995144605636597
1.7951438426971436
1.6476171016693115
1.5307408571243286
1.4752109050750732
1.3215774297714233
1.2198501825332642
1.1857792139053345
1.0912957191467285
1.0641684532165527
2.4679698944091797
2.3015620708465576
2.139540672302246
1.9834710359573364
1.8583067655563354
1.7373710870742798
1.5771565437316895
1.5113179683685303
1.4244567155838013
1.3267543315887451
2.828110694885254
2.642291307449341
2.5098705291748047
2.3813657760620117
2.36197566986084
2.1937332153320312
2.0949339866638184
2.036142587661743
1.9699727296829224
1.8910293579101562
2.685171365737915
2.6078717708587646
2.536003828048706
2.498647451400757
2.3652968406677246
2.3105132579803467
2.1660711765289307
2.1400787830352783
2.078397035598755
2.038408041000366
3.147737741470337
3.0509445667266846
2.906231164932251
2.886630058288574
2.797508716583252
2.6669585704803467
2.6068902015686035
2.5770368576049805
2.469224452972412
2.4018757343292236
2.8238744735717773
2.668532371520996
2.577791452407837
2.5703206062316895
2.4547252655029297
2.3992128372192383
2.4323034286499023
2.266167163848877
2.188093662261963
2.0797274112701416
4.845715045928955
4.568604946136475
4.325329303741455
4.097174167633057
3.894684314727783
3.680408000946045
3.587557315826416
3.4431099891662598
3.312406063079834
3.1192808151245117
3.2098429203033447
3.0713999271392822
2.965331554412842
2.8780317306518555
2.798461437225342
2.7298743724823
2.6485300064086914
2.5379061698913574
2.450481653213501
2.3965139389038086
2.6102499961853027
2.5883102416992188
2.4308769702911377
2.4299509525299072
2.315073251724243
2.2957308292388916
2.172889232635498
2.0882463455200195
2.07148814201355
2.0589938163757324
2.819700241088867
2.7149713039398193
2.584160327911377
2.5746498107910156
2.459920644760132
2.339097023010254
2.286337375640869
2.22641921043396
2.13185453414917
2.1020827293395996
2.9756104946136475
2.83807635307312
2.758057117462158
2.6982357501983643
2.5736007690429688
2.5071921348571777
2.367898464202881
2.3087124824523926
2.2271742820739746
2.1313235759735107
2.7046847343444824
2.578965663909912
2.522265672683716
2.438754081726074
2.41149640083313
2.27559232711792
2.225480556488037
2.1474461555480957
2.0924229621887207
2.006077527999878
2.8516855239868164
2.7421863079071045
2.726377487182617
2.5922088623046875
2.5503344535827637
2.4326419830322266
2.4294371604919434
2.3597285747528076
2.4512386322021484
2.2236416339874268
2.903923988342285
2.8548948764801025
2.8457372188568115
2.765960216522217
2.717207431793213
2.6132664680480957
2.5553598403930664
2.522120237350464
2.4592084884643555
2.431328535079956
2.9385318756103516
2.906747579574585
2.870800256729126
2.818446636199951
2.779202938079834
2.811170816421509
2.6918208599090576
2.6474969387054443
2.6222939491271973
2.6060118675231934
3.814265012741089
3.4345812797546387
3.1996009349823
2.9068682193756104
2.6245462894439697
2.419673204421997
2.222931146621704
2.0224432945251465
1.8200429677963257
1.7481334209442139
1.8334935903549194
1.6773509979248047
1.6271226406097412
1.500056266784668
1.413017749786377
1.3437743186950684
1.2544887065887451
1.2216707468032837
1.1147311925888062
1.080771803855896
1.3839696645736694
1.3510950803756714
1.2757878303527832
1.1993529796600342
1.1550893783569336
1.1216719150543213
1.0754972696304321
1.0544975996017456
0.9984279274940491
0.9749560952186584
1.368518352508545
1.3362481594085693
1.288096308708191
1.2320517301559448
1.1891429424285889
1.1767023801803589
1.0737659931182861
1.0681827068328857
1.0107460021972656
0.9910222887992859
1.4899338483810425
1.4245665073394775
1.363086223602295
1.322120189666748
1.3299962282180786
1.2794914245605469
1.2060391902923584
1.1792341470718384
1.1697919368743896
1.091835856437683
1.9217875003814697
1.852325201034546
1.807752251625061
1.7604527473449707
1.7162165641784668
1.6397316455841064
1.5588417053222656
1.5280635356903076
1.4892261028289795
1.470043420791626
2.5959086418151855
2.505302906036377
2.4057111740112305
2.3215596675872803
2.248161554336548
2.181344747543335
2.115736246109009
2.0687007904052734
1.9638457298278809
1.93784499168396
2.9746909141540527
2.8695032596588135
2.7054734230041504
2.6587440967559814
2.600872755050659
2.5002527236938477
2.477978229522705
2.303067445755005
2.3166415691375732
2.2289440631866455
2.963892936706543
2.8949756622314453
2.7997729778289795
2.721282720565796
2.6381454467773438
2.5001447200775146
2.476731300354004
2.399458408355713
2.378980875015259
2.2958784103393555
4.9854230880737305
4.60223388671875
4.260204315185547
3.9164161682128906
3.6206982135772705
3.308579444885254
3.028552532196045
2.798039674758911
2.6262097358703613
2.3533406257629395
2.164325475692749
2.011019468307495
1.870822548866272
1.7590434551239014
1.6338297128677368
1.5449126958847046
1.433380365371704
1.3395085334777832
1.3085682392120361
1.1780999898910522
1.3901305198669434
1.319865107536316
1.2451519966125488
1.2243242263793945
1.100219488143921
1.0509045124053955
0.9815008640289307
0.9359377026557922
0.9123167991638184
0.8791900873184204
1.2301181554794312
1.1913737058639526
1.1606155633926392
1.045207142829895
0.999888002872467
0.9396747350692749
0.9226154685020447
0.8398853540420532
0.8195002675056458
0.7550143599510193
1.2518748044967651
1.1584949493408203
1.1254189014434814
1.0537388324737549
0.9951182007789612
0.9517695903778076
0.929499626159668
0.9061166644096375
0.856715977191925
0.8307466506958008
1.57235586643219
1.45436429977417
1.374046802520752
1.320752739906311
1.2481985092163086
1.204276204109192
1.2051483392715454
1.14259672164917
1.0745667219161987
1.0336804389953613
2.0832290649414062
1.9507718086242676
1.9158753156661987
1.8054189682006836
1.7225474119186401
1.6365973949432373
1.5740816593170166
1.5387250185012817
1.4745651483535767
1.448561668395996
2.6144003868103027
2.4419333934783936
2.33036732673645
2.2487001419067383
2.1542599201202393
2.089113473892212
2.023533821105957
1.9324994087219238
1.8598517179489136
1.8091390132904053
2.8890368938446045
2.722033739089966
2.658351182937622
2.6241912841796875
2.567378282546997
2.428051710128784
2.354057550430298
2.340211868286133
2.3162922859191895
2.2446186542510986
3.2799980640411377
2.8617568016052246
2.4832448959350586
2.211968183517456
2.0103020668029785
1.7774109840393066
1.6176921129226685
1.475947380065918
1.34929358959198
1.2390036582946777
1.6939613819122314
1.5278937816619873
1.409606695175171
1.2899229526519775
1.2235503196716309
1.1517409086227417
1.0105035305023193
0.9495653510093689
0.8883642554283142
0.8176472187042236
1.8679596185684204
1.6743268966674805
1.500314474105835
1.3624560832977295
1.3040363788604736
1.2276458740234375
1.0905282497406006
1.0275987386703491
0.9365758895874023
0.8773372173309326
2.2676987648010254
2.132856607437134
1.898842215538025
1.7744654417037964
1.6643651723861694
1.6032792329788208
1.506021499633789
1.3996517658233643
1.3252894878387451
1.2641968727111816
2.637129783630371
2.4977707862854004
2.3979969024658203
2.258556365966797
2.1318607330322266
1.999895453453064
1.9548226594924927
1.8706557750701904
1.7663861513137817
1.7294228076934814
2.78596830368042
2.6599812507629395
2.630375862121582
2.5237209796905518
2.4208626747131348
2.347242832183838
2.2204654216766357
2.194754123687744
2.0916194915771484
2.034358501434326
3.1733226776123047
2.99507212638855
2.8935158252716064
2.886103391647339
2.7850699424743652
2.6954896450042725
2.6577308177948
2.5415711402893066
2.4535465240478516
2.412628650665283
2.7438526153564453
2.579409599304199
2.5419468879699707
2.426377534866333
2.392826795578003
2.3507940769195557
2.2666893005371094
2.2674496173858643
2.146425485610962
2.1145987510681152
3.108177423477173
3.0273709297180176
2.9704627990722656
2.96359920501709
2.779099225997925
2.7542991638183594
2.7127742767333984
2.5897979736328125
2.5619752407073975
2.541869640350342
5.951877593994141
5.48348331451416
5.077064514160156
4.78384256362915
4.5151686668396
4.264859199523926
4.0825934410095215
3.8627169132232666
3.6727540493011475
3.482635259628296
3.1044092178344727
2.9561350345611572
2.8228235244750977
2.6765859127044678
2.5778863430023193
2.4672279357910156
2.347900152206421
2.247713327407837
2.1825597286224365
2.099294424057007
2.132735013961792
2.0936765670776367
2.0045299530029297
1.921616792678833
1.8600188493728638
1.7873198986053467
1.753930926322937
1.6780792474746704
1.6323168277740479
1.5944424867630005
2.0782368183135986
1.9791069030761719
1.8903669118881226
1.814575433731079
1.7375640869140625
1.7052102088928223
1.627013921737671
1.530358076095581
1.4868004322052002
1.4374017715454102
2.3043549060821533
2.1619904041290283
2.102111577987671
1.9581537246704102
1.8719127178192139
1.7645084857940674
1.7046024799346924
1.645263433456421
1.5954591035842896
1.5960924625396729
2.7464599609375
2.62127947807312
2.5075151920318604
2.406381130218506
2.3259596824645996
2.25864315032959
2.2002861499786377
2.131556510925293
2.0890235900878906
1.9899003505706787
3.354889392852783
3.197077512741089
3.1100571155548096
3.041557550430298
2.9158387184143066
2.763362407684326
2.607461929321289
2.5199286937713623
2.424992799758911
2.294806957244873
3.20196795463562
3.1106224060058594
2.9534671306610107
2.8119544982910156
2.749608278274536
2.5640206336975098
2.547433614730835
2.4710657596588135
2.3576574325561523
2.3043153285980225
3.252180814743042
3.1626856327056885
3.081787347793579
2.984468698501587
2.8112964630126953
2.805302858352661
2.7150537967681885
2.569361925125122
2.5098302364349365
2.5379562377929688
4.565716743469238
4.187606334686279
3.844229221343994
3.55837082862854
3.2891321182250977
3.022890567779541
2.8047409057617188
2.6364283561706543
2.444171667098999
2.2708635330200195
2.198711395263672
2.0306501388549805
1.9534612894058228
1.8642635345458984
1.7747209072113037
1.7071372270584106
1.5995640754699707
1.5215660333633423
1.46784508228302
1.4134336709976196
1.712844729423523
1.6450155973434448
1.5650757551193237
1.4713096618652344
1.4637302160263062
1.3834176063537598
1.3307209014892578
1.2631324529647827
1.2269880771636963
1.169014811515808
1.8707454204559326
1.7306427955627441
1.6554877758026123
1.589146614074707
1.5227298736572266
1.4788868427276611
1.3917816877365112
1.3281044960021973
1.332669734954834
1.2112326622009277
2.2434701919555664
2.098172903060913
1.9944957494735718
1.917877197265625
1.8046882152557373
1.7160850763320923
1.6508570909500122
1.621566653251648
1.5426708459854126
1.4254783391952515
2.6655290126800537
2.5006442070007324
2.371429443359375
2.3063652515411377
2.2225873470306396
2.09989070892334
2.0169408321380615
1.871276617050171
1.8825451135635376
1.752974033355713
2.6944358348846436
2.5097784996032715
2.496924877166748
2.3590500354766846
2.2898569107055664
2.165064573287964
2.0631418228149414
2.116947889328003
1.946080207824707
1.9316658973693848
2.910722494125366
2.746131658554077
2.6605467796325684
2.562366247177124
2.5029101371765137
2.3922007083892822
2.3218202590942383
2.262641429901123
2.2255640029907227
2.1337151527404785
2.8570704460144043
2.755702495574951
2.642291307449341
2.5578787326812744
2.5587003231048584
2.3889658451080322
2.4227960109710693
2.276012897491455
2.226222038269043
2.2079200744628906
5.091424465179443
4.740930080413818
4.518259525299072
4.266721248626709
4.027146816253662
3.8399758338928223
3.6725473403930664
3.515187978744507
3.361419916152954
3.212099075317383
2.964946985244751
2.8605449199676514
2.761345386505127
2.656165361404419
2.554823160171509
2.467857599258423
2.404744863510132
2.3066978454589844
2.2428219318389893
2.168867349624634
2.3480312824249268
2.26546049118042
2.1977274417877197
2.1291420459747314
2.0773513317108154
1.996460199356079
1.9651976823806763
1.9284497499465942
1.889291524887085
1.8140674829483032
2.2659189701080322
2.1568548679351807
2.0443966388702393
2.012709379196167
1.901731252670288
1.845935583114624
1.8028137683868408
1.75276780128479
1.6977362632751465
1.6583263874053955
2.3246705532073975
2.253995656967163
2.094585418701172
2.0849766731262207
1.9177818298339844
1.8563216924667358
1.7990691661834717
1.793393611907959
1.7366434335708618
1.6381287574768066
2.644493341445923
2.448629140853882
2.3716225624084473
2.2577157020568848
2.22182035446167
2.1680495738983154
2.0143818855285645
1.9718729257583618
1.9041422605514526
1.892633080482483
2.422057867050171
2.4136383533477783
2.279594898223877
2.1883385181427
2.1342127323150635
2.0133745670318604
2.040935516357422
1.912240982055664
1.8883720636367798
1.7830538749694824
2.911468505859375
2.859337329864502
2.7354750633239746
2.6179025173187256
2.5790183544158936
2.498361110687256
2.3759868144989014
2.382204532623291
2.258518934249878
2.2705183029174805
2.592162609100342
2.5154590606689453
2.497859239578247
2.397862672805786
2.370357036590576
2.2943918704986572
2.2121760845184326
2.1456520557403564
2.087608575820923
2.07831072807312
6.047905445098877
5.554695129394531
5.168712615966797
4.819505214691162
4.578583717346191
4.336859703063965
4.13937520980835
3.9776928424835205
3.8078842163085938
3.6413097381591797
3.634821891784668
3.507000207901001
3.2941489219665527
3.2160942554473877
3.172663927078247
3.052194833755493
2.9824390411376953
2.826226234436035
2.7189745903015137
2.651578187942505
2.9147074222564697
2.789010524749756
2.7175662517547607
2.5971837043762207
2.5197014808654785
2.4203779697418213
2.305929183959961
2.2963931560516357
2.2565789222717285
2.165700674057007
2.9376351833343506
2.7312185764312744
2.694087266921997
2.5917317867279053
2.5088517665863037
2.415919780731201
2.3021764755249023
2.2549784183502197
2.2105507850646973
2.1210312843322754
2.879580497741699
2.706461191177368
2.636115789413452
2.513127326965332
2.401066303253174
2.3007194995880127
2.2300522327423096
2.1478142738342285
2.1466479301452637
2.0676307678222656
3.111114740371704
3.007236957550049
2.8267464637756348
2.7491750717163086
2.681633234024048
2.5553078651428223
2.4225010871887207
2.4286043643951416
2.3094775676727295
2.244333267211914
3.023280143737793
2.9103970527648926
2.7920658588409424
2.6851727962493896
2.61187744140625
2.4643073081970215
2.420062303543091
2.378574848175049
2.2586069107055664
2.1816530227661133
3.010173797607422
2.8864216804504395
2.7816641330718994
2.7254905700683594
2.653109550476074
2.631514310836792
2.5694103240966797
2.4450597763061523
2.4598193168640137
2.4078903198242188
3.1441092491149902
3.0855069160461426
2.9974114894866943
2.9545247554779053
2.872004270553589
2.766204595565796
2.704028606414795
2.743335008621216
2.592853546142578
2.572498321533203
5.420812606811523
5.125474452972412
4.7903242111206055
4.561988830566406
4.319882392883301
4.089759826660156
3.835533618927002
3.718122720718384
3.5606565475463867
3.385932445526123
3.713549852371216
3.5140843391418457
3.3796021938323975
3.2096266746520996
3.091665029525757
2.9955267906188965
2.8543012142181396
2.756988763809204
2.6648459434509277
2.539811611175537
3.1939101219177246
3.0008127689361572
2.8581414222717285
2.7241735458374023
2.6214256286621094
2.503831386566162
2.412203550338745
2.285897731781006
2.164954423904419
2.161907911300659
3.0572285652160645
2.8948657512664795
2.773951768875122
2.6673312187194824
2.5373761653900146
2.384056806564331
2.301002025604248
2.2477309703826904
2.1671760082244873
2.0485901832580566
2.9493448734283447
2.8309133052825928
2.721796989440918
2.653374671936035
2.604882001876831
2.4512202739715576
2.4629602432250977
2.330134153366089
2.2911386489868164
2.1976370811462402
2.844114303588867
2.7023398876190186
2.6402151584625244
2.6101791858673096
2.534140110015869
2.444026470184326
2.428067922592163
2.3165905475616455
2.251873731613159
2.1886544227600098
3.070378065109253
2.990793228149414
2.898193597793579
2.8143999576568604
2.732171058654785
2.612630844116211
2.556276798248291
2.5093555450439453
2.4060935974121094
2.297231674194336
2.9552500247955322
2.8430426120758057
2.7542831897735596
2.6677823066711426
2.535762310028076
2.4215219020843506
2.3610496520996094
2.298464298248291
2.236233711242676
2.158153772354126
2.789212942123413
2.703498601913452
2.6140244007110596
2.5439510345458984
2.4551937580108643
2.420125722885132
2.3740310668945312
2.3580994606018066
2.2820701599121094
2.218270778656006
5.859367370605469
5.473757743835449
5.089406967163086
4.761585235595703
4.492715835571289
4.237123012542725
4.003142833709717
3.82537579536438
3.6026771068573
3.4631927013397217
3.1447556018829346
3.034518241882324
2.8560686111450195
2.7406046390533447
2.6145315170288086
2.521223306655884
2.397498369216919
2.334700584411621
2.2351882457733154
2.105959415435791
2.2797629833221436
2.1824824810028076
2.1464099884033203
2.0667901039123535
1.9405467510223389
1.9034240245819092
1.8453855514526367
1.7724722623825073
1.759323000907898
1.680891990661621
2.245431900024414
2.103496789932251
2.063708782196045
1.989210605621338
1.9299089908599854
1.859445333480835
1.8153929710388184
1.7553315162658691
1.6990619897842407
1.6848071813583374
2.470884323120117
2.3883907794952393
2.2718048095703125
2.3031551837921143
2.158780574798584
2.084566593170166
2.0617048740386963
1.949225902557373
1.9410754442214966
1.8524534702301025
2.7174198627471924
2.5986502170562744
2.484447479248047
2.4124693870544434
2.3394343852996826
2.2225680351257324
2.2033491134643555
2.0642411708831787
2.0380518436431885
1.9816646575927734
2.974052906036377
2.84525203704834
2.771570920944214
2.68351411819458
2.5320885181427
2.5508575439453125
2.4145641326904297
2.287963390350342
2.275327682495117
2.182220697402954
2.7156155109405518
2.62376070022583
2.4775803089141846
2.4495813846588135
2.377617835998535
2.2584733963012695
2.1668319702148438
2.1288883686065674
2.1009018421173096
2.0063083171844482
2.9084184169769287
2.826901435852051
2.7994534969329834
2.612337350845337
2.635347366333008
2.596999168395996
2.5373523235321045
2.4052135944366455
2.4752964973449707
2.3767731189727783
4.032597541809082
3.5562727451324463
3.1886210441589355
2.873903274536133
2.663313388824463
2.4800944328308105
2.2921853065490723
2.142245292663574
2.045382022857666
1.9012019634246826
1.8371484279632568
1.6947085857391357
1.6213606595993042
1.4876468181610107
1.4482566118240356
1.3406797647476196
1.288184642791748
1.222011923789978
1.1765353679656982
1.0906941890716553
1.4493517875671387
1.3867418766021729
1.291574239730835
1.2061026096343994
1.1581660509109497
1.0964226722717285
1.0700823068618774
1.058711051940918
0.9901127815246582
0.9738808274269104
1.4938572645187378
1.4504778385162354
1.3784841299057007
1.3501594066619873
1.284679651260376
1.2568163871765137
1.1907494068145752
1.1576601266860962
1.131123423576355
1.0973834991455078
1.9365328550338745
1.7718231678009033
1.7329860925674438
1.6604148149490356
1.6020896434783936
1.489486813545227
1.4861277341842651
1.4314908981323242
1.379747748374939
1.2826482057571411
2.450822114944458
2.2753095626831055
2.186298370361328
2.0735371112823486
2.0293679237365723
1.9168248176574707
1.8188450336456299
1.8265230655670166
1.7082946300506592
1.6143766641616821
2.9046852588653564
2.7698612213134766
2.6588644981384277
2.5356192588806152
2.3668596744537354
2.278468370437622
2.2045910358428955
2.0810799598693848
2.012972116470337
1.9811631441116333
2.4586455821990967
2.3897268772125244
2.2784764766693115
2.1653096675872803
2.123389720916748
2.0056958198547363
1.963439702987671
1.9285472631454468
1.8175969123840332
1.8101940155029297
2.61460542678833
2.4354052543640137
2.443298578262329
2.3803727626800537
2.268022298812866
2.2000372409820557
2.176496982574463
2.0818071365356445
2.028883695602417
1.9573981761932373
5.6681227684021
5.310032367706299
5.0431694984436035
4.831522464752197
4.58546257019043
4.321425437927246
4.121308326721191
3.8577077388763428
3.7064249515533447
3.4911906719207764
3.379006862640381
3.220609188079834
3.0895497798919678
2.9401824474334717
2.8221049308776855
2.7243540287017822
2.600928544998169
2.433405637741089
2.3334925174713135
2.221341848373413
2.450716018676758
2.2833425998687744
2.1944432258605957
2.0376436710357666
1.9871885776519775
1.8626453876495361
1.7727655172348022
1.6283141374588013
1.5816079378128052
1.5006355047225952
2.015476703643799
1.9118508100509644
1.843838095664978
1.6922308206558228
1.7066192626953125
1.5725699663162231
1.4981400966644287
1.4152151346206665
1.3920561075210571
1.3456906080245972
2.137167453765869
2.112215042114258
1.9832085371017456
1.8523013591766357
1.8130531311035156
1.7656978368759155
1.711352825164795
1.624346375465393
1.584710955619812
1.558280110359192
2.1591684818267822
2.0915558338165283
1.9463962316513062
1.9001713991165161
1.857476830482483
1.744255781173706
1.6874085664749146
1.5756663084030151
1.4601033926010132
1.5539286136627197
2.3776285648345947
2.198838233947754
2.112244129180908
1.9618215560913086
1.9143049716949463
1.849563479423523
1.7557674646377563
1.7236393690109253
1.6408640146255493
1.6130346059799194
2.630249261856079
2.5405166149139404
2.395021438598633
2.3784937858581543
2.2842588424682617
2.1980020999908447
2.2668654918670654
2.129401683807373
2.068918228149414
1.9936177730560303
2.6542327404022217
2.470829725265503
2.3310248851776123
2.3363029956817627
2.3029487133026123
2.2112491130828857
2.1818714141845703
2.059478521347046
2.0335888862609863
1.9727904796600342
5.741665363311768
5.171227931976318
4.665493965148926
4.2446136474609375
3.922468662261963
3.633394718170166
3.3929476737976074
3.220460891723633
3.0393619537353516
2.8507468700408936
2.769704818725586
2.6921451091766357
2.502885580062866
2.394047260284424
2.282393217086792
2.1849348545074463
2.059906005859375
2.0331709384918213
1.944589614868164
1.8550623655319214
2.2129034996032715
2.11028790473938
2.0064847469329834
1.9166197776794434
1.8314952850341797
1.817309021949768
1.7464888095855713
1.6586177349090576
1.5942515134811401
1.5274988412857056
2.1871137619018555
2.088286876678467
2.002023220062256
1.9624332189559937
1.8628774881362915
1.7578964233398438
1.7265424728393555
1.6133911609649658
1.6062382459640503
1.5198558568954468
2.7658512592315674
2.602689743041992
2.4764087200164795
2.3554980754852295
2.2963297367095947
2.1394424438476562
2.1289000511169434
1.968267560005188
1.9250571727752686
1.900324821472168
3.1104185581207275
3.0065577030181885
2.8280181884765625
2.7816340923309326
2.651243209838867
2.5564966201782227
2.4634642601013184
2.2995991706848145
2.353863000869751
2.2367827892303467
2.866265296936035
2.824252128601074
2.7175912857055664
2.6531896591186523
2.4709362983703613
2.3690667152404785
2.3305747509002686
2.2619590759277344
2.2054996490478516
2.1140077114105225
3.110921859741211
3.0211331844329834
3.0113821029663086
2.907456159591675
2.8518929481506348
2.70027756690979
2.6215898990631104
2.510871410369873
2.4260752201080322
2.362018585205078
2.7582919597625732
2.577859401702881
2.522352457046509
2.4783949851989746
2.4078500270843506
2.3665902614593506
2.2846298217773438
2.189368486404419
2.133145570755005
2.091864585876465
6.50532341003418
6.162654399871826
5.804626941680908
5.457883834838867
5.176051616668701
4.901766777038574
4.598862648010254
4.361443042755127
4.139739990234375
3.949064254760742
3.8038814067840576
3.5703797340393066
3.4244682788848877
3.336458444595337
3.0670149326324463
2.9810495376586914
2.895634174346924
2.7318782806396484
2.6198480129241943
2.551309823989868
2.9723093509674072
2.718402147293091
2.6191065311431885
2.527804136276245
2.3649303913116455
2.261040687561035
2.1950607299804688
2.108243703842163
2.1062564849853516
1.9932355880737305
3.077385902404785
2.897783041000366
2.723816156387329
2.5871167182922363
2.5002851486206055
2.356250047683716
2.3131978511810303
2.1906797885894775
2.1497862339019775
2.0870771408081055
3.350749969482422
3.1547770500183105
2.983102560043335
2.9110653400421143
2.8401687145233154
2.7855732440948486
2.65408992767334
2.590538740158081
2.5375590324401855
2.5077154636383057
3.2151129245758057
3.1757466793060303
3.029313564300537
2.9342377185821533
2.8592545986175537
2.8489174842834473
2.708392381668091
2.7235095500946045
2.559676170349121
2.57942271232605
2.9098711013793945
2.8348309993743896
2.7899584770202637
2.753247022628784
2.6854090690612793
2.6017584800720215
2.528691291809082
2.5354185104370117
2.4535508155822754
2.5186967849731445
2.9630746841430664
2.9240009784698486
2.816948175430298
2.684053421020508
2.6522648334503174
2.6207985877990723
2.534057140350342
2.416919231414795
2.391810417175293
2.2719459533691406
3.19645357131958
3.0690805912017822
3.070180892944336
2.9149255752563477
2.779620885848999
2.736243963241577
2.655966281890869
2.6128809452056885
2.4999332427978516
2.448477029800415
4.485400676727295
4.108686447143555
3.642707586288452
3.3091959953308105
3.0711147785186768
2.810743570327759
2.634493827819824
2.451878786087036
2.263836622238159
2.1406660079956055
2.0698513984680176
1.921728253364563
1.8167113065719604
1.7118088006973267
1.6446325778961182
1.5421265363693237
1.4514200687408447
1.3659206628799438
1.2865617275238037
1.2337703704833984
1.4724305868148804
1.4032974243164062
1.3425819873809814
1.2986522912979126
1.2242921590805054
1.2067861557006836
1.1928435564041138
1.1303110122680664
1.066580057144165
1.0625656843185425
1.7316944599151611
1.6405898332595825
1.6092697381973267
1.566575050354004
1.4433317184448242
1.4566041231155396
1.3596036434173584
1.347661018371582
1.3402434587478638
1.3667731285095215
2.1096854209899902
2.0085911750793457
1.9279662370681763
1.839637279510498
1.7406949996948242
1.775351643562317
1.6390396356582642
1.6321640014648438
1.5776996612548828
1.5813754796981812
2.690624237060547
2.5412633419036865
2.4697673320770264
2.3695685863494873
2.3348748683929443
2.246570348739624
2.1701982021331787
2.1637208461761475
2.123202085494995
2.123910427093506
3.122502326965332
3.068680763244629
2.993764638900757
2.832002639770508
2.7647228240966797
2.671391010284424
2.6833815574645996
2.5610740184783936
2.535170555114746
2.45317006111145
3.0462801456451416
3.0143520832061768
2.9066526889801025
2.7533907890319824
2.6950533390045166
2.607917547225952
2.506594181060791
2.4663543701171875
2.4411306381225586
2.2883975505828857
3.3145508766174316
3.170553207397461
3.0695266723632812
3.000795364379883
2.937739849090576
2.829916000366211
2.729543924331665
2.6753573417663574
2.619082450866699
2.4754631519317627
2.969071388244629
2.646218776702881
2.333348035812378
2.09287691116333
1.844080924987793
1.625543236732483
1.4499423503875732
1.2805842161178589
1.1692041158676147
1.0710010528564453
1.3826826810836792
1.2687149047851562
1.1570534706115723
1.0927987098693848
1.0426380634307861
0.9708371162414551
0.8781293630599976
0.8540312647819519
0.817358136177063
0.7575929164886475
1.348235845565796
1.2615392208099365
1.1845141649246216
1.1370887756347656
1.0501161813735962
1.017946481704712
0.9751721620559692
0.9559704661369324
0.9060155749320984
0.8529550433158875
1.5891757011413574
1.4658492803573608
1.4592539072036743
1.3612430095672607
1.3238301277160645
1.2436773777008057
1.2455915212631226
1.174407958984375
1.13739013671875
1.0881648063659668
2.024636745452881
1.9725308418273926
1.8458034992218018
1.7760062217712402
1.733657956123352
1.6403692960739136
1.5733091831207275
1.4927866458892822
1.4986799955368042
1.4054696559906006
2.621119976043701
2.4603869915008545
2.3505871295928955
2.2513442039489746
2.2152113914489746
2.0364344120025635
1.9509609937667847
1.8626822233200073
1.765247106552124
1.7277274131774902
2.9016451835632324
2.863976240158081
2.660449504852295
2.550002336502075
2.4747328758239746
2.362245798110962
2.314297676086426
2.2103521823883057
2.1017110347747803
1.973446011543274
2.977046012878418
2.8269715309143066
2.8289716243743896
2.7341363430023193
2.576019287109375
2.5770602226257324
2.509037494659424
2.4572818279266357
2.3344435691833496
2.306356906890869
3.345074415206909
3.2549028396606445
3.231870651245117
3.151045322418213
3.0726380348205566
2.957472562789917
2.831709623336792
2.743562936782837
2.725980281829834
2.695972442626953
