4.237472057342529
4.219699382781982
4.237641334533691
4.207138538360596
4.180343151092529
4.178501605987549
4.167738437652588
4.1900129318237305
4.240746974945068
4.223247528076172
77.18255615234375
75.5374755859375
74.5562744140625
73.51432800292969
72.90459442138672
72.40029907226562
71.23774719238281
70.45276641845703
69.59907531738281
68.89961242675781
3.686014413833618
3.687896251678467
3.6883950233459473
3.689769744873047
3.689950704574585
3.6870551109313965
3.679093837738037
3.6837527751922607
3.684494733810425
3.682191848754883
11.831643104553223
11.646597862243652
11.704483985900879
11.65297794342041
11.51977252960205
11.51097297668457
11.54203987121582
11.430303573608398
11.424309730529785
11.404258728027344
3.6805505752563477
3.6794521808624268
3.6781744956970215
3.6797332763671875
3.679211378097534
3.680720090866089
3.6786563396453857
3.680898427963257
3.6778981685638428
3.6786410808563232
4.0704569816589355
4.06961727142334
4.069901943206787
4.070188522338867
4.069647789001465
4.070528984069824
4.069413185119629
4.070398330688477
4.068063259124756
4.070004463195801
3.4316654205322266
3.432696580886841
3.436039447784424
3.4282734394073486
3.431689977645874
3.4350268840789795
3.429901123046875
3.42822265625
3.426637649536133
3.4324755668640137
13.915087699890137
13.875466346740723
13.854081153869629
13.824830055236816
13.748800277709961
13.69658374786377
13.65176773071289
13.617171287536621
13.499909400939941
13.53069019317627
3.9302337169647217
3.9317331314086914
3.9309616088867188
3.9319591522216797
3.9313080310821533
3.9306869506835938
3.9317870140075684
3.9311163425445557
3.930950880050659
3.9305648803710938
3.891849994659424
3.89160418510437
3.8920345306396484
3.891726016998291
3.8917553424835205
3.8918752670288086
3.8919363021850586
3.8920786380767822
3.8920576572418213
3.891753673553467
3.9288339614868164
3.929108142852783
3.9290809631347656
3.9290242195129395
3.9289636611938477
3.9291322231292725
3.929002285003662
3.9287540912628174
3.9289252758026123
3.929051160812378
4.243511199951172
4.2426605224609375
4.245682716369629
4.243212699890137
4.243495464324951
4.24226188659668
4.243253231048584
4.242571830749512
4.243756294250488
4.245456218719482
91.41435241699219
90.90220642089844
89.92530822753906
88.26976013183594
86.13602447509766
81.2620849609375
75.03659057617188
65.36754608154297
55.23351287841797
48.547088623046875
3.0401971340179443
3.043731212615967
3.0421230792999268
3.0426511764526367
3.0365538597106934
3.040266513824463
3.036966323852539
3.0322532653808594
3.0369696617126465
3.038533926010132
29.19868278503418
29.106691360473633
29.017292022705078
28.95589828491211
28.886932373046875
28.78434944152832
28.587270736694336
28.47704315185547
28.309003829956055
28.174827575683594
17.765596389770508
17.598281860351562
17.364912033081055
17.061908721923828
16.82194709777832
16.52667999267578
16.238216400146484
15.852714538574219
15.510974884033203
15.218018531799316
9.392916679382324
9.053194046020508
8.62768840789795
8.412240028381348
7.858772277832031
7.446966171264648
6.926575183868408
6.4061174392700195
5.674657821655273
5.085989952087402
52.68822479248047
52.18739318847656
51.59284210205078
50.721561431884766
49.62090301513672
47.9211540222168
46.01375198364258
43.274078369140625
40.49069595336914
37.599037170410156
3.561274766921997
3.5655319690704346
3.5602216720581055
3.562406063079834
3.5632314682006836
3.561516761779785
3.557173013687134
3.553788661956787
3.5508382320404053
3.5590083599090576
22.97073745727539
22.942203521728516
22.850261688232422
22.780309677124023
22.719070434570312
22.645814895629883
22.60108184814453
22.481510162353516
22.475622177124023
22.413352966308594
3.672747850418091
3.6728928089141846
3.672896385192871
3.671937942504883
3.671571969985962
3.6715543270111084
3.6720972061157227
3.671834707260132
3.672347068786621
3.670764207839966
4.032508373260498
4.032041549682617
4.031704902648926
4.032955646514893
4.03231143951416
4.031480312347412
4.032047271728516
4.032552242279053
4.030478000640869
4.032198429107666
3.4796688556671143
3.485884189605713
3.487553596496582
3.490447521209717
3.470398426055908
3.465959310531616
3.4684693813323975
3.4639108180999756
3.444216728210449
3.456303358078003
32.57695770263672
32.31656265258789
32.275672912597656
31.85076332092285
31.59538459777832
31.269672393798828
30.95498275756836
30.49654769897461
30.12575912475586
29.665864944458008
3.832986831665039
3.8322463035583496
3.8322153091430664
3.834416627883911
3.8326022624969482
3.832990884780884
3.832728862762451
3.833704710006714
3.8324525356292725
3.834390878677368
6.339235782623291
6.336108684539795
6.338291645050049
6.3362321853637695
6.339844226837158
6.316777229309082
6.330683708190918
6.330533981323242
6.330915451049805
6.326104164123535
3.39290189743042
3.390965700149536
3.3927249908447266
3.391206979751587
3.3900606632232666
3.3898730278015137
3.391826629638672
3.392510414123535
3.389693260192871
3.3877880573272705
4.015344619750977
4.015377998352051
4.015699863433838
4.016058921813965
4.016043663024902
4.015608787536621
4.015590190887451
4.015453338623047
4.015634059906006
4.015598773956299
4.587419509887695
4.591744422912598
4.5881757736206055
4.589473247528076
4.591514587402344
4.58779764175415
4.591209411621094
4.5896759033203125
4.588906288146973
4.584392547607422
19.684879302978516
19.417911529541016
19.131446838378906
18.902376174926758
18.572935104370117
18.11610221862793
17.62442970275879
17.122066497802734
16.449514389038086
15.615038871765137
3.773747682571411
3.7269246578216553
3.7111916542053223
3.7076709270477295
3.7036736011505127
3.710922956466675
3.7136006355285645
3.6969258785247803
3.717221260070801
3.699211835861206
18.692733764648438
18.539566040039062
18.42391586303711
18.24075698852539
18.128097534179688
18.08728790283203
17.86961555480957
17.802549362182617
17.592531204223633
17.507125854492188
3.5540664196014404
3.545217275619507
3.5510401725769043
3.555664539337158
3.5473098754882812
3.560457468032837
3.5536019802093506
3.5488691329956055
3.5478994846343994
3.5463929176330566
3.724076509475708
3.7369043827056885
3.7349677085876465
3.739071846008301
3.738417625427246
3.737427234649658
3.734589099884033
3.7221789360046387
3.7347521781921387
3.719007730484009
2.980501174926758
2.989323377609253
2.9376094341278076
2.9587509632110596
2.9669125080108643
2.976262331008911
2.9476470947265625
2.944888114929199
2.9469375610351562
2.9383866786956787
30.211475372314453
30.041563034057617
29.713850021362305
29.086864471435547
28.708566665649414
28.104366302490234
27.502948760986328
26.739030838012695
25.897377014160156
25.188396453857422
3.2059059143066406
3.2072181701660156
3.203869581222534
3.2104413509368896
3.2035434246063232
3.199390172958374
3.1955676078796387
3.198972225189209
3.192092180252075
3.190547466278076
3.9490301609039307
3.949134111404419
3.948805093765259
3.9497594833374023
3.948489189147949
3.9502081871032715
3.9489214420318604
3.9497358798980713
3.948716640472412
3.9498562812805176
14.241714477539062
14.105863571166992
13.901001930236816
13.57234001159668
13.373308181762695
13.066000938415527
12.837311744689941
12.531219482421875
12.286184310913086
12.080256462097168
3.993734121322632
3.986826181411743
3.9922685623168945
3.989063262939453
3.987118721008301
3.981977939605713
3.973487615585327
3.9766547679901123
3.9807162284851074
3.9769234657287598
26.43499755859375
26.29123306274414
26.028438568115234
25.963144302368164
25.795745849609375
25.535064697265625
25.339204788208008
25.314722061157227
25.03838348388672
24.775806427001953
3.6323835849761963
3.632884979248047
3.631354331970215
3.6315159797668457
3.630632162094116
3.633242130279541
3.6337852478027344
3.6317014694213867
3.631164789199829
3.6300065517425537
3.504992961883545
3.4872214794158936
3.5037944316864014
3.471886396408081
3.4494986534118652
3.4590868949890137
3.443028450012207
3.4713430404663086
3.4223148822784424
3.3715097904205322
14.35810375213623
14.292963981628418
14.10020637512207
14.152471542358398
14.01827335357666
13.88891315460205
13.85855770111084
13.794166564941406
13.625228881835938
13.631053924560547
3.430405616760254
3.4135329723358154
3.4435195922851562
3.406249523162842
3.397310733795166
3.4022302627563477
3.4054086208343506
3.3909740447998047
3.366053342819214
3.365955352783203
3.696715831756592
3.682795763015747
3.691786289215088
3.6973674297332764
3.6846847534179688
3.6893818378448486
3.694866895675659
3.6939897537231445
3.686946392059326
3.685356378555298
21.137405395507812
20.81468963623047
20.370895385742188
20.17544174194336
19.74342918395996
18.93512535095215
18.42868995666504
17.966249465942383
17.14337730407715
16.463672637939453
3.245069742202759
3.2328436374664307
3.232224702835083
3.222557783126831
3.2208638191223145
3.211906909942627
3.2079594135284424
3.218841791152954
3.2102155685424805
3.2050981521606445
