4.237472057342529
4.219699382781982
4.237641334533691
4.207138538360596
4.180343151092529
4.178501605987549
4.167738437652588
4.1900129318237305
4.240746974945068
4.223247528076172
77.18255615234375
75.5374755859375
74.5562744140625
73.51432800292969
72.90459442138672
72.40029907226562
71.23774719238281
70.45276641845703
69.59907531738281
68.89961242675781
3.686014413833618
3.687896251678467
3.6883950233459473
3.689769744873047
3.689950704574585
3.6870551109313965
3.679093837738037
3.6837527751922607
3.684494733810425
3.682191848754883
11.831643104553223
11.646597862243652
11.704483985900879
11.65297794342041
11.51977252960205
11.51097297668457
11.54203987121582
11.430303573608398
11.424309730529785
11.404258728027344
3.6805505752563477
3.6794521808624268
3.6781744956970215
3.6797332763671875
3.679211378097534
3.680720090866089
3.6786563396453857
3.680898427963257
3.6778981685638428
3.6786410808563232
4.0704569816589355
4.06961727142334
4.069901943206787
4.070188522338867
4.069647789001465
4.070528984069824
4.069413185119629
4.070398330688477
4.068063259124756
4.070004463195801
3.4316654205322266
3.432696580886841
3.436039447784424
3.4282734394073486
3.431689977645874
3.4350268840789795
3.429901123046875
3.42822265625
3.426637649536133
3.4324755668640137
13.915087699890137
13.875466346740723
13.854081153869629
13.824830055236816
13.748800277709961
13.69658374786377
13.65176773071289
13.617171287536621
13.499909400939941
13.53069019317627
3.9302337169647217
3.9317331314086914
3.9309616088867188
3.9319591522216797
3.9313080310821533
3.9306869506835938
3.9317870140075684
3.9311163425445557
3.930950880050659
3.9305648803710938
3.891849994659424
3.89160418510437
3.8920345306396484
3.891726016998291
3.8917553424835205
3.8918752670288086
3.8919363021850586
3.8920786380767822
3.8920576572418213
3.891753673553467
3.9288339614868164
3.929108142852783
3.9290809631347656
3.9290242195129395
3.9289636611938477
3.9291322231292725
3.929002285003662
3.9287540912628174
3.9289252758026123
3.929051160812378
4.243511199951172
4.2426605224609375
4.245682716369629
4.243212699890137
4.243495464324951
4.24226188659668
4.243253231048584
4.242571830749512
4.243756294250488
4.245456218719482
91.41435241699219
90.90220642089844
89.92530822753906
88.26976013183594
86.13602447509766
81.2620849609375
75.03659057617188
65.36754608154297
55.23351287841797
48.547088623046875
3.0401971340179443
3.043731212615967
3.0421230792999268
3.0426511764526367
3.0365538597106934
3.040266513824463
3.036966323852539
3.0322532653808594
3.0369696617126465
3.038533926010132
29.19868278503418
29.106691360473633
29.017292022705078
28.95589828491211
28.886932373046875
28.78434944152832
28.587270736694336
28.47704315185547
28.309003829956055
28.174827575683594
17.765596389770508
17.598281860351562
17.364912033081055
17.061908721923828
16.82194709777832
16.52667999267578
16.238216400146484
15.852714538574219
15.510974884033203
15.218018531799316
9.392916679382324
9.053194046020508
8.62768840789795
8.412240028381348
7.858772277832031
7.446966171264648
6.926575183868408
6.4061174392700195
5.674657821655273
5.085989952087402
52.68822479248047
52.18739318847656
51.59284210205078
50.721561431884766
49.62090301513672
47.9211540222168
46.01375198364258
43.274078369140625
40.49069595336914
37.599037170410156
3.561274766921997
3.5655319690704346
3.5602216720581055
3.562406063079834
3.5632314682006836
3.561516761779785
3.557173013687134
3.553788661956787
3.5508382320404053
3.5590083599090576
22.97073745727539
22.942203521728516
22.850261688232422
22.780309677124023
22.719070434570312
22.645814895629883
22.60108184814453
22.481510162353516
22.475622177124023
22.413352966308594
3.672747850418091
3.6728928089141846
3.672896385192871
3.671937942504883
3.671571969985962
3.6715543270111084
3.6720972061157227
3.671834707260132
3.672347068786621
3.670764207839966
4.032508373260498
4.032041549682617
4.031704902648926
4.032955646514893
4.03231143951416
4.031480312347412
4.032047271728516
4.032552242279053
4.030478000640869
4.032198429107666
3.4796688556671143
3.485884189605713
3.487553596496582
3.490447521209717
3.470398426055908
3.465959310531616
3.4684693813323975
3.4639108180999756
3.444216728210449
3.456303358078003
32.57695770263672
32.31656265258789
32.275672912597656
31.85076332092285
31.59538459777832
31.269672393798828
30.95498275756836
30.49654769897461
30.12575912475586
29.665864944458008
3.832986831665039
3.8322463035583496
3.8322153091430664
3.834416627883911
3.8326022624969482
3.832990884780884
3.832728862762451
3.833704710006714
3.8324525356292725
3.834390878677368
6.339235782623291
6.336108684539795
6.338291645050049
6.3362321853637695
6.339844226837158
6.316777229309082
6.330683708190918
6.330533981323242
6.330915451049805
6.326104164123535
3.39290189743042
3.390965700149536
3.3927249908447266
3.391206979751587
3.3900606632232666
3.3898730278015137
3.391826629638672
3.392510414123535
3.389693260192871
3.3877880573272705
4.015344619750977
4.015377998352051
4.015699863433838
4.016058921813965
4.016043663024902
4.015608787536621
4.015590190887451
4.015453338623047
4.015634059906006
4.015598773956299
4.587419509887695
4.591744422912598
4.5881757736206055
4.589473247528076
4.591514587402344
4.58779764175415
4.591209411621094
4.5896759033203125
4.588906288146973
4.584392547607422
19.684879302978516
19.417911529541016
19.131446838378906
18.902376174926758
18.572935104370117
18.11610221862793
17.62442970275879
17.122066497802734
16.449514389038086
15.615038871765137
3.773747682571411
3.7269246578216553
3.7111916542053223
3.7076709270477295
3.7036736011505127
3.710922956466675
3.7136006355285645
3.6969258785247803
3.717221260070801
3.699211835861206
18.692733764648438
18.539566040039062
18.42391586303711
18.24075698852539
18.128097534179688
18.08728790283203
17.86961555480957
17.802549362182617
17.592531204223633
17.507125854492188
3.5540664196014404
3.545217275619507
3.5510401725769043
3.555664539337158
3.5473098754882812
3.560457468032837
3.5536019802093506
3.5488691329956055
3.5478994846343994
3.5463929176330566
3.724076509475708
3.7369043827056885
3.7349677085876465
3.739071846008301
3.738417625427246
3.737427234649658
3.734589099884033
3.7221789360046387
3.7347521781921387
3.719007730484009
2.980501174926758
2.989323377609253
2.9376094341278076
2.9587509632110596
2.9669125080108643
2.976262331008911
2.9476470947265625
2.944888114929199
2.9469375610351562
2.9383866786956787
30.211475372314453
30.041563034057617
29.713850021362305
29.086864471435547
28.708566665649414
28.104366302490234
27.502948760986328
26.739030838012695
25.897377014160156
25.188396453857422
3.2059059143066406
3.2072181701660156
3.203869581222534
3.2104413509368896
3.2035434246063232
3.199390172958374
3.1955676078796387
3.198972225189209
3.192092180252075
3.190547466278076
3.9490301609039307
3.949134111404419
3.948805093765259
3.9497594833374023
3.948489189147949
3.9502081871032715
3.9489214420318604
3.9497358798980713
3.948716640472412
3.9498562812805176
14.241714477539062
14.105863571166992
13.901001930236816
13.57234001159668
13.373308181762695
13.066000938415527
12.837311744689941
12.531219482421875
12.286184310913086
12.080256462097168
3.993734121322632
3.986826181411743
3.9922685623168945
3.989063262939453
3.987118721008301
3.981977939605713
3.973487615585327
3.9766547679901123
3.9807162284851074
3.9769234657287598
26.43499755859375
26.29123306274414
26.028438568115234
25.963144302368164
25.795745849609375
25.535064697265625
25.339204788208008
25.314722061157227
25.03838348388672
24.775806427001953
3.6323835849761963
3.632884979248047
3.631354331970215
3.6315159797668457
3.630632162094116
3.633242130279541
3.6337852478027344
3.6317014694213867
3.631164789199829
3.6300065517425537
3.504992961883545
3.4872214794158936
3.5037944316864014
3.471886396408081
3.4494986534118652
3.4590868949890137
3.443028450012207
3.4713430404663086
3.4223148822784424
3.3715097904205322
14.35810375213623
14.292963981628418
14.10020637512207
14.152471542358398
14.01827335357666
13.88891315460205
13.85855770111084
13.794166564941406
13.625228881835938
13.631053924560547
3.430405616760254
3.4135329723358154
3.4435195922851562
3.406249523162842
3.397310733795166
3.4022302627563477
3.4054086208343506
3.3909740447998047
3.366053342819214
3.365955352783203
3.696715831756592
3.682795763015747
3.691786289215088
3.6973674297332764
3.6846847534179688
3.6893818378448486
3.694866895675659
3.6939897537231445
3.686946392059326
3.685356378555298
21.137405395507812
20.81468963623047
20.370895385742188
20.17544174194336
19.74342918395996
18.93512535095215
18.42868995666504
17.966249465942383
17.14337730407715
16.463672637939453
3.245069742202759
3.2328436374664307
3.232224702835083
3.222557783126831
3.2208638191223145
3.211906909942627
3.2079594135284424
3.218841791152954
3.2102155685424805
3.2050981521606445
3.8910961151123047
3.8835678100585938
3.885042190551758
3.8862709999084473
3.88248872756958
3.885674476623535
3.8781650066375732
3.8818960189819336
3.8840420246124268
3.8849074840545654
7.766879558563232
7.7151641845703125
7.739655494689941
7.698613166809082
7.6329731941223145
7.641260147094727
7.5795793533325195
7.566449165344238
7.508277416229248
7.524869918823242
3.0342745780944824
3.0326108932495117
3.032196044921875
3.020277500152588
3.024430274963379
3.0215940475463867
3.0164709091186523
3.01733660697937
3.0257067680358887
3.021890640258789
3.726456642150879
3.7286875247955322
3.7296154499053955
3.726186990737915
3.730437755584717
3.7282931804656982
3.7302725315093994
3.7265403270721436
3.7290401458740234
3.727863311767578
7.568286895751953
7.545224189758301
7.5028462409973145
7.546294689178467
7.501368999481201
7.527129650115967
7.5019097328186035
7.498337268829346
7.468957424163818
7.464024543762207
3.243029832839966
3.2449374198913574
3.2417726516723633
3.249478578567505
3.2425954341888428
3.2393345832824707
3.237143039703369
3.240605592727661
3.240272283554077
3.2410402297973633
3.5512235164642334
3.5669775009155273
3.5023672580718994
3.4527008533477783
3.467158555984497
3.418057680130005
3.413717746734619
3.385082960128784
3.395672082901001
3.377692461013794
9.984536170959473
9.938304901123047
9.767375946044922
9.51619815826416
9.441553115844727
9.213454246520996
9.094993591308594
9.01855182647705
8.869955062866211
8.727258682250977
3.1962239742279053
3.2003860473632812
3.191239356994629
3.1929264068603516
3.1976065635681152
3.1847152709960938
3.19217586517334
3.1966476440429688
3.1875662803649902
3.1653411388397217
4.169778823852539
4.159533977508545
4.152537822723389
4.143368244171143
4.150458812713623
4.147725582122803
4.130749702453613
4.138534069061279
4.134407043457031
4.1322455406188965
2.572265386581421
2.5463976860046387
2.534273386001587
2.515252113342285
2.5330913066864014
2.5089409351348877
2.5172672271728516
2.5223159790039062
2.4963722229003906
2.4852821826934814
4.926849842071533
4.92584228515625
4.923776149749756
4.928825378417969
4.911164283752441
4.903123378753662
4.9086012840271
4.912663459777832
4.914645195007324
4.902730941772461
3.8881008625030518
3.8911569118499756
3.8909590244293213
3.8855245113372803
3.8885433673858643
3.8905813694000244
3.8831987380981445
3.886817693710327
3.890805721282959
3.8859703540802
3.786757469177246
3.7639293670654297
3.7824769020080566
3.7708425521850586
3.7652103900909424
3.75412917137146
3.754725456237793
3.7529048919677734
3.750223398208618
3.7471179962158203
4.099931240081787
4.085117816925049
4.091198444366455
4.100178241729736
4.081545352935791
4.083437919616699
4.089149475097656
4.082297325134277
4.0583086013793945
4.061420440673828
23.914974212646484
23.69439125061035
23.455747604370117
23.096330642700195
22.83080291748047
22.6477108001709
22.360477447509766
22.2336483001709
21.95107650756836
21.750165939331055
3.4430665969848633
3.4449944496154785
3.457468032836914
3.4423651695251465
3.4343690872192383
3.4321043491363525
3.445638656616211
3.427859306335449
3.435481548309326
3.435089349746704
4.541939735412598
4.5393781661987305
4.540835857391357
4.522565841674805
4.509679794311523
4.517603397369385
4.511187553405762
4.501039028167725
4.510989665985107
4.50304651260376
3.324296474456787
3.32369327545166
3.2905726432800293
3.294041872024536
3.263627290725708
3.2525675296783447
3.274421215057373
3.2640225887298584
3.272350788116455
3.2740237712860107
12.382484436035156
12.12261962890625
11.908825874328613
11.572693824768066
11.271666526794434
11.008047103881836
10.695302963256836
10.513935089111328
10.465121269226074
10.310136795043945
3.7453603744506836
3.7266018390655518
3.7111287117004395
3.7144887447357178
3.7090649604797363
3.7014713287353516
3.715027093887329
3.6790571212768555
3.701148509979248
3.6850836277008057
3.4314815998077393
3.435661792755127
3.4095866680145264
3.3991036415100098
3.4008357524871826
3.3906567096710205
3.3891310691833496
3.3775200843811035
3.3834760189056396
3.3914871215820312
26.195545196533203
25.51447868347168
24.860666275024414
24.479948043823242
23.99401092529297
23.578754425048828
23.253511428833008
22.583641052246094
22.083913803100586
21.556806564331055
2.9953343868255615
3.014683723449707
2.948489189147949
2.940488815307617
2.927090644836426
2.8833730220794678
2.813789129257202
2.8418970108032227
2.7958855628967285
2.821162223815918
2.497124671936035
2.4741134643554688
2.467669725418091
2.474182367324829
2.4539401531219482
2.4555606842041016
2.458833694458008
2.4516139030456543
2.425513744354248
2.4656548500061035
5.818517684936523
5.833369731903076
5.827702045440674
5.818911552429199
5.818399906158447
5.817412376403809
5.807788372039795
5.813584327697754
5.795741558074951
5.7931413650512695
3.6087417602539062
3.591702699661255
3.612353563308716
3.5990495681762695
3.5815861225128174
3.6078882217407227
3.5591354370117188
3.573546886444092
3.5860917568206787
3.5729265213012695
5.202030181884766
5.2133283615112305
5.182187080383301
5.146434307098389
5.114643096923828
5.099085807800293
5.059967994689941
5.044161796569824
5.02323055267334
5.0207977294921875
3.5556702613830566
3.541140079498291
3.5477259159088135
3.544079303741455
3.529684543609619
3.5578598976135254
3.548877239227295
3.544740915298462
3.5391156673431396
3.536332607269287
3.7622809410095215
3.760200262069702
3.761462688446045
3.75895094871521
3.7631988525390625
3.7620177268981934
3.761073112487793
3.7650833129882812
3.761641263961792
3.7566921710968018
3.112506628036499
3.1040682792663574
3.082167148590088
3.0785129070281982
3.0938005447387695
3.0796303749084473
3.073765754699707
3.059206485748291
3.0506489276885986
3.043884038925171
8.83526611328125
8.714107513427734
8.713366508483887
8.640375137329102
8.553812026977539
8.553873062133789
8.419379234313965
8.362022399902344
8.389902114868164
8.287361145019531
3.6406800746917725
3.611938714981079
3.618731737136841
3.6195404529571533
3.593756675720215
3.613851547241211
3.5695996284484863
3.547295331954956
3.547950029373169
3.538733959197998
4.03817892074585
4.025142669677734
4.020071983337402
4.025426387786865
4.012117385864258
4.014627933502197
4.01525354385376
4.004897117614746
4.013890266418457
4.022552490234375
4.32314920425415
3.942473888397217
3.7268083095550537
3.4918441772460938
3.338587522506714
3.1697402000427246
3.1150856018066406
3.0223441123962402
2.99587082862854
2.9616341590881348
23.616548538208008
23.55966567993164
23.42487335205078
23.371288299560547
23.3228702545166
23.16965675354004
23.11322021484375
23.008041381835938
22.99993896484375
22.857534408569336
8.565605163574219
8.068655014038086
7.842100143432617
7.540739059448242
7.330303192138672
7.209429740905762
6.998405456542969
6.940035820007324
6.7761383056640625
6.637925148010254
8.685995101928711
8.322794914245605
7.961972236633301
7.272121429443359
6.61027193069458
5.824802398681641
5.011713981628418
4.420478343963623
4.122886657714844
3.8836090564727783
16.46353530883789
16.211278915405273
16.09038734436035
16.039936065673828
15.808274269104004
15.728731155395508
15.481809616088867
15.387178421020508
15.320534706115723
15.053895950317383
2.93858003616333
2.9074504375457764
2.934089422225952
2.9016404151916504
2.8815789222717285
2.8864524364471436
2.895932912826538
2.874192237854004
2.8732218742370605
2.855123281478882
4.159724235534668
4.14686393737793
4.147882461547852
4.153186798095703
4.1462507247924805
4.159217357635498
4.151829242706299
4.144988059997559
4.144349098205566
4.146316051483154
4.366879463195801
4.34849214553833
4.2863359451293945
4.323513984680176
4.268988132476807
4.224499225616455
4.204157829284668
4.111635684967041
4.076537132263184
4.047844409942627
3.8504679203033447
3.7935194969177246
3.7554917335510254
3.7161784172058105
3.658808708190918
3.628567934036255
3.5761075019836426
3.498689651489258
3.4912219047546387
3.4591708183288574
6.246799468994141
6.222786903381348
6.187942028045654
6.1940412521362305
6.166396617889404
6.139788627624512
6.130599498748779
6.100912094116211
6.099205493927002
6.099795341491699
3.570662260055542
3.574021339416504
3.5062291622161865
3.523972511291504
3.438998222351074
3.429870843887329
3.454866886138916
3.4436869621276855
3.389498710632324
3.3783488273620605
5.092275619506836
5.062277793884277
5.080074787139893
5.025354385375977
4.990177154541016
4.9974470138549805
4.97813081741333
4.945882320404053
4.919257640838623
4.908785343170166
3.031385898590088
2.91809344291687
2.9663076400756836
2.9162745475769043
2.8542122840881348
2.8116676807403564
2.740159511566162
2.695601463317871
2.7048678398132324
2.6675806045532227
36.37810516357422
35.135780334472656
33.979190826416016
33.13377380371094
32.413299560546875
31.940814971923828
31.466842651367188
31.02488899230957
30.5994873046875
30.239992141723633
3.752375602722168
3.718776226043701
3.7250964641571045
3.6973540782928467
3.71163272857666
3.6786022186279297
3.6976399421691895
3.6399776935577393
3.657398223876953
3.649960517883301
3.709386110305786
3.6931545734405518
3.6723079681396484
3.6757965087890625
3.667046308517456
3.6867904663085938
3.683018445968628
3.678220510482788
3.681943655014038
3.682584285736084
6.54561710357666
6.450690269470215
6.335719108581543
6.113441467285156
5.956967830657959
5.8055548667907715
5.600381374359131
5.408855438232422
5.225752830505371
5.0498809814453125
12.925618171691895
12.867094993591309
12.408794403076172
12.300182342529297
11.971029281616211
11.68305492401123
11.343894004821777
10.942090034484863
10.703119277954102
10.340921401977539
1.7248605489730835
1.6773605346679688
1.674534797668457
1.4051510095596313
1.4100581407546997
1.2363955974578857
1.2409913539886475
1.1767959594726562
1.1009286642074585
1.0969434976577759
21.1796875
20.630884170532227
20.22597885131836
19.705289840698242
19.061725616455078
18.502944946289062
17.881511688232422
17.397764205932617
16.920196533203125
16.56601905822754
4.3845295906066895
4.3624796867370605
4.234735488891602
4.062941551208496
3.9821367263793945
3.898252248764038
3.7338619232177734
3.6575706005096436
3.4669370651245117
3.35903000831604
7.348000526428223
7.202887535095215
7.245817184448242
7.116086959838867
7.085712909698486
6.987809658050537
6.8762593269348145
6.857359886169434
6.725752353668213
6.742666721343994
2.902071475982666
2.8715739250183105
2.838848352432251
2.849820852279663
2.7845354080200195
2.7834534645080566
2.7760555744171143
2.7585082054138184
2.7338318824768066
2.6997084617614746
4.164177417755127
4.180191516876221
4.151118755340576
4.109276294708252
4.058192253112793
4.037413120269775
4.046761512756348
3.9813241958618164
3.96555233001709
3.9970850944519043
7.175283908843994
7.121640682220459
6.878387928009033
6.675300121307373
6.577982425689697
6.391847610473633
6.314010143280029
6.063045024871826
5.83219051361084
5.64540958404541
5.773632526397705
5.684409141540527
5.599615097045898
5.441304683685303
5.497665882110596
5.304225444793701
5.192928314208984
5.196988582611084
5.064262866973877
4.980501174926758
2.7127797603607178
2.696012496948242
2.697411060333252
2.68333101272583
2.630983829498291
2.6345534324645996
2.611189126968384
2.6140825748443604
2.5844004154205322
2.597918748855591
5.654392719268799
5.600053310394287
5.579324722290039
5.575656414031982
5.54315185546875
5.551055908203125
5.524167060852051
5.509157657623291
5.511726379394531
5.467709541320801
3.7975409030914307
3.726801633834839
3.738574743270874
3.703421115875244
3.6046457290649414
3.5975985527038574
3.5799596309661865
3.525433301925659
3.503194808959961
3.4722132682800293
5.740584373474121
5.744253158569336
5.706704139709473
5.707892894744873
5.671758651733398
5.639420032501221
5.664112091064453
5.642212867736816
5.626941204071045
5.595690727233887
2.011228561401367
1.9790838956832886
1.9286768436431885
1.9269616603851318
1.870413899421692
1.8588329553604126
1.8152458667755127
1.806972861289978
1.821035623550415
1.7819769382476807
10.482870101928711
10.345316886901855
10.290898323059082
10.232391357421875
10.148087501525879
10.041356086730957
9.959207534790039
9.830888748168945
9.769542694091797
9.727954864501953
2.545276403427124
2.3351707458496094
2.2816243171691895
2.08270263671875
2.1148126125335693
2.019364595413208
1.9840861558914185
1.8958958387374878
1.8984942436218262
1.850125789642334
10.09486198425293
9.985102653503418
9.848494529724121
9.707972526550293
9.481072425842285
9.356586456298828
9.056249618530273
8.860750198364258
8.660104751586914
8.379721641540527
4.5744948387146
4.463919639587402
4.3475823402404785
4.263298511505127
4.178572177886963
4.137048721313477
4.042660713195801
3.9923057556152344
3.9139533042907715
3.8586695194244385
3.135936737060547
3.1500465869903564
3.1386477947235107
3.1138906478881836
3.1047887802124023
3.1235716342926025
3.113532781600952
3.11255145072937
3.102607011795044
3.111180543899536
27.423341751098633
24.01245880126953
19.714723587036133
18.260623931884766
17.40212059020996
16.649105072021484
15.985424041748047
15.511826515197754
15.439095497131348
14.927877426147461
6.377661228179932
6.2683424949646
6.112240791320801
5.987088203430176
5.8760457038879395
5.622592449188232
5.4612274169921875
5.29481840133667
5.145855903625488
4.959938049316406
3.827204704284668
3.744450092315674
3.7829816341400146
3.7196738719940186
3.71060848236084
3.727076292037964
3.6635546684265137
3.62941837310791
3.6303927898406982
3.613201379776001
6.625400066375732
6.614550590515137
6.592152118682861
6.521956920623779
6.499557018280029
6.500814437866211
6.461253643035889
6.411681175231934
6.384191989898682
6.3760247230529785
3.1279189586639404
3.03346848487854
3.0107245445251465
2.9358632564544678
2.949097156524658
2.9092812538146973
2.8832225799560547
2.881531238555908
2.831200361251831
2.8250036239624023
7.112226486206055
7.067945957183838
7.043003082275391
7.011081218719482
7.016244888305664
6.966733455657959
6.937254905700684
6.889400005340576
6.887876510620117
6.812820911407471
2.8931331634521484
2.8588523864746094
2.8682210445404053
2.84509015083313
2.830475330352783
2.8020615577697754
2.7515101432800293
2.7550830841064453
2.713909149169922
2.6912758350372314
4.754728317260742
4.759794235229492
4.658625602722168
4.5843186378479
4.578976631164551
4.51212739944458
4.493797302246094
4.51321268081665
4.475313663482666
4.431950569152832
2.406481981277466
2.1527159214019775
2.101832866668701
2.0228936672210693
2.024070978164673
1.8544057607650757
1.8724451065063477
1.7829663753509521
1.6556391716003418
1.6263256072998047
7.547505855560303
7.486258506774902
7.426385879516602
7.382735252380371
7.31599760055542
7.2409234046936035
7.1897430419921875
7.136778354644775
7.106784343719482
7.046209335327148
3.4215140342712402
3.3618102073669434
3.324528694152832
3.2690353393554688
3.246445655822754
3.191781520843506
3.0933339595794678
3.1534433364868164
3.064438819885254
3.066851854324341
4.115664005279541
4.133973121643066
4.078489303588867
4.069809913635254
4.0881805419921875
4.030337810516357
4.015621185302734
4.0351762771606445
3.9725468158721924
3.9823224544525146
5.488556861877441
5.121613025665283
5.070612907409668
4.854495525360107
4.894042015075684
4.805668830871582
4.740073204040527
4.736212730407715
4.736164093017578
4.592116832733154
3.5977208614349365
3.602566719055176
3.5786304473876953
3.6135683059692383
3.5633604526519775
3.5712223052978516
3.539149761199951
3.509840488433838
3.5110409259796143
3.512765884399414
1.7555668354034424
1.4923536777496338
1.4826310873031616
1.3063164949417114
1.3321545124053955
1.2307101488113403
1.21551513671875
1.1220358610153198
1.0907658338546753
1.1007999181747437
9.318986892700195
9.291472434997559
9.19348430633545
9.111749649047852
9.103557586669922
9.025788307189941
8.989961624145508
8.928722381591797
8.784756660461426
8.76694107055664
2.209331750869751
2.1763525009155273
2.1460120677948
2.14677095413208
2.101503610610962
2.077000141143799
2.0164599418640137
2.0201356410980225
2.017526865005493
1.9880653619766235
10.951128959655762
10.816725730895996
10.768654823303223
10.644465446472168
10.571366310119629
10.471451759338379
10.364302635192871
10.35987377166748
10.242618560791016
10.229376792907715
3.6821696758270264
3.6237311363220215
3.5807855129241943
3.536238193511963
3.527052640914917
3.4797215461730957
3.4920144081115723
3.4322962760925293
3.4342234134674072
3.3924739360809326
9.301228523254395
9.159271240234375
8.9981050491333
8.801189422607422
8.6929931640625
8.590142250061035
8.474518775939941
8.249374389648438
8.25771427154541
7.920845985412598
2.2878787517547607
2.0965077877044678
2.071932077407837
1.9691084623336792
1.846634864807129
1.7554444074630737
1.7752176523208618
1.6851181983947754
1.6066639423370361
1.610591173171997
9.64477825164795
9.32117748260498
8.84847640991211
8.648681640625
8.185715675354004
7.8548502922058105
7.59432315826416
7.500511169433594
7.213346004486084
7.045092582702637
3.533627510070801
3.412153959274292
3.2867536544799805
3.230091094970703
3.145754814147949
3.164592742919922
3.0804498195648193
3.0390968322753906
2.9967546463012695
3.031900644302368
5.1029438972473145
5.042267322540283
4.942675590515137
4.87972354888916
4.810329914093018
4.7702531814575195
4.69669771194458
4.638615608215332
4.602731704711914
4.5421223640441895
2.283522844314575
2.1884686946868896
2.140345573425293
1.9909286499023438
1.9114537239074707
1.8528615236282349
1.7614002227783203
1.6913813352584839
1.5602725744247437
1.5294926166534424
20.192777633666992
20.011764526367188
19.659273147583008
19.36150550842285
19.087331771850586
18.87928009033203
18.498064041137695
18.282625198364258
18.10493278503418
17.906923294067383
2.545790433883667
2.462472915649414
2.314002275466919
2.1686110496520996
2.0680222511291504
1.9695253372192383
1.822055459022522
1.7926278114318848
1.6999702453613281
1.6251838207244873
11.646345138549805
11.427136421203613
11.2741060256958
11.062952995300293
10.827247619628906
10.724532127380371
10.521129608154297
10.50829029083252
10.285855293273926
10.26449966430664
2.2228426933288574
2.1924314498901367
2.1191577911376953
2.077747344970703
1.9769660234451294
1.9855387210845947
1.9631904363632202
1.9517990350723267
1.9233983755111694
1.8350452184677124
12.986438751220703
12.940361976623535
12.811704635620117
12.665003776550293
12.517621994018555
12.436768531799316
12.278396606445312
12.24337387084961
12.128511428833008
11.98157024383545
2.893198251724243
2.7277326583862305
2.6404478549957275
2.4459009170532227
2.454519748687744
2.374336004257202
2.321897506713867
2.2357516288757324
2.1629037857055664
2.1306047439575195
10.923791885375977
10.63372802734375
10.475310325622559
10.348254203796387
10.24930191040039
9.968507766723633
9.851346015930176
9.643441200256348
9.579432487487793
9.436334609985352
1.2840361595153809
1.2849726676940918
1.252521276473999
1.1591979265213013
1.1324483156204224
1.147018313407898
1.1185524463653564
1.0277369022369385
1.0417182445526123
1.0201870203018188
7.966719627380371
7.952335834503174
7.852358818054199
7.790826320648193
7.775172233581543
7.65853214263916
7.670487880706787
7.632880687713623
7.503731727600098
7.501023292541504
2.976685047149658
2.883340835571289
2.8552229404449463
2.8214027881622314
2.7985785007476807
2.7784230709075928
2.7466204166412354
2.7025747299194336
2.7005765438079834
2.694138526916504
7.469475269317627
7.415332794189453
7.364297866821289
7.300901412963867
7.244075775146484
7.2253594398498535
7.155246734619141
7.127589702606201
7.0723748207092285
7.038983345031738
3.0316061973571777
2.990354299545288
2.9815237522125244
2.9092323780059814
2.8619375228881836
2.8803277015686035
2.8714661598205566
2.7959189414978027
2.818809986114502
2.764458179473877
4.646575927734375
4.645669937133789
4.611207962036133
4.615105152130127
4.609264850616455
4.588111400604248
4.57149076461792
4.546380519866943
4.54051399230957
4.5536274909973145
2.3052141666412354
2.121103525161743
1.9180917739868164
1.7217531204223633
1.5532536506652832
1.4452083110809326
1.3740395307540894
1.214644432067871
1.1220409870147705
1.008334994316101
14.310842514038086
14.082419395446777
13.820490837097168
13.790578842163086
13.606849670410156
13.470893859863281
13.344820022583008
13.085957527160645
12.968215942382812
12.615090370178223
2.9053866863250732
2.8838226795196533
2.8233354091644287
2.80843186378479
2.7135984897613525
2.709091901779175
2.7275218963623047
2.6373517513275146
2.632824659347534
2.5449020862579346
24.59754180908203
23.355300903320312
21.880090713500977
20.080501556396484
18.124290466308594
16.667829513549805
14.751102447509766
13.159236907958984
11.96506404876709
10.774916648864746
2.536590576171875
2.4161040782928467
2.350123405456543
2.311282157897949
2.2373154163360596
2.18768310546875
2.147644519805908
2.073596954345703
2.013418197631836
2.0383079051971436
14.287308692932129
13.339154243469238
12.494730949401855
11.728705406188965
11.004079818725586
10.53615951538086
9.944731712341309
9.641592025756836
9.337274551391602
8.930068016052246
1.997557282447815
1.8986197710037231
1.905434012413025
1.8047044277191162
1.8250378370285034
1.7285798788070679
1.687494158744812
1.6410114765167236
1.600051999092102
1.5550297498703003
9.450928688049316
9.366697311401367
9.234281539916992
9.213911056518555
8.911208152770996
8.837255477905273
8.65659236907959
8.424348831176758
8.326902389526367
8.150020599365234
3.664301633834839
3.556199312210083
3.446655750274658
3.327650785446167
3.2311742305755615
3.0900514125823975
3.076667308807373
3.0054056644439697
2.9656941890716553
2.9195053577423096
8.024621963500977
7.970053672790527
7.804049015045166
7.611075401306152
7.492887496948242
7.379589557647705
7.174042224884033
7.10901403427124
6.961874961853027
6.850219249725342
2.8410537242889404
2.7446703910827637
2.6467370986938477
2.6600654125213623
2.5780904293060303
2.5700626373291016
2.545102834701538
2.5339767932891846
2.4913406372070312
2.4801902770996094
4.463289737701416
4.3768630027771
4.337001323699951
4.287675380706787
4.261371612548828
4.2239203453063965
4.213141918182373
4.164389610290527
4.140869140625
4.106840133666992
1.8332126140594482
1.67527174949646
1.584471583366394
1.4951196908950806
1.464372158050537
1.4013164043426514
1.316385269165039
1.2626187801361084
1.2993605136871338
1.2953362464904785
18.235855102539062
17.816436767578125
17.441715240478516
17.05352210998535
16.82213592529297
16.538196563720703
16.267011642456055
15.992698669433594
15.693345069885254
15.310863494873047
3.7948484420776367
3.6685383319854736
3.586613655090332
3.4256136417388916
3.3314850330352783
3.2706918716430664
3.2023231983184814
3.138838529586792
3.0479705333709717
3.039140462875366
9.149847030639648
8.934164047241211
8.69616413116455
8.487261772155762
8.370635032653809
8.18781852722168
7.96985387802124
7.670651435852051
7.504907608032227
7.170468807220459
5.098898410797119
4.797252178192139
4.39175271987915
4.16077995300293
3.816740036010742
3.5873515605926514
3.2915596961975098
3.099053144454956
2.9262332916259766
2.860776662826538
30.82146453857422
30.122020721435547
29.737083435058594
29.371362686157227
28.38913345336914
27.759483337402344
27.33177375793457
26.71807861328125
26.12441062927246
25.463272094726562
2.69353985786438
2.4949233531951904
2.322857141494751
2.1298558712005615
2.0672950744628906
2.002305269241333
1.927313208580017
1.8770955801010132
1.7761644124984741
1.7798088788986206
7.637243747711182
7.536147117614746
7.367403984069824
7.284937381744385
7.185860633850098
7.087835311889648
6.95692777633667
6.8514533042907715
6.749377250671387
6.695140838623047
3.851597785949707
3.7716734409332275
3.766993522644043
3.6848573684692383
3.6715097427368164
3.6258656978607178
3.564270496368408
3.5274791717529297
3.4632694721221924
3.4724490642547607
6.853634357452393
6.815527439117432
6.749982833862305
6.700579643249512
6.681259632110596
6.632159233093262
6.583941459655762
6.566903114318848
6.517817497253418
6.509632110595703
4.200028896331787
4.134767055511475
4.066073417663574
3.9842917919158936
3.8881735801696777
3.8362338542938232
3.7403910160064697
3.750065565109253
3.6124424934387207
3.584354877471924
7.363833904266357
7.32076358795166
7.278166770935059
7.167286396026611
7.18588399887085
7.012623310089111
7.020901679992676
6.970774173736572
6.902573585510254
6.913515090942383
3.58335542678833
3.5209317207336426
3.307622194290161
3.17982816696167
3.1421866416931152
3.039353609085083
2.890360116958618
2.9097414016723633
2.7590975761413574
2.7195804119110107
18.187456130981445
17.935672760009766
17.855148315429688
17.511415481567383
17.427579879760742
17.20774269104004
17.150300979614258
16.96632194519043
16.876327514648438
16.798328399658203
0.046769820153713226
0.04702402651309967
0.04146309196949005
0.03982152044773102
0.04501226544380188
0.04254825413227081
0.03473726660013199
0.03656375780701637
0.032896652817726135
0.04324907064437866
18.12871551513672
17.583145141601562
16.974288940429688
16.518077850341797
15.818881034851074
15.296113967895508
14.547050476074219
13.689661979675293
12.929811477661133
12.199966430664062
4.03963565826416
3.906996965408325
3.8746087551116943
3.8198482990264893
3.7974438667297363
3.7102389335632324
3.7044410705566406
3.6089091300964355
3.591379404067993
3.5146217346191406
17.677963256835938
17.193862915039062
16.794395446777344
16.52712059020996
15.991806983947754
15.44471549987793
15.11018180847168
14.59453296661377
13.999262809753418
13.41960620880127
3.4203624725341797
3.100198268890381
2.92753267288208
2.654839515686035
2.502547025680542
2.325782299041748
2.1050634384155273
2.017012357711792
1.9169787168502808
1.8002654314041138
5.657262802124023
5.5194807052612305
5.43864631652832
5.344380855560303
5.253940105438232
5.182502746582031
5.128284454345703
5.017622947692871
4.987334251403809
4.8857269287109375
2.4858715534210205
2.359856367111206
2.299461841583252
2.1584367752075195
2.020756721496582
2.0372562408447266
1.9022111892700195
1.8550406694412231
1.7389354705810547
1.7511547803878784
14.496036529541016
14.334419250488281
14.165480613708496
13.953219413757324
13.861072540283203
13.665011405944824
13.428567886352539
13.337427139282227
13.249709129333496
13.102778434753418
2.9167234897613525
2.878286361694336
2.8227555751800537
2.8273282051086426
2.7133970260620117
2.6635446548461914
2.646615743637085
2.5929040908813477
2.5843122005462646
2.5384011268615723
7.19967794418335
7.116393566131592
7.138794898986816
6.965832233428955
6.953580379486084
6.83991813659668
6.721323490142822
6.619268894195557
6.605038642883301
6.482831001281738
0.1410273313522339
0.16700169444084167
0.12805534899234772
0.1608860343694687
0.12818270921707153
0.1586037576198578
0.11588600277900696
0.08301769196987152
0.11003827303647995
0.07925133407115936
20.902769088745117
20.380550384521484
20.054582595825195
19.71523094177246
19.41990089416504
19.104467391967773
18.609970092773438
18.373205184936523
18.160003662109375
17.882080078125
7.764145374298096
7.463717937469482
7.189504623413086
6.894129753112793
6.622945785522461
6.401195049285889
6.0608649253845215
5.6750874519348145
5.324656009674072
4.972851753234863
33.17192840576172
32.62934112548828
31.924283981323242
31.213661193847656
30.45523452758789
29.589393615722656
28.832355499267578
28.036815643310547
27.183639526367188
26.42850112915039
3.216217041015625
3.0550131797790527
2.9749045372009277
2.841742992401123
2.776745557785034
2.7067723274230957
2.5765910148620605
2.492497205734253
2.467927932739258
2.3975205421447754
21.043684005737305
20.706125259399414
20.651485443115234
20.382978439331055
20.22867774963379
20.06135368347168
19.83616828918457
19.56829261779785
19.32413673400879
19.19965171813965
2.757815361022949
2.436648368835449
2.147916555404663
2.0426156520843506
1.8083678483963013
1.751603364944458
1.7013864517211914
1.6400799751281738
1.530758023262024
1.4711135625839233
10.730484008789062
10.473560333251953
9.922237396240234
9.074199676513672
8.538604736328125
8.037144660949707
7.570847988128662
7.361652374267578
7.115291118621826
6.976742267608643
3.6481804847717285
3.43420147895813
3.34700608253479
3.2255773544311523
3.0778980255126953
3.0466933250427246
2.9109079837799072
2.8792169094085693
2.789761781692505
2.7033815383911133
7.226811408996582
7.120439529418945
7.004139423370361
6.872469902038574
6.826411247253418
6.609906196594238
6.4075398445129395
6.335410118103027
6.199641704559326
6.123157501220703
1.9717458486557007
1.8450218439102173
1.7999171018600464
1.7759408950805664
1.6299660205841064
1.6245006322860718
1.569760799407959
1.4777413606643677
1.3987574577331543
1.4117136001586914
7.823235034942627
7.69519567489624
7.58527946472168
7.589253902435303
7.394857883453369
7.331634998321533
7.249008655548096
7.1213178634643555
7.07998514175415
6.9331135749816895
