4.237472057342529
4.219699382781982
4.237641334533691
4.207138538360596
4.180343151092529
4.178501605987549
4.167738437652588
4.1900129318237305
4.240746974945068
4.223247528076172
77.18255615234375
75.5374755859375
74.5562744140625
73.51432800292969
72.90459442138672
72.40029907226562
71.23774719238281
70.45276641845703
69.59907531738281
68.89961242675781
3.686014413833618
3.687896251678467
3.6883950233459473
3.689769744873047
3.689950704574585
3.6870551109313965
3.679093837738037
3.6837527751922607
3.684494733810425
3.682191848754883
11.831643104553223
11.646597862243652
11.704483985900879
11.65297794342041
11.51977252960205
11.51097297668457
11.54203987121582
11.430303573608398
11.424309730529785
11.404258728027344
3.6805505752563477
3.6794521808624268
3.6781744956970215
3.6797332763671875
3.679211378097534
3.680720090866089
3.6786563396453857
3.680898427963257
3.6778981685638428
3.6786410808563232
4.0704569816589355
4.06961727142334
4.069901943206787
4.070188522338867
4.069647789001465
4.070528984069824
4.069413185119629
4.070398330688477
4.068063259124756
4.070004463195801
3.4316654205322266
3.432696580886841
3.436039447784424
3.4282734394073486
3.431689977645874
3.4350268840789795
3.429901123046875
3.42822265625
3.426637649536133
3.4324755668640137
13.915087699890137
13.875466346740723
13.854081153869629
13.824830055236816
13.748800277709961
13.69658374786377
13.65176773071289
13.617171287536621
13.499909400939941
13.53069019317627
3.9302337169647217
3.9317331314086914
3.9309616088867188
3.9319591522216797
3.9313080310821533
3.9306869506835938
3.9317870140075684
3.9311163425445557
3.930950880050659
3.9305648803710938
3.891849994659424
3.89160418510437
3.8920345306396484
3.891726016998291
3.8917553424835205
3.8918752670288086
3.8919363021850586
3.8920786380767822
3.8920576572418213
3.891753673553467
3.9288339614868164
3.929108142852783
3.9290809631347656
3.9290242195129395
3.9289636611938477
3.9291322231292725
3.929002285003662
3.9287540912628174
3.9289252758026123
3.929051160812378
4.243511199951172
4.2426605224609375
4.245682716369629
4.243212699890137
4.243495464324951
4.24226188659668
4.243253231048584
4.242571830749512
4.243756294250488
4.245456218719482
