4.237472057342529
4.219699382781982
4.237641334533691
4.207138538360596
4.180343151092529
4.178501605987549
4.167738437652588
4.1900129318237305
4.240746974945068
4.223247528076172
77.18255615234375
75.5374755859375
74.5562744140625
73.51432800292969
72.90459442138672
72.40029907226562
71.23774719238281
70.45276641845703
69.59907531738281
68.89961242675781
3.686014413833618
3.687896251678467
3.6883950233459473
3.689769744873047
3.689950704574585
3.6870551109313965
3.679093837738037
3.6837527751922607
3.684494733810425
3.682191848754883
11.831643104553223
11.646597862243652
11.704483985900879
11.65297794342041
11.51977252960205
11.51097297668457
11.54203987121582
11.430303573608398
11.424309730529785
11.404258728027344
3.6805505752563477
3.6794521808624268
3.6781744956970215
3.6797332763671875
3.679211378097534
3.680720090866089
3.6786563396453857
3.680898427963257
3.6778981685638428
3.6786410808563232
4.0704569816589355
4.06961727142334
4.069901943206787
4.070188522338867
4.069647789001465
4.070528984069824
4.069413185119629
4.070398330688477
4.068063259124756
4.070004463195801
3.4316654205322266
3.432696580886841
3.436039447784424
3.4282734394073486
3.431689977645874
3.4350268840789795
3.429901123046875
3.42822265625
3.426637649536133
3.4324755668640137
13.915087699890137
13.875466346740723
13.854081153869629
13.824830055236816
13.748800277709961
13.69658374786377
13.65176773071289
13.617171287536621
13.499909400939941
13.53069019317627
3.9302337169647217
3.9317331314086914
3.9309616088867188
3.9319591522216797
3.9313080310821533
3.9306869506835938
3.9317870140075684
3.9311163425445557
3.930950880050659
3.9305648803710938
3.891849994659424
3.89160418510437
3.8920345306396484
3.891726016998291
3.8917553424835205
3.8918752670288086
3.8919363021850586
3.8920786380767822
3.8920576572418213
3.891753673553467
3.9288339614868164
3.929108142852783
3.9290809631347656
3.9290242195129395
3.9289636611938477
3.9291322231292725
3.929002285003662
3.9287540912628174
3.9289252758026123
3.929051160812378
4.243511199951172
4.2426605224609375
4.245682716369629
4.243212699890137
4.243495464324951
4.24226188659668
4.243253231048584
4.242571830749512
4.243756294250488
4.245456218719482
91.41435241699219
90.90220642089844
89.92530822753906
88.26976013183594
86.13602447509766
81.2620849609375
75.03659057617188
65.36754608154297
55.23351287841797
48.547088623046875
3.0401971340179443
3.043731212615967
3.0421230792999268
3.0426511764526367
3.0365538597106934
3.040266513824463
3.036966323852539
3.0322532653808594
3.0369696617126465
3.038533926010132
29.19868278503418
29.106691360473633
29.017292022705078
28.95589828491211
28.886932373046875
28.78434944152832
28.587270736694336
28.47704315185547
28.309003829956055
28.174827575683594
17.765596389770508
17.598281860351562
17.364912033081055
17.061908721923828
16.82194709777832
16.52667999267578
16.238216400146484
15.852714538574219
15.510974884033203
15.218018531799316
9.392916679382324
9.053194046020508
8.62768840789795
8.412240028381348
7.858772277832031
7.446966171264648
6.926575183868408
6.4061174392700195
5.674657821655273
5.085989952087402
52.68822479248047
52.18739318847656
51.59284210205078
50.721561431884766
49.62090301513672
47.9211540222168
46.01375198364258
43.274078369140625
40.49069595336914
37.599037170410156
3.561274766921997
3.5655319690704346
3.5602216720581055
3.562406063079834
3.5632314682006836
3.561516761779785
3.557173013687134
3.553788661956787
3.5508382320404053
3.5590083599090576
22.97073745727539
22.942203521728516
22.850261688232422
22.780309677124023
22.719070434570312
22.645814895629883
22.60108184814453
22.481510162353516
22.475622177124023
22.413352966308594
3.672747850418091
3.6728928089141846
3.672896385192871
3.671937942504883
3.671571969985962
3.6715543270111084
3.6720972061157227
3.671834707260132
3.672347068786621
3.670764207839966
4.032508373260498
4.032041549682617
4.031704902648926
4.032955646514893
4.03231143951416
4.031480312347412
4.032047271728516
4.032552242279053
4.030478000640869
4.032198429107666
3.4796688556671143
3.485884189605713
3.487553596496582
3.490447521209717
3.470398426055908
3.465959310531616
3.4684693813323975
3.4639108180999756
3.444216728210449
3.456303358078003
32.57695770263672
32.31656265258789
32.275672912597656
31.85076332092285
31.59538459777832
31.269672393798828
30.95498275756836
30.49654769897461
30.12575912475586
29.665864944458008
