4.237472057342529
4.219699382781982
4.237641334533691
4.207138538360596
4.180343151092529
4.178501605987549
4.167738437652588
4.1900129318237305
4.240746974945068
4.223247528076172
77.18255615234375
75.5374755859375
74.5562744140625
73.51432800292969
72.90459442138672
72.40029907226562
71.23774719238281
70.45276641845703
69.59907531738281
68.89961242675781
3.686014413833618
3.687896251678467
3.6883950233459473
3.689769744873047
3.689950704574585
3.6870551109313965
3.679093837738037
3.6837527751922607
3.684494733810425
3.682191848754883
11.831643104553223
11.646597862243652
11.704483985900879
11.65297794342041
11.51977252960205
11.51097297668457
11.54203987121582
11.430303573608398
11.424309730529785
11.404258728027344
3.6805505752563477
3.6794521808624268
3.6781744956970215
3.6797332763671875
3.679211378097534
3.680720090866089
3.6786563396453857
3.680898427963257
3.6778981685638428
3.6786410808563232
4.0704569816589355
4.06961727142334
4.069901943206787
4.070188522338867
4.069647789001465
4.070528984069824
4.069413185119629
4.070398330688477
4.068063259124756
4.070004463195801
3.4316654205322266
3.432696580886841
3.436039447784424
3.4282734394073486
3.431689977645874
3.4350268840789795
3.429901123046875
3.42822265625
3.426637649536133
3.4324755668640137
13.915087699890137
13.875466346740723
13.854081153869629
13.824830055236816
13.748800277709961
13.69658374786377
13.65176773071289
13.617171287536621
13.499909400939941
13.53069019317627
3.9302337169647217
3.9317331314086914
3.9309616088867188
3.9319591522216797
3.9313080310821533
3.9306869506835938
3.9317870140075684
3.9311163425445557
3.930950880050659
3.9305648803710938
3.891849994659424
3.89160418510437
3.8920345306396484
3.891726016998291
3.8917553424835205
3.8918752670288086
3.8919363021850586
3.8920786380767822
3.8920576572418213
3.891753673553467
3.9288339614868164
3.929108142852783
3.9290809631347656
3.9290242195129395
3.9289636611938477
3.9291322231292725
3.929002285003662
3.9287540912628174
3.9289252758026123
3.929051160812378
4.243511199951172
4.2426605224609375
4.245682716369629
4.243212699890137
4.243495464324951
4.24226188659668
4.243253231048584
4.242571830749512
4.243756294250488
4.245456218719482
91.41435241699219
90.90220642089844
89.92530822753906
88.26976013183594
86.13602447509766
81.2620849609375
75.03659057617188
65.36754608154297
55.23351287841797
48.547088623046875
3.0401971340179443
3.043731212615967
3.0421230792999268
3.0426511764526367
3.0365538597106934
3.040266513824463
3.036966323852539
3.0322532653808594
3.0369696617126465
3.038533926010132
29.19868278503418
29.106691360473633
29.017292022705078
28.95589828491211
28.886932373046875
28.78434944152832
28.587270736694336
28.47704315185547
28.309003829956055
28.174827575683594
17.765596389770508
17.598281860351562
17.364912033081055
17.061908721923828
16.82194709777832
16.52667999267578
16.238216400146484
15.852714538574219
15.510974884033203
15.218018531799316
9.392916679382324
9.053194046020508
8.62768840789795
8.412240028381348
7.858772277832031
7.446966171264648
6.926575183868408
6.4061174392700195
5.674657821655273
5.085989952087402
52.68822479248047
52.18739318847656
51.59284210205078
50.721561431884766
49.62090301513672
47.9211540222168
46.01375198364258
43.274078369140625
40.49069595336914
37.599037170410156
3.561274766921997
3.5655319690704346
3.5602216720581055
3.562406063079834
3.5632314682006836
3.561516761779785
3.557173013687134
3.553788661956787
3.5508382320404053
3.5590083599090576
22.97073745727539
22.942203521728516
22.850261688232422
22.780309677124023
22.719070434570312
22.645814895629883
22.60108184814453
22.481510162353516
22.475622177124023
22.413352966308594
3.672747850418091
3.6728928089141846
3.672896385192871
3.671937942504883
3.671571969985962
3.6715543270111084
3.6720972061157227
3.671834707260132
3.672347068786621
3.670764207839966
4.032508373260498
4.032041549682617
4.031704902648926
4.032955646514893
4.03231143951416
4.031480312347412
4.032047271728516
4.032552242279053
4.030478000640869
4.032198429107666
3.4796688556671143
3.485884189605713
3.487553596496582
3.490447521209717
3.470398426055908
3.465959310531616
3.4684693813323975
3.4639108180999756
3.444216728210449
3.456303358078003
32.57695770263672
32.31656265258789
32.275672912597656
31.85076332092285
31.59538459777832
31.269672393798828
30.95498275756836
30.49654769897461
30.12575912475586
29.665864944458008
3.832986831665039
3.8322463035583496
3.8322153091430664
3.834416627883911
3.8326022624969482
3.832990884780884
3.832728862762451
3.833704710006714
3.8324525356292725
3.834390878677368
6.339235782623291
6.336108684539795
6.338291645050049
6.3362321853637695
6.339844226837158
6.316777229309082
6.330683708190918
6.330533981323242
6.330915451049805
6.326104164123535
3.39290189743042
3.390965700149536
3.3927249908447266
3.391206979751587
3.3900606632232666
3.3898730278015137
3.391826629638672
3.392510414123535
3.389693260192871
3.3877880573272705
4.015344619750977
4.015377998352051
4.015699863433838
4.016058921813965
4.016043663024902
4.015608787536621
4.015590190887451
4.015453338623047
4.015634059906006
4.015598773956299
4.587419509887695
4.591744422912598
4.5881757736206055
4.589473247528076
4.591514587402344
4.58779764175415
4.591209411621094
4.5896759033203125
4.588906288146973
4.584392547607422
19.684879302978516
19.417911529541016
19.131446838378906
18.902376174926758
18.572935104370117
18.11610221862793
17.62442970275879
17.122066497802734
16.449514389038086
15.615038871765137
3.773747682571411
3.7269246578216553
3.7111916542053223
3.7076709270477295
3.7036736011505127
3.710922956466675
3.7136006355285645
3.6969258785247803
3.717221260070801
3.699211835861206
18.692733764648438
18.539566040039062
18.42391586303711
18.24075698852539
18.128097534179688
18.08728790283203
17.86961555480957
17.802549362182617
17.592531204223633
17.507125854492188
3.5540664196014404
3.545217275619507
3.5510401725769043
3.555664539337158
3.5473098754882812
3.560457468032837
3.5536019802093506
3.5488691329956055
3.5478994846343994
3.5463929176330566
3.724076509475708
3.7369043827056885
3.7349677085876465
3.739071846008301
3.738417625427246
3.737427234649658
3.734589099884033
3.7221789360046387
3.7347521781921387
3.719007730484009
2.980501174926758
2.989323377609253
2.9376094341278076
2.9587509632110596
2.9669125080108643
2.976262331008911
2.9476470947265625
2.944888114929199
2.9469375610351562
2.9383866786956787
30.211475372314453
30.041563034057617
29.713850021362305
29.086864471435547
28.708566665649414
28.104366302490234
27.502948760986328
26.739030838012695
25.897377014160156
25.188396453857422
3.2059059143066406
3.2072181701660156
3.203869581222534
3.2104413509368896
3.2035434246063232
3.199390172958374
3.1955676078796387
3.198972225189209
3.192092180252075
3.190547466278076
3.9490301609039307
3.949134111404419
3.948805093765259
3.9497594833374023
3.948489189147949
3.9502081871032715
3.9489214420318604
3.9497358798980713
3.948716640472412
3.9498562812805176
14.241714477539062
14.105863571166992
13.901001930236816
13.57234001159668
13.373308181762695
13.066000938415527
12.837311744689941
12.531219482421875
12.286184310913086
12.080256462097168
3.993734121322632
3.986826181411743
3.9922685623168945
3.989063262939453
3.987118721008301
3.981977939605713
3.973487615585327
3.9766547679901123
3.9807162284851074
3.9769234657287598
26.43499755859375
26.29123306274414
26.028438568115234
25.963144302368164
25.795745849609375
25.535064697265625
25.339204788208008
25.314722061157227
25.03838348388672
24.775806427001953
3.6323835849761963
3.632884979248047
3.631354331970215
3.6315159797668457
3.630632162094116
3.633242130279541
3.6337852478027344
3.6317014694213867
3.631164789199829
3.6300065517425537
3.504992961883545
3.4872214794158936
3.5037944316864014
3.471886396408081
3.4494986534118652
3.4590868949890137
3.443028450012207
3.4713430404663086
3.4223148822784424
3.3715097904205322
14.35810375213623
14.292963981628418
14.10020637512207
14.152471542358398
14.01827335357666
13.88891315460205
13.85855770111084
13.794166564941406
13.625228881835938
13.631053924560547
3.430405616760254
3.4135329723358154
3.4435195922851562
3.406249523162842
3.397310733795166
3.4022302627563477
3.4054086208343506
3.3909740447998047
3.366053342819214
3.365955352783203
3.696715831756592
3.682795763015747
3.691786289215088
3.6973674297332764
3.6846847534179688
3.6893818378448486
3.694866895675659
3.6939897537231445
3.686946392059326
3.685356378555298
21.137405395507812
20.81468963623047
20.370895385742188
20.17544174194336
19.74342918395996
18.93512535095215
18.42868995666504
17.966249465942383
17.14337730407715
16.463672637939453
3.245069742202759
3.2328436374664307
3.232224702835083
3.222557783126831
3.2208638191223145
3.211906909942627
3.2079594135284424
3.218841791152954
3.2102155685424805
3.2050981521606445
3.8910961151123047
3.8835678100585938
3.885042190551758
3.8862709999084473
3.88248872756958
3.885674476623535
3.8781650066375732
3.8818960189819336
3.8840420246124268
3.8849074840545654
7.766879558563232
7.7151641845703125
7.739655494689941
7.698613166809082
7.6329731941223145
7.641260147094727
7.5795793533325195
7.566449165344238
7.508277416229248
7.524869918823242
3.0342745780944824
3.0326108932495117
3.032196044921875
3.020277500152588
3.024430274963379
3.0215940475463867
3.0164709091186523
3.01733660697937
3.0257067680358887
3.021890640258789
3.726456642150879
3.7286875247955322
3.7296154499053955
3.726186990737915
3.730437755584717
3.7282931804656982
3.7302725315093994
3.7265403270721436
3.7290401458740234
3.727863311767578
7.568286895751953
7.545224189758301
7.5028462409973145
7.546294689178467
7.501368999481201
7.527129650115967
7.5019097328186035
7.498337268829346
7.468957424163818
7.464024543762207
3.243029832839966
3.2449374198913574
3.2417726516723633
3.249478578567505
3.2425954341888428
3.2393345832824707
3.237143039703369
3.240605592727661
3.240272283554077
3.2410402297973633
3.5512235164642334
3.5669775009155273
3.5023672580718994
3.4527008533477783
3.467158555984497
3.418057680130005
3.413717746734619
3.385082960128784
3.395672082901001
3.377692461013794
9.984536170959473
9.938304901123047
9.767375946044922
9.51619815826416
9.441553115844727
9.213454246520996
9.094993591308594
9.01855182647705
8.869955062866211
8.727258682250977
3.1962239742279053
3.2003860473632812
3.191239356994629
3.1929264068603516
3.1976065635681152
3.1847152709960938
3.19217586517334
3.1966476440429688
3.1875662803649902
3.1653411388397217
4.169778823852539
4.159533977508545
4.152537822723389
4.143368244171143
4.150458812713623
4.147725582122803
4.130749702453613
4.138534069061279
4.134407043457031
4.1322455406188965
2.572265386581421
2.5463976860046387
2.534273386001587
2.515252113342285
2.5330913066864014
2.5089409351348877
2.5172672271728516
2.5223159790039062
2.4963722229003906
2.4852821826934814
4.926849842071533
4.92584228515625
4.923776149749756
4.928825378417969
4.911164283752441
4.903123378753662
4.9086012840271
4.912663459777832
4.914645195007324
4.902730941772461
3.8881008625030518
3.8911569118499756
3.8909590244293213
3.8855245113372803
3.8885433673858643
3.8905813694000244
3.8831987380981445
3.886817693710327
3.890805721282959
3.8859703540802
3.786757469177246
3.7639293670654297
3.7824769020080566
3.7708425521850586
3.7652103900909424
3.75412917137146
3.754725456237793
3.7529048919677734
3.750223398208618
3.7471179962158203
4.099931240081787
4.085117816925049
4.091198444366455
4.100178241729736
4.081545352935791
4.083437919616699
4.089149475097656
4.082297325134277
4.0583086013793945
4.061420440673828
23.914974212646484
23.69439125061035
23.455747604370117
23.096330642700195
22.83080291748047
22.6477108001709
22.360477447509766
22.2336483001709
21.95107650756836
21.750165939331055
3.4430665969848633
3.4449944496154785
3.457468032836914
3.4423651695251465
3.4343690872192383
3.4321043491363525
3.445638656616211
3.427859306335449
3.435481548309326
3.435089349746704
4.541939735412598
4.5393781661987305
4.540835857391357
4.522565841674805
4.509679794311523
4.517603397369385
4.511187553405762
4.501039028167725
4.510989665985107
4.50304651260376
3.324296474456787
3.32369327545166
3.2905726432800293
3.294041872024536
3.263627290725708
3.2525675296783447
3.274421215057373
3.2640225887298584
3.272350788116455
3.2740237712860107
12.382484436035156
12.12261962890625
11.908825874328613
11.572693824768066
11.271666526794434
11.008047103881836
10.695302963256836
10.513935089111328
10.465121269226074
10.310136795043945
3.7453603744506836
3.7266018390655518
3.7111287117004395
3.7144887447357178
3.7090649604797363
3.7014713287353516
3.715027093887329
3.6790571212768555
3.701148509979248
3.6850836277008057
3.4314815998077393
3.435661792755127
3.4095866680145264
3.3991036415100098
3.4008357524871826
3.3906567096710205
3.3891310691833496
3.3775200843811035
3.3834760189056396
3.3914871215820312
26.195545196533203
25.51447868347168
24.860666275024414
24.479948043823242
23.99401092529297
23.578754425048828
23.253511428833008
22.583641052246094
22.083913803100586
21.556806564331055
2.9953343868255615
3.014683723449707
2.948489189147949
2.940488815307617
2.927090644836426
2.8833730220794678
2.813789129257202
2.8418970108032227
2.7958855628967285
2.821162223815918
2.497124671936035
2.4741134643554688
2.467669725418091
2.474182367324829
2.4539401531219482
2.4555606842041016
2.458833694458008
2.4516139030456543
2.425513744354248
2.4656548500061035
5.818517684936523
5.833369731903076
5.827702045440674
5.818911552429199
5.818399906158447
5.817412376403809
5.807788372039795
5.813584327697754
5.795741558074951
5.7931413650512695
3.6087417602539062
3.591702699661255
3.612353563308716
3.5990495681762695
3.5815861225128174
3.6078882217407227
3.5591354370117188
3.573546886444092
3.5860917568206787
3.5729265213012695
5.202030181884766
5.2133283615112305
5.182187080383301
5.146434307098389
5.114643096923828
5.099085807800293
5.059967994689941
5.044161796569824
5.02323055267334
5.0207977294921875
3.5556702613830566
3.541140079498291
3.5477259159088135
3.544079303741455
3.529684543609619
3.5578598976135254
3.548877239227295
3.544740915298462
3.5391156673431396
3.536332607269287
3.7622809410095215
3.760200262069702
3.761462688446045
3.75895094871521
3.7631988525390625
3.7620177268981934
3.761073112487793
3.7650833129882812
3.761641263961792
3.7566921710968018
3.112506628036499
3.1040682792663574
3.082167148590088
3.0785129070281982
3.0938005447387695
3.0796303749084473
3.073765754699707
3.059206485748291
3.0506489276885986
3.043884038925171
8.83526611328125
8.714107513427734
8.713366508483887
8.640375137329102
8.553812026977539
8.553873062133789
8.419379234313965
8.362022399902344
8.389902114868164
8.287361145019531
3.6406800746917725
3.611938714981079
3.618731737136841
3.6195404529571533
3.593756675720215
3.613851547241211
3.5695996284484863
3.547295331954956
3.547950029373169
3.538733959197998
4.03817892074585
4.025142669677734
4.020071983337402
4.025426387786865
4.012117385864258
4.014627933502197
4.01525354385376
4.004897117614746
4.013890266418457
4.022552490234375
4.32314920425415
3.942473888397217
3.7268083095550537
3.4918441772460938
3.338587522506714
3.1697402000427246
3.1150856018066406
3.0223441123962402
2.99587082862854
2.9616341590881348
23.616548538208008
23.55966567993164
23.42487335205078
23.371288299560547
23.3228702545166
23.16965675354004
23.11322021484375
23.008041381835938
22.99993896484375
22.857534408569336
8.565605163574219
8.068655014038086
7.842100143432617
7.540739059448242
7.330303192138672
7.209429740905762
6.998405456542969
6.940035820007324
6.7761383056640625
6.637925148010254
8.685995101928711
8.322794914245605
7.961972236633301
7.272121429443359
6.61027193069458
5.824802398681641
5.011713981628418
4.420478343963623
4.122886657714844
3.8836090564727783
16.46353530883789
16.211278915405273
16.09038734436035
16.039936065673828
15.808274269104004
15.728731155395508
15.481809616088867
15.387178421020508
15.320534706115723
15.053895950317383
2.93858003616333
2.9074504375457764
2.934089422225952
2.9016404151916504
2.8815789222717285
2.8864524364471436
2.895932912826538
2.874192237854004
2.8732218742370605
2.855123281478882
4.159724235534668
4.14686393737793
4.147882461547852
4.153186798095703
4.1462507247924805
4.159217357635498
4.151829242706299
4.144988059997559
4.144349098205566
4.146316051483154
4.366879463195801
4.34849214553833
4.2863359451293945
4.323513984680176
4.268988132476807
4.224499225616455
4.204157829284668
4.111635684967041
4.076537132263184
4.047844409942627
3.8504679203033447
3.7935194969177246
3.7554917335510254
3.7161784172058105
3.658808708190918
3.628567934036255
3.5761075019836426
3.498689651489258
3.4912219047546387
3.4591708183288574
6.246799468994141
6.222786903381348
6.187942028045654
6.1940412521362305
6.166396617889404
6.139788627624512
6.130599498748779
6.100912094116211
6.099205493927002
6.099795341491699
3.570662260055542
3.574021339416504
3.5062291622161865
3.523972511291504
3.438998222351074
3.429870843887329
3.454866886138916
3.4436869621276855
3.389498710632324
3.3783488273620605
5.092275619506836
5.062277793884277
5.080074787139893
5.025354385375977
4.990177154541016
4.9974470138549805
4.97813081741333
4.945882320404053
4.919257640838623
4.908785343170166
3.031385898590088
2.91809344291687
2.9663076400756836
2.9162745475769043
2.8542122840881348
2.8116676807403564
2.740159511566162
2.695601463317871
2.7048678398132324
2.6675806045532227
36.37810516357422
35.135780334472656
33.979190826416016
33.13377380371094
32.413299560546875
31.940814971923828
31.466842651367188
31.02488899230957
30.5994873046875
30.239992141723633
3.752375602722168
3.718776226043701
3.7250964641571045
3.6973540782928467
3.71163272857666
3.6786022186279297
3.6976399421691895
3.6399776935577393
3.657398223876953
3.649960517883301
3.709386110305786
3.6931545734405518
3.6723079681396484
3.6757965087890625
3.667046308517456
3.6867904663085938
3.683018445968628
3.678220510482788
3.681943655014038
3.682584285736084
6.54561710357666
6.450690269470215
6.335719108581543
6.113441467285156
5.956967830657959
5.8055548667907715
5.600381374359131
5.408855438232422
5.225752830505371
5.0498809814453125
12.925618171691895
12.867094993591309
12.408794403076172
12.300182342529297
11.971029281616211
11.68305492401123
11.343894004821777
10.942090034484863
10.703119277954102
10.340921401977539
1.7248605489730835
1.6773605346679688
1.674534797668457
1.4051510095596313
1.4100581407546997
1.2363955974578857
1.2409913539886475
1.1767959594726562
1.1009286642074585
1.0969434976577759
21.1796875
20.630884170532227
20.22597885131836
19.705289840698242
19.061725616455078
18.502944946289062
17.881511688232422
17.397764205932617
16.920196533203125
16.56601905822754
4.3845295906066895
4.3624796867370605
4.234735488891602
4.062941551208496
3.9821367263793945
3.898252248764038
3.7338619232177734
3.6575706005096436
3.4669370651245117
3.35903000831604
7.348000526428223
7.202887535095215
7.245817184448242
7.116086959838867
7.085712909698486
6.987809658050537
6.8762593269348145
6.857359886169434
6.725752353668213
6.742666721343994
2.902071475982666
2.8715739250183105
2.838848352432251
2.849820852279663
2.7845354080200195
2.7834534645080566
2.7760555744171143
2.7585082054138184
2.7338318824768066
2.6997084617614746
4.164177417755127
4.180191516876221
4.151118755340576
4.109276294708252
4.058192253112793
4.037413120269775
4.046761512756348
3.9813241958618164
3.96555233001709
3.9970850944519043
7.175283908843994
7.121640682220459
6.878387928009033
6.675300121307373
6.577982425689697
6.391847610473633
6.314010143280029
6.063045024871826
5.83219051361084
5.64540958404541
5.773632526397705
5.684409141540527
5.599615097045898
5.441304683685303
5.497665882110596
5.304225444793701
5.192928314208984
5.196988582611084
5.064262866973877
4.980501174926758
2.7127797603607178
2.696012496948242
2.697411060333252
2.68333101272583
2.630983829498291
2.6345534324645996
2.611189126968384
2.6140825748443604
2.5844004154205322
2.597918748855591
5.654392719268799
5.600053310394287
5.579324722290039
5.575656414031982
5.54315185546875
5.551055908203125
5.524167060852051
5.509157657623291
5.511726379394531
5.467709541320801
3.7975409030914307
3.726801633834839
3.738574743270874
3.703421115875244
3.6046457290649414
3.5975985527038574
3.5799596309661865
3.525433301925659
3.503194808959961
3.4722132682800293
5.740584373474121
5.744253158569336
5.706704139709473
5.707892894744873
5.671758651733398
5.639420032501221
5.664112091064453
5.642212867736816
5.626941204071045
5.595690727233887
2.011228561401367
1.9790838956832886
1.9286768436431885
1.9269616603851318
1.870413899421692
1.8588329553604126
1.8152458667755127
1.806972861289978
1.821035623550415
1.7819769382476807
10.482870101928711
10.345316886901855
10.290898323059082
10.232391357421875
10.148087501525879
10.041356086730957
9.959207534790039
9.830888748168945
9.769542694091797
9.727954864501953
2.545276403427124
2.3351707458496094
2.2816243171691895
2.08270263671875
2.1148126125335693
2.019364595413208
1.9840861558914185
1.8958958387374878
1.8984942436218262
1.850125789642334
10.09486198425293
9.985102653503418
9.848494529724121
9.707972526550293
9.481072425842285
9.356586456298828
9.056249618530273
8.860750198364258
8.660104751586914
8.379721641540527
4.5744948387146
4.463919639587402
4.3475823402404785
4.263298511505127
4.178572177886963
4.137048721313477
4.042660713195801
3.9923057556152344
3.9139533042907715
3.8586695194244385
3.135936737060547
3.1500465869903564
3.1386477947235107
3.1138906478881836
3.1047887802124023
3.1235716342926025
3.113532781600952
3.11255145072937
3.102607011795044
3.111180543899536
27.423341751098633
24.01245880126953
19.714723587036133
18.260623931884766
17.40212059020996
16.649105072021484
15.985424041748047
15.511826515197754
15.439095497131348
14.927877426147461
6.377661228179932
6.2683424949646
6.112240791320801
5.987088203430176
5.8760457038879395
5.622592449188232
5.4612274169921875
5.29481840133667
5.145855903625488
4.959938049316406
3.827204704284668
3.744450092315674
3.7829816341400146
3.7196738719940186
3.71060848236084
3.727076292037964
3.6635546684265137
3.62941837310791
3.6303927898406982
3.613201379776001
6.625400066375732
6.614550590515137
6.592152118682861
6.521956920623779
6.499557018280029
6.500814437866211
6.461253643035889
6.411681175231934
6.384191989898682
6.3760247230529785
3.1279189586639404
3.03346848487854
3.0107245445251465
2.9358632564544678
2.949097156524658
2.9092812538146973
2.8832225799560547
2.881531238555908
2.831200361251831
2.8250036239624023
7.112226486206055
7.067945957183838
7.043003082275391
7.011081218719482
7.016244888305664
6.966733455657959
6.937254905700684
6.889400005340576
6.887876510620117
6.812820911407471
2.8931331634521484
2.8588523864746094
2.8682210445404053
2.84509015083313
2.830475330352783
2.8020615577697754
2.7515101432800293
2.7550830841064453
2.713909149169922
2.6912758350372314
4.754728317260742
4.759794235229492
4.658625602722168
4.5843186378479
4.578976631164551
4.51212739944458
4.493797302246094
4.51321268081665
4.475313663482666
4.431950569152832
2.406481981277466
2.1527159214019775
2.101832866668701
2.0228936672210693
2.024070978164673
1.8544057607650757
1.8724451065063477
1.7829663753509521
1.6556391716003418
1.6263256072998047
7.547505855560303
7.486258506774902
7.426385879516602
7.382735252380371
7.31599760055542
7.2409234046936035
7.1897430419921875
7.136778354644775
7.106784343719482
7.046209335327148
3.4215140342712402
3.3618102073669434
3.324528694152832
3.2690353393554688
3.246445655822754
3.191781520843506
3.0933339595794678
3.1534433364868164
3.064438819885254
3.066851854324341
4.115664005279541
4.133973121643066
4.078489303588867
4.069809913635254
4.0881805419921875
4.030337810516357
4.015621185302734
4.0351762771606445
3.9725468158721924
3.9823224544525146
5.488556861877441
5.121613025665283
5.070612907409668
4.854495525360107
4.894042015075684
4.805668830871582
4.740073204040527
4.736212730407715
4.736164093017578
4.592116832733154
3.5977208614349365
3.602566719055176
3.5786304473876953
3.6135683059692383
3.5633604526519775
3.5712223052978516
3.539149761199951
3.509840488433838
3.5110409259796143
3.512765884399414
1.7555668354034424
1.4923536777496338
1.4826310873031616
1.3063164949417114
1.3321545124053955
1.2307101488113403
1.21551513671875
1.1220358610153198
1.0907658338546753
1.1007999181747437
9.318986892700195
9.291472434997559
9.19348430633545
9.111749649047852
9.103557586669922
9.025788307189941
8.989961624145508
8.928722381591797
8.784756660461426
8.76694107055664
2.209331750869751
2.1763525009155273
2.1460120677948
2.14677095413208
2.101503610610962
2.077000141143799
2.0164599418640137
2.0201356410980225
2.017526865005493
1.9880653619766235
10.951128959655762
10.816725730895996
10.768654823303223
10.644465446472168
10.571366310119629
10.471451759338379
10.364302635192871
10.35987377166748
10.242618560791016
10.229376792907715
3.6821696758270264
3.6237311363220215
3.5807855129241943
3.536238193511963
3.527052640914917
3.4797215461730957
3.4920144081115723
3.4322962760925293
3.4342234134674072
3.3924739360809326
9.301228523254395
9.159271240234375
8.9981050491333
8.801189422607422
8.6929931640625
8.590142250061035
8.474518775939941
8.249374389648438
8.25771427154541
7.920845985412598
2.2878787517547607
2.0965077877044678
2.071932077407837
1.9691084623336792
1.846634864807129
1.7554444074630737
1.7752176523208618
1.6851181983947754
1.6066639423370361
1.610591173171997
9.64477825164795
9.32117748260498
8.84847640991211
8.648681640625
8.185715675354004
7.8548502922058105
7.59432315826416
7.500511169433594
7.213346004486084
7.045092582702637
3.533627510070801
3.412153959274292
3.2867536544799805
3.230091094970703
3.145754814147949
3.164592742919922
3.0804498195648193
3.0390968322753906
2.9967546463012695
3.031900644302368
5.1029438972473145
5.042267322540283
4.942675590515137
4.87972354888916
4.810329914093018
4.7702531814575195
4.69669771194458
4.638615608215332
4.602731704711914
4.5421223640441895
2.283522844314575
2.1884686946868896
2.140345573425293
1.9909286499023438
1.9114537239074707
1.8528615236282349
1.7614002227783203
1.6913813352584839
1.5602725744247437
1.5294926166534424
20.192777633666992
20.011764526367188
19.659273147583008
19.36150550842285
19.087331771850586
18.87928009033203
18.498064041137695
18.282625198364258
18.10493278503418
17.906923294067383
2.545790433883667
2.462472915649414
2.314002275466919
2.1686110496520996
2.0680222511291504
1.9695253372192383
1.822055459022522
1.7926278114318848
1.6999702453613281
1.6251838207244873
11.646345138549805
11.427136421203613
11.2741060256958
11.062952995300293
10.827247619628906
10.724532127380371
10.521129608154297
10.50829029083252
10.285855293273926
10.26449966430664
2.2228426933288574
2.1924314498901367
2.1191577911376953
2.077747344970703
1.9769660234451294
1.9855387210845947
1.9631904363632202
1.9517990350723267
1.9233983755111694
1.8350452184677124
12.986438751220703
12.940361976623535
12.811704635620117
12.665003776550293
12.517621994018555
12.436768531799316
12.278396606445312
12.24337387084961
12.128511428833008
11.98157024383545
2.893198251724243
2.7277326583862305
2.6404478549957275
2.4459009170532227
2.454519748687744
2.374336004257202
2.321897506713867
2.2357516288757324
2.1629037857055664
2.1306047439575195
10.923791885375977
10.63372802734375
10.475310325622559
10.348254203796387
10.24930191040039
9.968507766723633
9.851346015930176
9.643441200256348
9.579432487487793
9.436334609985352
1.2840361595153809
1.2849726676940918
1.252521276473999
1.1591979265213013
1.1324483156204224
1.147018313407898
1.1185524463653564
1.0277369022369385
1.0417182445526123
1.0201870203018188
7.966719627380371
7.952335834503174
7.852358818054199
7.790826320648193
7.775172233581543
7.65853214263916
7.670487880706787
7.632880687713623
7.503731727600098
7.501023292541504
2.976685047149658
2.883340835571289
2.8552229404449463
2.8214027881622314
2.7985785007476807
2.7784230709075928
2.7466204166412354
2.7025747299194336
2.7005765438079834
2.694138526916504
7.469475269317627
7.415332794189453
7.364297866821289
7.300901412963867
7.244075775146484
7.2253594398498535
7.155246734619141
7.127589702606201
7.0723748207092285
7.038983345031738
3.0316061973571777
2.990354299545288
2.9815237522125244
2.9092323780059814
2.8619375228881836
2.8803277015686035
2.8714661598205566
2.7959189414978027
2.818809986114502
2.764458179473877
4.646575927734375
4.645669937133789
4.611207962036133
4.615105152130127
4.609264850616455
4.588111400604248
4.57149076461792
4.546380519866943
4.54051399230957
4.5536274909973145
2.3052141666412354
2.121103525161743
1.9180917739868164
1.7217531204223633
1.5532536506652832
1.4452083110809326
1.3740395307540894
1.214644432067871
1.1220409870147705
1.008334994316101
14.310842514038086
14.082419395446777
13.820490837097168
13.790578842163086
13.606849670410156
13.470893859863281
13.344820022583008
13.085957527160645
12.968215942382812
12.615090370178223
2.9053866863250732
2.8838226795196533
2.8233354091644287
2.80843186378479
2.7135984897613525
2.709091901779175
2.7275218963623047
2.6373517513275146
2.632824659347534
2.5449020862579346
24.59754180908203
23.355300903320312
21.880090713500977
20.080501556396484
18.124290466308594
16.667829513549805
14.751102447509766
13.159236907958984
11.96506404876709
10.774916648864746
2.536590576171875
2.4161040782928467
2.350123405456543
2.311282157897949
2.2373154163360596
2.18768310546875
2.147644519805908
2.073596954345703
2.013418197631836
2.0383079051971436
14.287308692932129
13.339154243469238
12.494730949401855
11.728705406188965
11.004079818725586
10.53615951538086
9.944731712341309
9.641592025756836
9.337274551391602
8.930068016052246
1.997557282447815
1.8986197710037231
1.905434012413025
1.8047044277191162
1.8250378370285034
1.7285798788070679
1.687494158744812
1.6410114765167236
1.600051999092102
1.5550297498703003
9.450928688049316
9.366697311401367
9.234281539916992
9.213911056518555
8.911208152770996
8.837255477905273
8.65659236907959
8.424348831176758
8.326902389526367
8.150020599365234
3.664301633834839
3.556199312210083
3.446655750274658
3.327650785446167
3.2311742305755615
3.0900514125823975
3.076667308807373
3.0054056644439697
2.9656941890716553
2.9195053577423096
8.024621963500977
7.970053672790527
7.804049015045166
7.611075401306152
7.492887496948242
7.379589557647705
7.174042224884033
7.10901403427124
6.961874961853027
6.850219249725342
2.8410537242889404
2.7446703910827637
2.6467370986938477
2.6600654125213623
2.5780904293060303
2.5700626373291016
2.545102834701538
2.5339767932891846
2.4913406372070312
2.4801902770996094
4.463289737701416
4.3768630027771
4.337001323699951
4.287675380706787
4.261371612548828
4.2239203453063965
4.213141918182373
4.164389610290527
4.140869140625
4.106840133666992
1.8332126140594482
1.67527174949646
1.584471583366394
1.4951196908950806
1.464372158050537
1.4013164043426514
1.316385269165039
1.2626187801361084
1.2993605136871338
1.2953362464904785
18.235855102539062
17.816436767578125
17.441715240478516
17.05352210998535
16.82213592529297
16.538196563720703
16.267011642456055
15.992698669433594
15.693345069885254
15.310863494873047
3.7948484420776367
3.6685383319854736
3.586613655090332
3.4256136417388916
3.3314850330352783
3.2706918716430664
3.2023231983184814
3.138838529586792
3.0479705333709717
3.039140462875366
9.149847030639648
8.934164047241211
8.69616413116455
8.487261772155762
8.370635032653809
8.18781852722168
7.96985387802124
7.670651435852051
7.504907608032227
7.170468807220459
5.098898410797119
4.797252178192139
4.39175271987915
4.16077995300293
3.816740036010742
3.5873515605926514
3.2915596961975098
3.099053144454956
2.9262332916259766
2.860776662826538
30.82146453857422
30.122020721435547
29.737083435058594
29.371362686157227
28.38913345336914
27.759483337402344
27.33177375793457
26.71807861328125
26.12441062927246
25.463272094726562
2.69353985786438
2.4949233531951904
2.322857141494751
2.1298558712005615
2.0672950744628906
2.002305269241333
1.927313208580017
1.8770955801010132
1.7761644124984741
1.7798088788986206
7.637243747711182
7.536147117614746
7.367403984069824
7.284937381744385
7.185860633850098
7.087835311889648
6.95692777633667
6.8514533042907715
6.749377250671387
6.695140838623047
3.851597785949707
3.7716734409332275
3.766993522644043
3.6848573684692383
3.6715097427368164
3.6258656978607178
3.564270496368408
3.5274791717529297
3.4632694721221924
3.4724490642547607
6.853634357452393
6.815527439117432
6.749982833862305
6.700579643249512
6.681259632110596
6.632159233093262
6.583941459655762
6.566903114318848
6.517817497253418
6.509632110595703
4.200028896331787
4.134767055511475
4.066073417663574
3.9842917919158936
3.8881735801696777
3.8362338542938232
3.7403910160064697
3.750065565109253
3.6124424934387207
3.584354877471924
7.363833904266357
7.32076358795166
7.278166770935059
7.167286396026611
7.18588399887085
7.012623310089111
7.020901679992676
6.970774173736572
6.902573585510254
6.913515090942383
3.58335542678833
3.5209317207336426
3.307622194290161
3.17982816696167
3.1421866416931152
3.039353609085083
2.890360116958618
2.9097414016723633
2.7590975761413574
2.7195804119110107
18.187456130981445
17.935672760009766
17.855148315429688
17.511415481567383
17.427579879760742
17.20774269104004
17.150300979614258
16.96632194519043
16.876327514648438
16.798328399658203
0.046769820153713226
0.04702402651309967
0.04146309196949005
0.03982152044773102
0.04501226544380188
0.04254825413227081
0.03473726660013199
0.03656375780701637
0.032896652817726135
0.04324907064437866
18.12871551513672
17.583145141601562
16.974288940429688
16.518077850341797
15.818881034851074
15.296113967895508
14.547050476074219
13.689661979675293
12.929811477661133
12.199966430664062
4.03963565826416
3.906996965408325
3.8746087551116943
3.8198482990264893
3.7974438667297363
3.7102389335632324
3.7044410705566406
3.6089091300964355
3.591379404067993
3.5146217346191406
17.677963256835938
17.193862915039062
16.794395446777344
16.52712059020996
15.991806983947754
15.44471549987793
15.11018180847168
14.59453296661377
13.999262809753418
13.41960620880127
3.4203624725341797
3.100198268890381
2.92753267288208
2.654839515686035
2.502547025680542
2.325782299041748
2.1050634384155273
2.017012357711792
1.9169787168502808
1.8002654314041138
5.657262802124023
5.5194807052612305
5.43864631652832
5.344380855560303
5.253940105438232
5.182502746582031
5.128284454345703
5.017622947692871
4.987334251403809
4.8857269287109375
2.4858715534210205
2.359856367111206
2.299461841583252
2.1584367752075195
2.020756721496582
2.0372562408447266
1.9022111892700195
1.8550406694412231
1.7389354705810547
1.7511547803878784
14.496036529541016
14.334419250488281
14.165480613708496
13.953219413757324
13.861072540283203
13.665011405944824
13.428567886352539
13.337427139282227
13.249709129333496
13.102778434753418
2.9167234897613525
2.878286361694336
2.8227555751800537
2.8273282051086426
2.7133970260620117
2.6635446548461914
2.646615743637085
2.5929040908813477
2.5843122005462646
2.5384011268615723
7.19967794418335
7.116393566131592
7.138794898986816
6.965832233428955
6.953580379486084
6.83991813659668
6.721323490142822
6.619268894195557
6.605038642883301
6.482831001281738
0.1410273313522339
0.16700169444084167
0.12805534899234772
0.1608860343694687
0.12818270921707153
0.1586037576198578
0.11588600277900696
0.08301769196987152
0.11003827303647995
0.07925133407115936
20.902769088745117
20.380550384521484
20.054582595825195
19.71523094177246
19.41990089416504
19.104467391967773
18.609970092773438
18.373205184936523
18.160003662109375
17.882080078125
7.764145374298096
7.463717937469482
7.189504623413086
6.894129753112793
6.622945785522461
6.401195049285889
6.0608649253845215
5.6750874519348145
5.324656009674072
4.972851753234863
33.17192840576172
32.62934112548828
31.924283981323242
31.213661193847656
30.45523452758789
29.589393615722656
28.832355499267578
28.036815643310547
27.183639526367188
26.42850112915039
3.216217041015625
3.0550131797790527
2.9749045372009277
2.841742992401123
2.776745557785034
2.7067723274230957
2.5765910148620605
2.492497205734253
2.467927932739258
2.3975205421447754
21.043684005737305
20.706125259399414
20.651485443115234
20.382978439331055
20.22867774963379
20.06135368347168
19.83616828918457
19.56829261779785
19.32413673400879
19.19965171813965
2.757815361022949
2.436648368835449
2.147916555404663
2.0426156520843506
1.8083678483963013
1.751603364944458
1.7013864517211914
1.6400799751281738
1.530758023262024
1.4711135625839233
10.730484008789062
10.473560333251953
9.922237396240234
9.074199676513672
8.538604736328125
8.037144660949707
7.570847988128662
7.361652374267578
7.115291118621826
6.976742267608643
3.6481804847717285
3.43420147895813
3.34700608253479
3.2255773544311523
3.0778980255126953
3.0466933250427246
2.9109079837799072
2.8792169094085693
2.789761781692505
2.7033815383911133
7.226811408996582
7.120439529418945
7.004139423370361
6.872469902038574
6.826411247253418
6.609906196594238
6.4075398445129395
6.335410118103027
6.199641704559326
6.123157501220703
1.9717458486557007
1.8450218439102173
1.7999171018600464
1.7759408950805664
1.6299660205841064
1.6245006322860718
1.569760799407959
1.4777413606643677
1.3987574577331543
1.4117136001586914
7.823235034942627
7.69519567489624
7.58527946472168
7.589253902435303
7.394857883453369
7.331634998321533
7.249008655548096
7.1213178634643555
7.07998514175415
6.9331135749816895
2.5695478916168213
2.4037246704101562
2.176393508911133
2.1326003074645996
1.918770670890808
1.9085756540298462
1.7686747312545776
1.6381207704544067
1.5729793310165405
1.4493049383163452
30.452394485473633
29.68536949157715
28.953964233398438
28.481639862060547
27.633968353271484
26.745738983154297
25.713768005371094
24.202665328979492
22.846933364868164
21.12445640563965
11.149321556091309
9.59041976928711
8.450582504272461
7.878758907318115
7.623874187469482
7.416062831878662
7.144003391265869
6.949918746948242
6.642282485961914
6.389055252075195
34.97616195678711
34.56790542602539
34.04127502441406
33.222476959228516
32.193389892578125
30.43810272216797
28.46927833557129
26.12301254272461
22.947580337524414
19.711044311523438
2.2935447692871094
2.191661834716797
2.0580151081085205
1.9490092992782593
1.8287287950515747
1.7188036441802979
1.5633022785186768
1.558437705039978
1.3919354677200317
1.3589978218078613
21.228376388549805
20.680927276611328
20.22715950012207
19.7380428314209
19.133222579956055
18.547218322753906
17.90945053100586
17.401113510131836
16.74791145324707
15.924216270446777
3.4494822025299072
3.3428194522857666
3.1922872066497803
2.967541217803955
2.8820207118988037
2.579571485519409
2.5295615196228027
2.3166279792785645
2.236924171447754
2.096529006958008
6.3627214431762695
6.216730117797852
6.105810642242432
6.026870250701904
5.8765692710876465
5.704683780670166
5.654814720153809
5.532812118530273
5.462784290313721
5.389834403991699
3.3399369716644287
3.3026442527770996
3.155654191970825
3.068047046661377
2.9786932468414307
3.005154609680176
2.8708536624908447
2.8155839443206787
2.802135944366455
2.704551935195923
8.428037643432617
8.303973197937012
8.165751457214355
8.089153289794922
7.8976969718933105
7.743844509124756
7.678893566131592
7.419502258300781
7.438863277435303
7.239067077636719
1.6808303594589233
1.6302629709243774
1.644789218902588
1.5618220567703247
1.547256588935852
1.5101224184036255
1.4205268621444702
1.3808096647262573
1.3476980924606323
1.2782491445541382
4.707634449005127
4.6559271812438965
4.6160125732421875
4.563720226287842
4.564971923828125
4.5263991355896
4.480091094970703
4.451995372772217
4.406210422515869
4.391568183898926
3.0441734790802
3.0912840366363525
2.9759364128112793
2.879026174545288
2.7431840896606445
2.786593198776245
2.640000820159912
2.6451897621154785
2.559675693511963
2.5861568450927734
9.83405590057373
9.742144584655762
9.646622657775879
9.43427562713623
9.300335884094238
9.149502754211426
8.901286125183105
8.60519027709961
8.454747200012207
8.192914009094238
1.4150346517562866
1.0430279970169067
0.6988515257835388
0.6906729340553284
0.5593098402023315
0.44497376680374146
0.44388115406036377
0.4520289897918701
0.3173898160457611
0.3804381787776947
17.56455421447754
17.111143112182617
16.606643676757812
16.067922592163086
15.491567611694336
14.813958168029785
14.334993362426758
13.700525283813477
13.180824279785156
12.633685111999512
12.182190895080566
11.494686126708984
10.836516380310059
10.214452743530273
9.302498817443848
8.317410469055176
7.456599235534668
6.217685222625732
5.492432594299316
4.869220733642578
37.79865646362305
36.83558654785156
36.02368927001953
35.2499885559082
34.170101165771484
33.36018753051758
32.42404556274414
31.402149200439453
30.7707462310791
29.896987915039062
3.250397205352783
3.1273608207702637
2.9040470123291016
2.8226547241210938
2.7022833824157715
2.5440120697021484
2.407805919647217
2.25719952583313
2.1211934089660645
1.9017696380615234
8.655525207519531
8.371232986450195
8.158601760864258
7.991035461425781
7.798957824707031
7.624301910400391
7.52829122543335
7.3908467292785645
7.245786190032959
7.1614766120910645
3.6310033798217773
3.51706862449646
3.404217481613159
3.3855106830596924
3.235128879547119
3.1409895420074463
3.056476593017578
3.0456881523132324
2.9334940910339355
2.8271687030792236
6.1120100021362305
6.126516342163086
5.947336196899414
5.889084815979004
5.805419445037842
5.749333381652832
5.657618045806885
5.595936298370361
5.494216442108154
5.3759002685546875
1.5916564464569092
1.5132627487182617
1.4251234531402588
1.3876633644104004
1.3299628496170044
1.2255916595458984
1.1865556240081787
1.2033512592315674
1.1549733877182007
1.1365270614624023
5.230179309844971
5.154509544372559
5.146087646484375
5.134848594665527
5.08230447769165
5.042983055114746
4.986514091491699
4.940383434295654
4.914010524749756
4.895855903625488
4.256507873535156
4.2624311447143555
4.096251487731934
4.02260684967041
3.8997604846954346
3.792698621749878
3.7253096103668213
3.5623183250427246
3.4556691646575928
3.2385175228118896
22.477487564086914
21.940258026123047
21.078601837158203
20.08224105834961
19.11709976196289
17.95790672302246
16.990020751953125
16.22117042541504
15.133241653442383
14.667490005493164
3.8082613945007324
3.6614904403686523
3.550558090209961
3.502525806427002
3.4478816986083984
3.2513434886932373
3.3116261959075928
3.1352672576904297
2.988544464111328
2.9682257175445557
26.155643463134766
25.874801635742188
25.41716957092285
25.38440704345703
24.467487335205078
24.627140045166016
24.157119750976562
23.85953140258789
23.158090591430664
22.685644149780273
1.041439414024353
0.9768185615539551
0.8496900796890259
0.8261262774467468
0.7619426846504211
0.7514259219169617
0.6902338266372681
0.6691478490829468
0.6086539030075073
0.5794976353645325
22.563549041748047
22.409894943237305
21.78229522705078
21.763029098510742
21.29233741760254
20.852828979492188
20.72141456604004
20.480817794799805
19.94117546081543
19.679359436035156
2.9750771522521973
2.8430490493774414
2.73479962348938
2.698054552078247
2.6538424491882324
2.5705740451812744
2.5115389823913574
2.465581178665161
2.380415678024292
2.34712290763855
8.713508605957031
8.45473575592041
8.263847351074219
8.061922073364258
7.862736225128174
7.681728363037109
7.493633270263672
7.4189653396606445
7.240891456604004
7.1477460861206055
4.75076961517334
4.492469787597656
4.320064067840576
4.195997714996338
4.017852783203125
3.8074307441711426
3.6721765995025635
3.4577910900115967
3.3170154094696045
3.1119441986083984
4.505417823791504
4.451485633850098
4.429772853851318
4.292436599731445
4.2755608558654785
4.188338279724121
4.180612564086914
4.12760066986084
4.037357330322266
4.061147212982178
0.09014985710382462
0.08997050672769547
0.08410799503326416
0.08523844182491302
0.07694912701845169
0.08589497208595276
0.07779406756162643
0.08253370225429535
0.08050090819597244
0.08447366207838058
15.54460334777832
15.296241760253906
15.316841125488281
15.163930892944336
15.010502815246582
14.885454177856445
14.664095878601074
14.585197448730469
14.45580005645752
14.340264320373535
16.269399642944336
15.977147102355957
15.508371353149414
15.227166175842285
14.844278335571289
14.499865531921387
13.977088928222656
13.661659240722656
13.329028129577637
12.999985694885254
6.1034770011901855
5.962257385253906
5.861272811889648
5.86854362487793
5.731569766998291
5.632264137268066
5.616905689239502
5.549069881439209
5.430161476135254
5.403013706207275
26.326114654541016
26.20218849182129
25.898664474487305
25.22949981689453
24.770843505859375
24.36317253112793
24.263233184814453
23.66980743408203
23.4652042388916
23.113256454467773
2.986798048019409
2.4358956813812256
2.108311653137207
1.8391681909561157
1.5491260290145874
1.3392908573150635
1.2103182077407837
1.0922772884368896
1.0400636196136475
0.927273690700531
17.822677612304688
17.485902786254883
17.290355682373047
16.983184814453125
16.747262954711914
16.309263229370117
15.93808364868164
15.536455154418945
15.215228080749512
14.890884399414062
14.49786376953125
14.180331230163574
13.876113891601562
13.471586227416992
13.108844757080078
12.857332229614258
12.514669418334961
12.092484474182129
11.655014038085938
11.29992961883545
2.4552602767944336
2.2924280166625977
2.141890525817871
2.0416877269744873
1.8948489427566528
1.8025850057601929
1.703758716583252
1.6634894609451294
1.509488582611084
1.5352574586868286
9.174029350280762
9.040791511535645
8.753839492797852
8.471110343933105
8.245099067687988
7.957981109619141
7.784121036529541
7.554460048675537
7.428733825683594
7.2909698486328125
4.270280361175537
4.217229843139648
4.143837928771973
4.052391052246094
4.032482624053955
3.929067373275757
3.85982608795166
3.82596755027771
3.8026418685913086
3.6736979484558105
5.629578113555908
5.508487701416016
5.461880683898926
5.361038684844971
5.309508323669434
5.242005825042725
5.1135478019714355
5.106089115142822
4.986628532409668
4.911976337432861
9.304816246032715
9.18472671508789
8.973950386047363
8.805570602416992
8.697916984558105
8.47432804107666
8.332169532775879
8.03582763671875
7.6746063232421875
7.467168807983398
0.779937207698822
0.7012198567390442
0.6322023272514343
0.5731346011161804
0.5411615371704102
0.5071659088134766
0.45210450887680054
0.4081776440143585
0.40213847160339355
0.4436728060245514
7.640772342681885
6.880202770233154
6.413707733154297
5.933836936950684
5.474112033843994
5.114943981170654
4.764677047729492
4.385651588439941
4.090701103210449
3.782088041305542
29.58315658569336
28.621362686157227
27.823284149169922
27.399799346923828
26.627601623535156
25.900882720947266
25.57379913330078
24.78038215637207
24.181764602661133
23.68508529663086
2.912409782409668
2.8557918071746826
2.861085891723633
2.792534351348877
2.7601675987243652
2.7368879318237305
2.7198128700256348
2.6577136516571045
2.6701741218566895
2.57517409324646
11.920295715332031
11.607988357543945
11.332257270812988
11.055867195129395
10.83367919921875
10.578109741210938
10.428361892700195
10.200508117675781
10.0457181930542
9.883040428161621
2.5176241397857666
2.372864007949829
2.1790382862091064
2.1178627014160156
1.9558846950531006
1.8550523519515991
1.7342143058776855
1.617179036140442
1.5500969886779785
1.4586162567138672
10.212320327758789
10.11832332611084
10.047867774963379
9.912758827209473
9.798483848571777
9.681743621826172
9.49537181854248
9.455245018005371
9.209111213684082
8.998271942138672
1.6513768434524536
1.549790620803833
1.4113491773605347
1.343746304512024
1.231464147567749
1.1312460899353027
1.062192678451538
1.0115817785263062
0.9201036095619202
0.8651726245880127
7.644345760345459
7.518381595611572
7.364896297454834
7.284290790557861
7.126132488250732
7.023599147796631
6.915356159210205
6.8081440925598145
6.7429118156433105
6.630293846130371
5.520770072937012
5.402718544006348
5.289984703063965
5.192211151123047
5.108856678009033
4.93796968460083
4.877086639404297
4.733470916748047
4.662889003753662
4.593343257904053
18.860240936279297
18.638259887695312
18.44586944580078
18.19284439086914
17.945114135742188
17.768835067749023
17.59250259399414
17.273632049560547
17.09780502319336
16.817279815673828
4.313967704772949
4.293715953826904
4.284903526306152
4.210475921630859
4.189759731292725
4.1390275955200195
4.146419525146484
4.07735538482666
4.0712480545043945
3.99514102935791
9.577582359313965
9.536419868469238
9.523540496826172
9.434103965759277
9.421197891235352
9.38255786895752
9.31610107421875
9.23829460144043
9.315018653869629
9.236869812011719
1.3176466226577759
1.227020502090454
1.1674343347549438
1.0977623462677002
1.0190637111663818
0.9541414380073547
0.8532392978668213
0.8232106566429138
0.734674334526062
0.6940344572067261
16.70815086364746
16.583038330078125
16.5081729888916
16.242998123168945
16.037221908569336
15.891114234924316
15.506681442260742
15.032088279724121
14.632308006286621
14.29625415802002
13.320843696594238
13.09793758392334
12.479196548461914
12.105088233947754
11.793011665344238
11.234814643859863
10.889440536499023
10.573659896850586
10.145097732543945
9.913708686828613
5.1713643074035645
4.893113136291504
4.672639846801758
4.359436511993408
3.93438458442688
3.4767661094665527
2.9738078117370605
2.465805768966675
1.9876703023910522
1.6203457117080688
33.428199768066406
32.5639762878418
31.570083618164062
30.718765258789062
29.875595092773438
28.82391929626465
28.08538818359375
27.171072006225586
26.549924850463867
26.024738311767578
4.539371013641357
4.516926288604736
4.483029365539551
4.456562519073486
4.42227840423584
4.374430179595947
4.362473487854004
4.380420684814453
4.343710422515869
4.247277736663818
2.6159331798553467
2.562222719192505
2.46706485748291
2.3878209590911865
2.3242099285125732
2.254002094268799
2.201584577560425
2.1010751724243164
2.040231943130493
1.9690495729446411
7.384464263916016
7.3408708572387695
7.256034851074219
7.244836807250977
7.19497537612915
7.106189250946045
7.041727066040039
6.940802097320557
6.955463886260986
6.884284973144531
3.8284671306610107
3.7717833518981934
3.7466249465942383
3.7159204483032227
3.670193910598755
3.616011619567871
3.62831974029541
3.5912485122680664
3.5409445762634277
3.484984874725342
6.90677547454834
6.73024845123291
6.617982864379883
6.473525047302246
6.296884059906006
6.129034996032715
5.986290454864502
5.867806911468506
5.77177619934082
5.671740531921387
4.058237552642822
3.9886090755462646
3.9274961948394775
3.8593525886535645
3.744081974029541
3.622929096221924
3.5784506797790527
3.5110137462615967
3.462871551513672
3.389887809753418
7.714478492736816
7.668864727020264
7.549271106719971
7.4525465965271
7.287856578826904
7.175071716308594
7.061671733856201
6.945943832397461
6.808269023895264
6.65546989440918
16.810636520385742
16.352176666259766
16.051347732543945
15.657190322875977
15.169173240661621
14.977958679199219
14.571451187133789
14.23727798461914
14.029706001281738
13.496210098266602
5.78078556060791
4.773542404174805
3.948739767074585
3.5745849609375
3.0358545780181885
2.800896167755127
2.452256202697754
2.1854546070098877
1.8973051309585571
1.722400188446045
29.940502166748047
29.400392532348633
28.61979103088379
27.900856018066406
27.03912925720215
26.184064865112305
25.580289840698242
24.30282974243164
23.26937484741211
22.171951293945312
3.3170242309570312
3.268629789352417
3.1850745677948
3.1174848079681396
3.068417549133301
3.011244297027588
2.99070143699646
2.8917789459228516
2.8523244857788086
2.841972827911377
20.629728317260742
20.349485397338867
20.19778060913086
19.86179542541504
19.607391357421875
19.39296531677246
19.27983856201172
18.816646575927734
18.71888542175293
18.412246704101562
2.9611008167266846
2.710543632507324
2.471285820007324
2.361938714981079
2.1903676986694336
2.024871826171875
1.8933944702148438
1.7131704092025757
1.5728445053100586
1.4690409898757935
2.1816117763519287
1.6769990921020508
1.3905587196350098
1.2992885112762451
1.1985172033309937
1.160431146621704
1.0604265928268433
1.037437081336975
0.9615997672080994
0.9417111873626709
6.972895622253418
6.888533115386963
6.786533355712891
6.669290065765381
6.544312477111816
6.433648109436035
6.355534076690674
6.268513202667236
6.228407382965088
6.186717987060547
5.870982646942139
5.80547571182251
5.763892650604248
5.6670403480529785
5.592283725738525
5.539984226226807
5.427523612976074
5.452297687530518
5.352504730224609
5.314098358154297
19.288373947143555
19.053119659423828
19.020950317382812
18.865510940551758
18.8453369140625
18.626806259155273
18.692981719970703
18.62158203125
18.454544067382812
18.322059631347656
4.514591693878174
4.482955455780029
4.366600513458252
4.3086371421813965
4.236021518707275
4.196787357330322
4.146938323974609
4.058642387390137
3.9858756065368652
3.95375919342041
9.473562240600586
9.202597618103027
8.897245407104492
8.567190170288086
8.293899536132812
8.204690933227539
7.97807502746582
7.781814098358154
7.655891418457031
7.483107566833496
18.186084747314453
18.031949996948242
17.634807586669922
17.241239547729492
16.779603958129883
16.655254364013672
16.22527313232422
15.82526969909668
15.472847938537598
15.014969825744629
1.446913242340088
1.2007912397384644
1.0533941984176636
0.9752938151359558
0.8527479767799377
0.8251270651817322
0.78570955991745
0.7542621493339539
0.6399661302566528
0.6232941150665283
23.919904708862305
23.442232131958008
23.007930755615234
22.78961944580078
22.27597999572754
22.161598205566406
21.704349517822266
21.076934814453125
20.69556999206543
20.39847755432129
4.743624687194824
4.323219299316406
3.7396292686462402
3.3611936569213867
3.0707712173461914
2.7719979286193848
2.482766628265381
2.221653461456299
2.0545339584350586
1.9137355089187622
15.064067840576172
14.860647201538086
14.702163696289062
14.45226001739502
14.382671356201172
14.097572326660156
14.109665870666504
13.890093803405762
13.754348754882812
13.650677680969238
2.584428071975708
2.451951503753662
2.1916704177856445
2.071383476257324
1.8456522226333618
1.801946759223938
1.81318199634552
1.645853042602539
1.6054290533065796
1.5402812957763672
2.0656802654266357
1.6752212047576904
1.384745478630066
1.2589852809906006
1.1344447135925293
1.0696436166763306
0.9538410305976868
0.8322299718856812
0.8627617955207825
0.8040429949760437
7.725393772125244
7.418676853179932
7.206906318664551
7.044225692749023
6.8603997230529785
6.769309043884277
6.6531267166137695
6.554257869720459
6.4978108406066895
6.427840232849121
2.6900384426116943
2.4374656677246094
2.232984781265259
2.0457286834716797
1.944720983505249
1.7998617887496948
1.7969807386398315
1.7137150764465332
1.7257715463638306
1.7038791179656982
14.700248718261719
14.712085723876953
14.547698974609375
14.533247947692871
14.349920272827148
14.114835739135742
13.97700023651123
13.724016189575195
13.450804710388184
13.162317276000977
5.6476030349731445
5.33747673034668
4.996687412261963
4.8581976890563965
4.697972774505615
4.6043548583984375
4.567008018493652
4.519689559936523
4.481046199798584
4.4032087326049805
4.851146221160889
4.786761283874512
4.74609899520874
4.667751789093018
4.65728235244751
4.641939163208008
4.541455268859863
4.514595031738281
4.478523254394531
4.412510871887207
13.383796691894531
13.424501419067383
13.143128395080566
12.990777015686035
12.912343978881836
12.623210906982422
12.539938926696777
12.454634666442871
12.256911277770996
12.202210426330566
2.1708202362060547
2.0265350341796875
1.8805651664733887
1.8638900518417358
1.742601752281189
1.6153786182403564
1.5586066246032715
1.4455562829971313
1.3830013275146484
1.2671711444854736
25.381511688232422
24.623579025268555
23.8131046295166
23.510568618774414
22.84528160095215
22.669767379760742
22.14348602294922
21.813858032226562
21.58143424987793
21.42852020263672
1.2295883893966675
1.1325187683105469
1.1010044813156128
0.9480049014091492
0.9003314971923828
0.8297122120857239
0.7657179236412048
0.8039975166320801
0.7162518501281738
0.7106613516807556
9.744359970092773
9.688559532165527
9.59862232208252
9.444578170776367
9.450569152832031
9.365837097167969
9.327276229858398
9.255636215209961
9.042778015136719
9.083471298217773
1.9158836603164673
1.8753242492675781
1.8461612462997437
1.7172808647155762
1.7127163410186768
1.6497802734375
1.5701764822006226
1.5443696975708008
1.5122352838516235
1.5004361867904663
1.1195592880249023
1.064325213432312
0.9322932958602905
0.8691486716270447
0.8078048825263977
0.7597872614860535
0.7400085926055908
0.6504483222961426
0.6591869592666626
0.5569780468940735
6.416309833526611
6.341357231140137
6.258279323577881
6.220706939697266
6.134337902069092
6.0903825759887695
6.052850723266602
6.024302959442139
5.9853339195251465
5.961433410644531
8.260345458984375
8.22948169708252
8.1367826461792
7.985820770263672
7.886382102966309
7.813085556030273
7.703697204589844
7.674475193023682
7.630302906036377
7.548769474029541
4.2245097160339355
4.145219802856445
4.127316474914551
4.026620864868164
3.951335906982422
3.885058879852295
3.8351826667785645
3.75521183013916
3.708806037902832
3.6793911457061768
6.410913944244385
6.341090202331543
6.253039836883545
6.180810451507568
6.120851039886475
6.039907455444336
5.998892307281494
5.939291477203369
5.864337921142578
5.801060676574707
3.0913243293762207
2.977783203125
2.8251631259918213
2.7787885665893555
2.721752405166626
2.6430296897888184
2.560734272003174
2.5986766815185547
2.502681016921997
2.5084493160247803
20.427566528320312
20.241207122802734
19.997224807739258
19.79740333557129
19.54432487487793
19.45966339111328
19.107994079589844
18.901514053344727
18.917293548583984
18.72212791442871
2.3837616443634033
2.281787633895874
2.0252926349639893
1.884974479675293
1.705998420715332
1.6553109884262085
1.658089518547058
1.5731925964355469
1.5264917612075806
1.478588581085205
20.05706024169922
19.486265182495117
19.00591278076172
18.694154739379883
18.83260154724121
18.427288055419922
18.236309051513672
17.91485595703125
17.891206741333008
17.62550926208496
5.888221740722656
5.2257771492004395
4.424440860748291
3.868661642074585
3.1061129570007324
2.5002646446228027
1.9178351163864136
1.4715311527252197
1.0122549533843994
0.8485971689224243
28.869762420654297
28.40974235534668
28.435413360595703
28.687515258789062
28.482803344726562
28.410890579223633
28.049842834472656
28.014371871948242
27.7645206451416
27.912874221801758
3.6127309799194336
3.339979887008667
3.124180555343628
2.964395046234131
2.843527317047119
2.802788496017456
2.7562410831451416
2.67439341545105
2.5897276401519775
2.657489061355591
0.8683595657348633
0.67913419008255
0.7177088856697083
0.6350669860839844
0.5678319334983826
0.595001757144928
0.5296428203582764
0.4917812943458557
0.5471154451370239
0.496768981218338
5.720778942108154
5.664620399475098
5.632228374481201
5.570956230163574
5.566531181335449
5.501020431518555
5.455145359039307
5.428393363952637
5.396756649017334
5.33997917175293
20.365793228149414
20.097951889038086
20.01935577392578
19.49418067932129
19.68589210510254
19.437088012695312
19.148937225341797
19.044755935668945
19.152498245239258
18.95234489440918
4.023367881774902
3.999814987182617
4.005594253540039
3.939540386199951
3.9370644092559814
3.8986735343933105
3.9218339920043945
3.8672077655792236
3.8594846725463867
3.8567943572998047
7.5302348136901855
7.404296398162842
7.501496315002441
7.401548862457275
7.366358757019043
7.383618354797363
7.378987789154053
7.371155738830566
7.346764087677002
7.316850185394287
3.346747636795044
3.321385383605957
3.3058700561523438
3.2890589237213135
3.2721104621887207
3.254549026489258
3.229412794113159
3.221896171569824
3.2014596462249756
3.1793580055236816
10.04833984375
9.774053573608398
9.628536224365234
9.500809669494629
9.3439359664917
9.23742389678955
9.143877029418945
9.183399200439453
8.994627952575684
8.916093826293945
1.2470512390136719
1.234351396560669
1.1512664556503296
1.0533297061920166
1.058876633644104
0.9718497395515442
0.8662534356117249
0.827088475227356
0.7960917949676514
0.7624025940895081
21.904146194458008
21.821712493896484
21.254459381103516
21.01058006286621
20.877656936645508
20.609525680541992
20.516847610473633
20.164535522460938
19.826427459716797
19.748157501220703
4.5033111572265625
4.116319179534912
3.747077226638794
3.144838333129883
2.5985753536224365
2.1317615509033203
1.9048304557800293
1.4242002964019775
1.2411904335021973
0.8010047078132629
19.569215774536133
18.528701782226562
18.16103172302246
17.81454086303711
17.6301212310791
17.033475875854492
16.772525787353516
16.32577133178711
15.889053344726562
15.144464492797852
4.797770023345947
4.505616664886475
4.335504531860352
4.256647109985352
4.041688442230225
4.008625030517578
3.8324904441833496
3.7494120597839355
3.7291529178619385
3.607245922088623
1.0113067626953125
0.7912235260009766
0.6898244619369507
0.694168210029602
0.5287559032440186
0.47830629348754883
0.40165555477142334
0.41717222332954407
0.33379286527633667
0.35546207427978516
7.028980255126953
6.892432689666748
6.752793312072754
6.6547746658325195
6.53602409362793
6.485784530639648
6.390904903411865
6.278676509857178
6.212807655334473
6.163784027099609
21.617223739624023
18.53917694091797
17.635658264160156
17.337221145629883
16.835676193237305
16.64128303527832
16.340726852416992
16.008472442626953
15.720396041870117
15.587311744689941
5.626972675323486
5.350587844848633
5.220871448516846
5.068108081817627
4.946495532989502
4.817705154418945
4.704013824462891
4.667912483215332
4.530885219573975
4.502013683319092
5.810941219329834
5.661112308502197
5.5321574211120605
5.485595226287842
5.397546291351318
5.2979631423950195
5.259077548980713
5.199551582336426
5.1428985595703125
5.092009544372559
2.8473081588745117
2.9164977073669434
2.7595672607421875
2.749551773071289
2.550323963165283
2.449450731277466
2.3862175941467285
2.291640520095825
2.249236583709717
2.2042741775512695
8.842636108398438
8.536613464355469
8.30036449432373
8.211915969848633
8.124354362487793
8.004061698913574
7.733455657958984
7.63315486907959
7.528401851654053
7.4332275390625
2.913782835006714
2.4722156524658203
2.248100996017456
1.9179273843765259
1.6311062574386597
1.389710783958435
1.1481853723526
1.012356162071228
0.8046584129333496
0.6830651760101318
19.310453414916992
16.861026763916016
16.64508819580078
15.821377754211426
15.660045623779297
14.800338745117188
13.812438011169434
12.148067474365234
9.810041427612305
8.500535011291504
41.661373138427734
39.495460510253906
38.22991943359375
37.348060607910156
36.9677619934082
36.48999786376953
35.77768325805664
35.03354263305664
34.42089080810547
34.06975555419922
3.6196420192718506
3.5973095893859863
3.5517425537109375
3.5095467567443848
3.4309089183807373
3.3740813732147217
3.3746018409729004
3.264094591140747
3.2190234661102295
3.206782579421997
10.63497257232666
10.504903793334961
10.291956901550293
10.036886215209961
10.020543098449707
9.912102699279785
9.633857727050781
9.62908935546875
9.369593620300293
9.397027969360352
2.1583430767059326
1.7593905925750732
1.6063892841339111
1.2915526628494263
1.1065648794174194
1.0997493267059326
0.9294171333312988
0.8152120113372803
0.686793863773346
0.6251879930496216
6.81835412979126
6.708302021026611
6.6617021560668945
6.5667500495910645
6.471255779266357
6.41339111328125
6.318277359008789
6.201687335968018
6.150845527648926
6.004441261291504
6.883511543273926
6.826371669769287
6.721193313598633
6.76123571395874
6.593447685241699
6.59645938873291
6.555251598358154
6.433073043823242
6.395743370056152
6.3896613121032715
23.532819747924805
23.196380615234375
22.85999298095703
22.497692108154297
22.120241165161133
21.683998107910156
21.599285125732422
21.413545608520508
20.9920597076416
20.692668914794922
4.365045070648193
4.278364658355713
4.168615818023682
4.064414024353027
3.9821298122406006
3.9156198501586914
3.838074207305908
3.8023993968963623
3.762820243835449
3.7232584953308105
20.574193954467773
19.945886611938477
19.421064376831055
18.875680923461914
18.39497947692871
17.73963165283203
17.045469284057617
16.271793365478516
15.796110153198242
15.574024200439453
3.4691848754882812
3.267866373062134
3.113664150238037
2.860795736312866
2.6431710720062256
2.507297992706299
2.442775011062622
2.313589334487915
2.1780292987823486
2.2003109455108643
23.273435592651367
22.062227249145508
20.555034637451172
19.401241302490234
18.568511962890625
17.830562591552734
17.333852767944336
17.14371109008789
16.91930389404297
16.56720542907715
3.7753143310546875
3.6605920791625977
3.5233607292175293
3.4323558807373047
3.306614398956299
3.302737236022949
3.0962226390838623
3.0157692432403564
2.8308863639831543
2.6832892894744873
7.85581111907959
7.737522602081299
7.658923625946045
7.602470397949219
7.415770530700684
7.256778240203857
7.241553783416748
7.074851036071777
7.042126178741455
6.937406539916992
5.286303520202637
5.173886775970459
5.040722370147705
4.901413440704346
4.833528518676758
4.740754127502441
4.656820297241211
4.431159496307373
4.343655109405518
4.159500598907471
13.596549987792969
13.667436599731445
13.354381561279297
13.226378440856934
12.934430122375488
12.70633316040039
12.472299575805664
12.131227493286133
11.70544147491455
10.898958206176758
2.2518036365509033
2.059546709060669
1.806925654411316
1.6251434087753296
1.4254366159439087
1.2514935731887817
1.084214687347412
0.9278907775878906
0.8135325908660889
0.7046591639518738
5.895923614501953
5.853641510009766
5.746516704559326
5.684696197509766
5.5233473777771
5.337414264678955
5.227444648742676
5.071272373199463
5.005741119384766
4.932138919830322
24.407800674438477
23.78952407836914
22.930171966552734
21.365507125854492
20.614927291870117
19.798480987548828
19.544300079345703
19.108869552612305
18.60492515563965
18.344654083251953
8.133173942565918
7.748409271240234
7.403664588928223
7.110090255737305
6.8272833824157715
6.568424224853516
6.293991565704346
6.141988754272461
5.833085536956787
5.7386474609375
6.073702335357666
5.894548416137695
5.658656120300293
5.519121170043945
5.353691577911377
5.279642105102539
5.1991190910339355
5.118536472320557
5.032205104827881
4.966977596282959
2.2873833179473877
2.198129892349243
2.108788013458252
2.0941925048828125
2.0144314765930176
1.9613690376281738
1.958225965499878
1.8381785154342651
1.8331689834594727
1.8064849376678467
3.618353843688965
3.1931750774383545
2.896317958831787
2.5375781059265137
2.1618990898132324
1.868150234222412
1.3650225400924683
0.8581660985946655
0.4913070797920227
0.22085507214069366
28.86281394958496
27.869421005249023
26.30805206298828
25.59326934814453
24.73711395263672
24.217140197753906
23.702415466308594
23.47612762451172
23.29738998413086
22.97571563720703
5.869176864624023
5.634385585784912
5.493437767028809
5.421282768249512
5.346811771392822
5.1196489334106445
5.048418998718262
4.941097736358643
4.87183952331543
4.736805438995361
16.58717155456543
15.960589408874512
15.291852951049805
14.886659622192383
14.652923583984375
14.396204948425293
14.169872283935547
13.924095153808594
13.613301277160645
13.527790069580078
0.9105451107025146
0.8313559293746948
0.7517428994178772
0.7245856523513794
0.719236433506012
0.6217423677444458
0.6364370584487915
0.5515295267105103
0.5243388414382935
0.5048618316650391
12.312021255493164
12.188135147094727
11.735701560974121
11.491251945495605
11.159497261047363
11.021485328674316
10.841630935668945
10.558513641357422
10.182653427124023
9.789880752563477
1.6126489639282227
1.2278410196304321
1.0331381559371948
0.8372159600257874
0.7537991404533386
0.6424115896224976
0.5869419574737549
0.5305282473564148
0.4522426724433899
0.4342786371707916
5.7952656745910645
5.7509846687316895
5.6838603019714355
5.645553112030029
5.602966785430908
5.55497407913208
5.513035774230957
5.4960432052612305
5.467665195465088
5.417680740356445
20.190242767333984
19.61762046813965
19.019420623779297
18.235231399536133
17.28508758544922
16.399568557739258
15.83415699005127
15.447731018066406
14.959247589111328
14.806076049804688
4.414205074310303
4.299419403076172
4.207357406616211
4.093682289123535
3.9948737621307373
3.8983168601989746
3.7814464569091797
3.674406051635742
3.5193874835968018
3.4343647956848145
11.003034591674805
10.561846733093262
10.40304946899414
10.17916202545166
10.016179084777832
9.89542293548584
9.751039505004883
9.642017364501953
9.484761238098145
9.340702056884766
3.539076089859009
3.4489352703094482
3.3992278575897217
3.2676987648010254
3.1986007690429688
3.140159845352173
3.0833215713500977
3.0828068256378174
3.0445680618286133
3.0129337310791016
10.312414169311523
9.272812843322754
8.319554328918457
6.824028015136719
5.591350555419922
4.583725452423096
4.130249977111816
3.7069287300109863
3.6895785331726074
3.2715933322906494
23.926902770996094
22.957775115966797
22.28451919555664
21.52103042602539
21.151065826416016
20.557899475097656
20.12757682800293
19.687898635864258
19.183252334594727
18.83776092529297
1.4335784912109375
1.3399609327316284
1.2730345726013184
1.1727180480957031
1.1361380815505981
1.0475542545318604
1.034382700920105
1.000319242477417
0.891524076461792
0.8900833129882812
25.447526931762695
23.645505905151367
21.421581268310547
19.38967514038086
18.215478897094727
17.264020919799805
16.4653377532959
15.357866287231445
14.357402801513672
13.652377128601074
3.7751095294952393
3.4688026905059814
3.1842856407165527
2.7364938259124756
2.4122116565704346
2.105526924133301
1.9996103048324585
1.7310688495635986
1.5838943719863892
1.5685185194015503
21.634552001953125
20.199066162109375
18.631765365600586
17.055618286132812
15.702248573303223
14.701433181762695
14.167757034301758
13.511679649353027
12.94180679321289
12.491048812866211
2.1093287467956543
1.7432430982589722
1.5163443088531494
1.274975299835205
1.0424909591674805
0.9491305351257324
0.7546043395996094
0.6662588119506836
0.6006075143814087
0.5645925998687744
5.976375579833984
5.926828861236572
5.871298789978027
5.7628583908081055
5.676927089691162
5.612033843994141
5.559484958648682
5.446259498596191
5.435972213745117
5.335858345031738
28.652721405029297
27.651262283325195
26.299001693725586
25.568260192871094
24.689437866210938
23.82524299621582
23.260540008544922
23.015151977539062
22.696117401123047
22.205093383789062
5.025726795196533
4.817461967468262
4.640435695648193
4.396233081817627
4.1417622566223145
3.994513988494873
3.7819786071777344
3.571493148803711
3.5105884075164795
3.5163941383361816
8.704898834228516
8.590507507324219
8.498907089233398
8.362809181213379
8.249786376953125
8.083827018737793
8.088886260986328
8.02853775024414
7.976030349731445
7.767159461975098
2.972686290740967
2.8581788539886475
2.7427380084991455
2.6115894317626953
2.4112956523895264
2.236391544342041
2.1648917198181152
2.068066358566284
2.112435817718506
2.0465996265411377
4.841712474822998
4.7284932136535645
4.584813117980957
4.586319923400879
4.482891082763672
4.326653480529785
4.137913227081299
4.062828063964844
3.956197500228882
3.794426441192627
16.115427017211914
13.406500816345215
12.311375617980957
11.394587516784668
10.807781219482422
10.310056686401367
9.943181037902832
9.62545394897461
9.287126541137695
9.005905151367188
2.7797133922576904
2.715782880783081
2.4960083961486816
2.3450353145599365
2.16595721244812
2.1088080406188965
1.9167275428771973
1.7736753225326538
1.6286977529525757
1.5005069971084595
8.219298362731934
8.029086112976074
7.9156341552734375
7.809471130371094
7.550299644470215
7.397613048553467
7.220426559448242
7.091159343719482
6.993189811706543
6.862398147583008
3.795389413833618
3.5617928504943848
3.251133441925049
3.056936264038086
2.754523992538452
2.4420018196105957
2.1188344955444336
1.8621785640716553
1.8072316646575928
1.6426383256912231
30.446834564208984
29.281713485717773
27.5862979888916
25.430065155029297
24.38430404663086
23.54900550842285
22.585172653198242
22.059043884277344
21.63239288330078
21.078292846679688
3.1436665058135986
2.995776414871216
2.6572225093841553
2.383824110031128
2.0987486839294434
1.7422935962677002
1.4454349279403687
1.1353284120559692
0.8150045871734619
0.6566897630691528
7.265177249908447
7.181224822998047
7.014889240264893
6.81453800201416
6.746125221252441
6.49497127532959
6.28203010559082
6.0636091232299805
5.844369411468506
5.6929192543029785
14.101238250732422
13.231338500976562
12.723677635192871
12.11180305480957
12.005990982055664
11.694835662841797
11.679662704467773
11.36855697631836
11.254761695861816
11.140523910522461
4.864356994628906
4.739115238189697
4.5996317863464355
4.541240215301514
4.394526958465576
4.281393527984619
4.275485515594482
4.222987651824951
4.105489730834961
4.073046684265137
8.046967506408691
7.738405227661133
7.64694356918335
7.601032257080078
7.512630462646484
7.477386951446533
7.416674613952637
7.4178619384765625
7.3151140213012695
7.26678466796875
4.686714172363281
4.437859058380127
4.184101104736328
4.046245098114014
3.8285844326019287
3.7090699672698975
3.6726536750793457
3.4639902114868164
3.366734504699707
3.218191623687744
1.2711116075515747
1.1541796922683716
1.0091145038604736
0.8987282514572144
0.767301082611084
0.6657074689865112
0.5676034092903137
0.5908142924308777
0.45448681712150574
0.41937577724456787
25.638853073120117
23.82691764831543
21.182950973510742
17.738033294677734
14.182412147521973
11.550451278686523
9.943760871887207
9.579910278320312
9.390686988830566
9.297526359558105
28.242860794067383
27.726234436035156
27.166410446166992
26.76114273071289
26.230581283569336
25.769847869873047
25.259233474731445
24.82097053527832
24.019554138183594
23.69953155517578
4.074512481689453
3.7908260822296143
3.704026699066162
3.6147096157073975
3.5446536540985107
3.468126058578491
3.4336225986480713
3.349222421646118
3.346320629119873
3.287317991256714
24.434518814086914
24.00642967224121
23.223365783691406
22.507184982299805
21.57422637939453
20.55801773071289
20.171098709106445
19.68767738342285
19.321014404296875
19.026338577270508
5.3519368171691895
5.298744201660156
5.215129375457764
5.078256607055664
5.009516716003418
4.89692497253418
4.886354923248291
4.80378532409668
4.691445350646973
4.623522758483887
2.667569875717163
2.277346611022949
2.073821544647217
1.8249855041503906
1.6903051137924194
1.537607192993164
1.3708350658416748
1.4110625982284546
1.2271040678024292
1.2236127853393555
15.77292251586914
14.77117919921875
13.850217819213867
12.898067474365234
12.125843048095703
11.400830268859863
10.780750274658203
10.30848503112793
9.912867546081543
9.331022262573242
3.8975327014923096
3.8995909690856934
3.8363170623779297
3.7977702617645264
3.7652692794799805
3.6864166259765625
3.670076608657837
3.598604202270508
3.590035915374756
3.5665996074676514
3.8628625869750977
3.7616121768951416
3.736313581466675
3.697617292404175
3.640712261199951
3.617335796356201
3.5773143768310547
3.5094239711761475
3.509716749191284
3.449385166168213
24.86777114868164
22.85831642150879
21.131296157836914
20.27303123474121
19.468055725097656
18.775920867919922
18.112585067749023
17.034358978271484
16.282363891601562
15.53304386138916
9.314506530761719
8.678635597229004
8.051158905029297
7.554421901702881
6.971844673156738
6.454192638397217
5.916041851043701
5.61556339263916
5.28318977355957
5.0187578201293945
