4.07302188873291
4.071135997772217
4.066997051239014
4.069354057312012
4.070401191711426
4.073105335235596
4.073098182678223
4.073477268218994
4.07238245010376
4.064950466156006
4.076148509979248
4.070915222167969
4.073997974395752
4.076883792877197
4.074835300445557
4.076615333557129
4.079193115234375
4.076475143432617
4.074007987976074
4.076523303985596
4.069864749908447
4.067038059234619
4.068241596221924
4.075780868530273
4.0741987228393555
4.068317890167236
4.069505214691162
4.068680286407471
4.069038391113281
4.067863941192627
4.041962623596191
4.04705286026001
4.043179512023926
4.0393147468566895
4.0434160232543945
4.0461812019348145
4.042826175689697
4.042492866516113
4.046856880187988
4.0490570068359375
4.046916961669922
4.051153659820557
4.046744346618652
4.048052787780762
4.04644250869751
4.049814701080322
4.047269344329834
4.047068119049072
4.055815696716309
4.0503106117248535
4.051414489746094
4.0510334968566895
4.05685567855835
4.046731472015381
4.053433418273926
4.059750556945801
4.05098295211792
4.052779197692871
4.04730749130249
4.0569748878479
4.047651290893555
4.045222282409668
4.05035400390625
4.049107551574707
4.044692516326904
4.049574375152588
4.048255920410156
4.046208381652832
4.047761917114258
4.0444231033325195
4.039470195770264
4.035736083984375
4.035904884338379
4.043797016143799
4.037549018859863
4.039148330688477
4.03541898727417
4.04475736618042
4.039451599121094
4.037596225738525
4.043499946594238
4.047306060791016
4.045814037322998
4.043466567993164
4.045693397521973
4.0460734367370605
4.047161102294922
4.045745849609375
4.046474933624268
4.047643184661865
3.9093644618988037
3.9141533374786377
3.9079248905181885
3.9099721908569336
3.906125545501709
3.907902479171753
3.905881881713867
3.902693033218384
3.9019012451171875
3.901897668838501
3.907529592514038
3.9130377769470215
3.914518356323242
3.91971492767334
3.91597580909729
3.9118175506591797
3.913546085357666
3.9041788578033447
3.9121780395507812
3.9093475341796875
3.9146718978881836
3.9215879440307617
3.9046554565429688
3.909169912338257
3.920335292816162
3.9170706272125244
3.9164891242980957
3.9170644283294678
3.9167683124542236
3.9121904373168945
3.8843204975128174
3.882023811340332
3.8919200897216797
3.8821938037872314
3.8840174674987793
3.8760132789611816
3.873765707015991
3.880918025970459
3.8798112869262695
3.882129669189453
3.8947510719299316
3.8824737071990967
3.881273031234741
3.8824737071990967
3.884960412979126
3.8807449340820312
3.8796794414520264
3.8860344886779785
3.8880462646484375
3.882699489593506
3.8756587505340576
3.8790805339813232
3.885214328765869
3.8679189682006836
3.8685951232910156
3.8757362365722656
3.8652536869049072
3.8759713172912598
3.8720459938049316
3.8698620796203613
3.887035369873047
3.884293794631958
3.877471446990967
3.882605791091919
3.8785953521728516
3.892171859741211
3.8990535736083984
3.881732702255249
3.889683723449707
3.887932777404785
3.8816957473754883
3.8831522464752197
3.886786460876465
3.8948895931243896
3.8855245113372803
3.8841161727905273
3.8837990760803223
3.887878656387329
3.8869502544403076
3.8734633922576904
3.8915512561798096
3.89762806892395
3.8980958461761475
3.8865299224853516
3.8979575634002686
3.8981564044952393
3.8924787044525146
3.8921704292297363
3.896026372909546
3.896181583404541
