4.07302188873291
4.071135997772217
4.066997051239014
4.069354057312012
4.070401191711426
4.073105335235596
4.073098182678223
4.073477268218994
4.07238245010376
4.064950466156006
4.076148509979248
4.070915222167969
4.073997974395752
4.076883792877197
4.074835300445557
4.076615333557129
4.079193115234375
4.076475143432617
4.074007987976074
4.076523303985596
4.069864749908447
4.067038059234619
4.068241596221924
4.075780868530273
4.0741987228393555
4.068317890167236
4.069505214691162
4.068680286407471
4.069038391113281
4.067863941192627
4.041962623596191
4.04705286026001
4.043179512023926
4.0393147468566895
4.0434160232543945
4.0461812019348145
4.042826175689697
4.042492866516113
4.046856880187988
4.0490570068359375
4.046916961669922
4.051153659820557
4.046744346618652
4.048052787780762
4.04644250869751
4.049814701080322
4.047269344329834
4.047068119049072
4.055815696716309
4.0503106117248535
4.051414489746094
4.0510334968566895
4.05685567855835
4.046731472015381
4.053433418273926
4.059750556945801
4.05098295211792
4.052779197692871
4.04730749130249
4.0569748878479
4.047651290893555
4.045222282409668
4.05035400390625
4.049107551574707
4.044692516326904
4.049574375152588
4.048255920410156
4.046208381652832
4.047761917114258
4.0444231033325195
4.039470195770264
4.035736083984375
4.035904884338379
4.043797016143799
4.037549018859863
4.039148330688477
4.03541898727417
4.04475736618042
4.039451599121094
4.037596225738525
4.043499946594238
4.047306060791016
4.045814037322998
4.043466567993164
4.045693397521973
4.0460734367370605
4.047161102294922
4.045745849609375
4.046474933624268
4.047643184661865
3.9093644618988037
3.9141533374786377
3.9079248905181885
3.9099721908569336
3.906125545501709
3.907902479171753
3.905881881713867
3.902693033218384
3.9019012451171875
3.901897668838501
3.907529592514038
3.9130377769470215
3.914518356323242
3.91971492767334
3.91597580909729
3.9118175506591797
3.913546085357666
3.9041788578033447
3.9121780395507812
3.9093475341796875
3.9146718978881836
3.9215879440307617
3.9046554565429688
3.909169912338257
3.920335292816162
3.9170706272125244
3.9164891242980957
3.9170644283294678
3.9167683124542236
3.9121904373168945
3.8843204975128174
3.882023811340332
3.8919200897216797
3.8821938037872314
3.8840174674987793
3.8760132789611816
3.873765707015991
3.880918025970459
3.8798112869262695
3.882129669189453
3.8947510719299316
3.8824737071990967
3.881273031234741
3.8824737071990967
3.884960412979126
3.8807449340820312
3.8796794414520264
3.8860344886779785
3.8880462646484375
3.882699489593506
3.8756587505340576
3.8790805339813232
3.885214328765869
3.8679189682006836
3.8685951232910156
3.8757362365722656
3.8652536869049072
3.8759713172912598
3.8720459938049316
3.8698620796203613
3.887035369873047
3.884293794631958
3.877471446990967
3.882605791091919
3.8785953521728516
3.892171859741211
3.8990535736083984
3.881732702255249
3.889683723449707
3.887932777404785
3.8816957473754883
3.8831522464752197
3.886786460876465
3.8948895931243896
3.8855245113372803
3.8841161727905273
3.8837990760803223
3.887878656387329
3.8869502544403076
3.8734633922576904
3.8915512561798096
3.89762806892395
3.8980958461761475
3.8865299224853516
3.8979575634002686
3.8981564044952393
3.8924787044525146
3.8921704292297363
3.896026372909546
3.896181583404541
3.164234161376953
3.1632142066955566
3.1722075939178467
3.149430513381958
3.156289577484131
3.1713528633117676
3.1436171531677246
3.156438112258911
3.155590057373047
3.16744327545166
3.109825611114502
3.102609634399414
3.0903079509735107
3.103358268737793
3.1077427864074707
3.102355480194092
3.115921974182129
3.080326557159424
3.093667507171631
3.1065914630889893
3.1091468334198
3.1092488765716553
3.1042261123657227
3.115621566772461
3.10504412651062
3.1040475368499756
3.109992504119873
3.0928683280944824
3.1113510131835938
3.0943379402160645
3.110767126083374
3.1032114028930664
3.088688611984253
3.085408926010132
3.1087827682495117
3.0797336101531982
3.0897579193115234
3.0821144580841064
3.0930185317993164
3.0755131244659424
3.1469979286193848
3.122620105743408
3.12917160987854
3.1244657039642334
3.122898817062378
3.102843761444092
3.1369082927703857
3.1124651432037354
3.117044448852539
3.118382215499878
3.1144051551818848
3.11670184135437
3.110569953918457
3.0997371673583984
3.118790626525879
3.1131765842437744
3.11301851272583
3.1057376861572266
3.1208367347717285
3.119765043258667
3.191027879714966
3.2102386951446533
3.20430064201355
3.205630302429199
3.1877171993255615
3.190443992614746
3.176936149597168
3.1994683742523193
3.2039825916290283
3.1948909759521484
3.33479642868042
3.34964656829834
3.3416693210601807
3.3436238765716553
3.337495803833008
3.3428103923797607
3.340282678604126
3.309978723526001
3.318577289581299
3.3492515087127686
3.467383623123169
3.468261241912842
3.4743528366088867
3.4728810787200928
3.453796625137329
3.4809184074401855
3.4476399421691895
3.448845863342285
3.464047908782959
3.45744252204895
2.9558677673339844
2.962747812271118
2.955662250518799
2.9571151733398438
2.9466986656188965
2.92271089553833
2.964367389678955
2.946697235107422
2.9432191848754883
2.940850257873535
2.9902756214141846
2.986091136932373
2.9714767932891846
2.9836015701293945
2.9771039485931396
2.96254563331604
2.9881296157836914
2.972970724105835
2.986105442047119
2.9643075466156006
3.031675100326538
3.0255982875823975
3.038825511932373
3.0160231590270996
3.0205812454223633
2.999526023864746
3.0204527378082275
3.001309871673584
3.0201592445373535
3.008849620819092
2.997934579849243
2.990987777709961
3.0065360069274902
2.993076801300049
2.9973080158233643
2.981337070465088
2.9925575256347656
2.9872078895568848
3.0016274452209473
2.996077060699463
3.0547428131103516
3.044282913208008
3.0603249073028564
3.045586347579956
3.052583932876587
3.0489890575408936
3.0598762035369873
3.0541434288024902
3.051473379135132
3.056394100189209
3.193856716156006
3.1974616050720215
3.1824896335601807
3.1798110008239746
3.1950454711914062
3.1906468868255615
3.1903538703918457
3.193629503250122
3.1817286014556885
3.1788949966430664
3.4040887355804443
3.4029245376586914
3.383490562438965
3.3923566341400146
3.37561297416687
3.3737220764160156
3.3828163146972656
3.3824727535247803
3.3622915744781494
3.3710777759552
3.4850175380706787
3.4637937545776367
3.469289779663086
3.4493422508239746
3.44823956489563
3.448915481567383
3.4518980979919434
3.4647741317749023
3.4456112384796143
3.4625937938690186
3.6305274963378906
3.621501922607422
3.6326630115509033
3.610459327697754
3.6176910400390625
3.6298069953918457
3.627366304397583
3.5991697311401367
3.628316879272461
3.615341901779175
2.8085784912109375
2.7972774505615234
2.8114724159240723
2.8032047748565674
2.7860982418060303
2.8160712718963623
2.782137155532837
2.8006036281585693
2.795243501663208
2.8167049884796143
2.8201029300689697
2.7969748973846436
2.802306890487671
2.80668044090271
2.79498028755188
2.810277223587036
2.8110880851745605
2.802408456802368
2.7939016819000244
2.7878339290618896
2.8759994506835938
2.875565767288208
2.874155282974243
2.8691771030426025
2.8635056018829346
2.8648734092712402
2.8536529541015625
2.8560917377471924
2.8609659671783447
2.8446099758148193
2.961467981338501
2.958019733428955
2.9624650478363037
2.9631903171539307
2.9855237007141113
2.9757473468780518
2.9591689109802246
2.9457826614379883
2.9603748321533203
2.9608540534973145
3.135075569152832
3.1108760833740234
3.132855176925659
3.111325740814209
3.1014177799224854
3.1133084297180176
3.098076343536377
3.090099334716797
3.11065673828125
3.0918188095092773
3.242199420928955
3.243751287460327
3.242920160293579
3.261591911315918
3.2458112239837646
3.209695816040039
3.2380669116973877
3.23431134223938
3.2330377101898193
3.2361483573913574
3.242628812789917
3.237603187561035
3.2341256141662598
3.237689971923828
3.245089530944824
3.232546806335449
3.2314534187316895
3.2060139179229736
3.239389419555664
3.2197134494781494
3.4702155590057373
3.4778614044189453
3.4674038887023926
3.450636625289917
3.463178873062134
3.4711484909057617
3.4510958194732666
3.4415981769561768
3.467042922973633
3.4268035888671875
3.804941415786743
3.7816390991210938
3.766094923019409
3.781635046005249
3.766824960708618
3.758777141571045
3.7567923069000244
3.7534663677215576
3.7571051120758057
3.749390125274658
2.5603253841400146
2.5895535945892334
2.586754560470581
2.5893843173980713
2.5758492946624756
2.5652616024017334
2.572173833847046
2.584852457046509
2.5716981887817383
2.5700769424438477
2.6350111961364746
2.647956371307373
2.6345534324645996
2.632164239883423
2.631967067718506
2.635666847229004
2.642167806625366
2.645537853240967
2.632631540298462
2.6225736141204834
2.7069599628448486
2.6948161125183105
2.7089548110961914
2.6895363330841064
2.702200412750244
2.6879987716674805
2.6835598945617676
2.7031760215759277
2.6929268836975098
2.6918609142303467
2.8522911071777344
2.8472726345062256
2.8257412910461426
2.8302836418151855
2.846743106842041
2.837625026702881
2.8348515033721924
2.8218839168548584
2.8421590328216553
2.8364179134368896
3.0543437004089355
3.031923532485962
3.0416147708892822
3.0295770168304443
3.0267300605773926
3.0486323833465576
3.04081130027771
3.02837872505188
3.03582501411438
3.041307210922241
3.219454288482666
3.2095162868499756
3.225651979446411
3.2074062824249268
3.2207164764404297
3.2452406883239746
3.2373480796813965
3.226165294647217
3.2092339992523193
3.2190821170806885
3.441331386566162
3.424354314804077
3.4431517124176025
3.4404664039611816
3.4170784950256348
3.4181392192840576
3.4230713844299316
3.447094202041626
3.426607608795166
3.420001745223999
3.5479297637939453
3.554386615753174
3.556989908218384
3.541964054107666
3.536261558532715
3.5459673404693604
3.5272104740142822
3.535565137863159
3.5289275646209717
3.5210909843444824
3.589405059814453
3.619174003601074
3.6149394512176514
3.639080286026001
3.6090567111968994
3.607497215270996
3.61794114112854
3.5962491035461426
3.581944465637207
3.5700316429138184
2.5629491806030273
2.5592422485351562
2.54254412651062
2.5672404766082764
2.54048752784729
2.533424139022827
2.5537455081939697
2.5523879528045654
2.5381734371185303
2.5269370079040527
2.6260015964508057
2.6056718826293945
2.627826690673828
2.612578868865967
2.631511688232422
2.6097822189331055
2.62835955619812
2.6192257404327393
2.6117184162139893
2.6159608364105225
2.7090094089508057
2.704383134841919
2.6863198280334473
2.7012462615966797
2.6688079833984375
2.6663870811462402
2.6785266399383545
2.666896343231201
2.6865572929382324
2.677354574203491
2.802232265472412
2.8353641033172607
2.811220169067383
2.8167107105255127
2.791032314300537
2.815504312515259
2.7993228435516357
2.8021416664123535
2.7847585678100586
2.799424648284912
2.982771635055542
2.9733731746673584
2.978433847427368
2.9804091453552246
2.965205192565918
2.98429012298584
2.953950881958008
2.9772329330444336
2.950026273727417
2.947885513305664
3.098527431488037
3.1023123264312744
3.1096389293670654
3.134171724319458
3.1067514419555664
3.104083776473999
3.128657341003418
3.092193841934204
3.0947580337524414
3.0912609100341797
3.3842930793762207
3.39701509475708
3.374568223953247
3.3662312030792236
3.35943603515625
3.34108304977417
3.373438596725464
3.3665361404418945
3.333578109741211
3.3525054454803467
3.4337661266326904
3.429044723510742
3.417912006378174
3.4430110454559326
3.4045798778533936
3.4291584491729736
3.3940467834472656
3.439450979232788
3.408127784729004
3.3983895778656006
3.7493906021118164
3.7527785301208496
3.7180752754211426
3.7235524654388428
3.715183973312378
3.7403461933135986
3.735619068145752
3.6576578617095947
3.7501885890960693
3.714169502258301
2.7270212173461914
2.6915509700775146
2.716876268386841
2.7303309440612793
2.7117323875427246
2.7146506309509277
2.6697819232940674
2.640781879425049
2.6650829315185547
2.6735498905181885
2.828317642211914
2.7751548290252686
2.763381242752075
2.771956205368042
2.7729992866516113
2.7612807750701904
2.7718212604522705
2.7464723587036133
2.754396438598633
2.741422653198242
2.932086944580078
2.8943333625793457
2.845628499984741
2.9223392009735107
2.8968729972839355
2.883422374725342
2.851310968399048
2.8973424434661865
2.846449136734009
2.851736545562744
3.0772082805633545
3.0538830757141113
3.024366617202759
3.0647850036621094
3.0094385147094727
3.0447022914886475
3.0164151191711426
2.9999771118164062
2.981980800628662
2.999131679534912
3.36017107963562
3.3484277725219727
3.345087766647339
3.361100673675537
3.333216667175293
3.3225655555725098
3.336618423461914
3.317835569381714
3.320035219192505
3.304719924926758
3.3239641189575195
3.3703384399414062
3.329772710800171
3.314426898956299
3.330299139022827
3.3025217056274414
3.333099126815796
3.2990448474884033
3.3089263439178467
3.3032784461975098
3.6532437801361084
3.636364459991455
3.6220550537109375
3.6360363960266113
3.623258590698242
3.5969398021698
3.584850788116455
3.5882222652435303
3.561772108078003
3.554981231689453
3.44087815284729
3.4460625648498535
3.404496431350708
3.395970344543457
3.398380756378174
3.367295503616333
3.409674882888794
3.377849578857422
3.368265390396118
3.3744142055511475
3.460442304611206
3.4150023460388184
3.3757715225219727
3.4128406047821045
3.437675714492798
3.3976430892944336
3.387713670730591
3.3674025535583496
3.3720788955688477
3.3341076374053955
2.482548236846924
2.478811740875244
2.494047164916992
2.481200695037842
2.4834625720977783
2.453425168991089
2.4635872840881348
2.4386744499206543
2.4370548725128174
2.4512484073638916
2.539485216140747
2.520915985107422
2.5356285572052
2.5364060401916504
2.5118088722229004
2.498539447784424
2.502249002456665
2.5380642414093018
2.5053870677948
2.53281307220459
2.6172235012054443
2.594388484954834
2.623178005218506
2.5901002883911133
2.5923948287963867
2.6037094593048096
2.5889172554016113
2.576592445373535
2.5737833976745605
2.5828638076782227
2.884648084640503
2.8229942321777344
2.8546626567840576
2.8629355430603027
2.862333059310913
2.8625333309173584
2.840379476547241
2.8269107341766357
2.81642484664917
2.795635938644409
2.9804530143737793
3.014678716659546
3.0336599349975586
2.988309144973755
2.9878122806549072
2.965514898300171
2.963993549346924
2.958005428314209
2.9437789916992188
2.9404523372650146
3.2028884887695312
3.2106528282165527
3.189095973968506
3.1701972484588623
3.1284232139587402
3.166461706161499
3.16860032081604
3.170164108276367
3.1389317512512207
3.1274209022521973
3.254727602005005
3.2377617359161377
3.2227842807769775
3.2150681018829346
3.2430007457733154
3.1825504302978516
3.197579860687256
3.180633544921875
3.184734344482422
3.165904998779297
3.474161148071289
3.3924708366394043
3.415036916732788
3.3992979526519775
3.414595365524292
3.390993118286133
3.383378028869629
3.394145965576172
3.375547170639038
3.3567843437194824
3.5183358192443848
3.5343620777130127
3.5494861602783203
3.506824493408203
3.5236494541168213
3.5113701820373535
3.457252264022827
3.4909579753875732
3.5099003314971924
3.479297637939453
2.1414575576782227
2.1080269813537598
2.095534086227417
2.1064891815185547
2.145186185836792
2.0866150856018066
2.077510118484497
2.0600054264068604
2.048048257827759
2.0635268688201904
2.2004780769348145
2.202937602996826
2.1720378398895264
2.2017135620117188
2.153583526611328
2.135399103164673
2.179807424545288
2.1344189643859863
2.1582419872283936
2.134464740753174
2.32742977142334
2.3353984355926514
2.2797629833221436
2.2764923572540283
2.261622905731201
2.2950286865234375
2.304011583328247
2.3075249195098877
2.2833967208862305
2.240750551223755
2.6477324962615967
2.6267333030700684
2.6864733695983887
2.630352020263672
2.656055450439453
2.653402328491211
2.6306519508361816
2.6006979942321777
2.597956895828247
2.587664842605591
2.8471152782440186
2.821875810623169
2.856905937194824
2.8241806030273438
2.8537654876708984
2.8327035903930664
2.837559461593628
2.7931079864501953
2.7981979846954346
2.816714286804199
3.2462775707244873
3.24271559715271
3.2243616580963135
3.2468693256378174
3.240267753601074
3.2042412757873535
3.200666666030884
3.1981234550476074
3.1892006397247314
3.154444694519043
3.2116312980651855
3.22477388381958
3.246670961380005
3.213581085205078
3.273372173309326
3.217160701751709
3.231210947036743
3.210958957672119
3.191314697265625
3.242156744003296
3.2510712146759033
3.252791404724121
3.2644777297973633
3.2504396438598633
3.292689800262451
3.231034517288208
3.2367985248565674
3.2318410873413086
3.2390432357788086
3.2478578090667725
3.3816440105438232
3.4092838764190674
3.4168577194213867
3.390333890914917
3.382836103439331
3.3848724365234375
3.355064630508423
3.3648717403411865
3.3727760314941406
3.3474366664886475
2.198636770248413
2.145596504211426
2.104552745819092
2.1044507026672363
2.0908071994781494
2.0449302196502686
2.036926746368408
2.0451581478118896
2.074765682220459
2.001608371734619
2.168017864227295
2.1641862392425537
2.1312975883483887
2.152970790863037
2.1174983978271484
2.1338093280792236
2.1221120357513428
2.09320330619812
2.0984561443328857
2.0902321338653564
2.3525381088256836
2.311875820159912
2.3173182010650635
2.2933924198150635
2.2805917263031006
2.273465156555176
2.3048439025878906
2.2973597049713135
2.2840209007263184
2.227940082550049
2.7083957195281982
2.650330066680908
2.6188933849334717
2.6241071224212646
2.6668622493743896
2.6210317611694336
2.6100547313690186
2.596107006072998
2.5881621837615967
2.611489772796631
3.0644516944885254
3.0620126724243164
3.0266683101654053
3.0224475860595703
3.0234196186065674
2.9937150478363037
3.0066781044006348
3.020195722579956
3.05399227142334
2.998322010040283
2.9980835914611816
2.9886395931243896
2.956521987915039
2.9199934005737305
2.9636919498443604
2.9077582359313965
2.891983985900879
2.910548210144043
2.8843040466308594
2.9103400707244873
3.3120009899139404
3.334238052368164
3.361564874649048
3.3281140327453613
3.2992727756500244
3.2753782272338867
3.29176926612854
3.265787363052368
3.2487494945526123
3.2508702278137207
3.6994009017944336
3.75528883934021
3.718036651611328
3.69777774810791
3.679039239883423
3.6081695556640625
3.561981678009033
3.6472558975219727
3.6130287647247314
3.6360061168670654
3.6798431873321533
3.6661291122436523
3.6214818954467773
3.6505026817321777
3.5875790119171143
3.5671708583831787
3.575651168823242
3.5535337924957275
3.571347951889038
3.5849459171295166
1.975276231765747
1.9638264179229736
1.9564868211746216
1.898480772972107
1.8640930652618408
1.8930964469909668
1.880713939666748
1.8730072975158691
1.890152096748352
1.9064229726791382
1.9201079607009888
1.9054232835769653
1.9166768789291382
1.8887423276901245
1.9182020425796509
1.8783000707626343
1.8879259824752808
1.8745718002319336
1.8816514015197754
1.8414407968521118
2.1472411155700684
2.144436836242676
2.117666244506836
2.116520643234253
2.1062145233154297
2.073415517807007
2.0835371017456055
2.0633738040924072
2.0571506023406982
2.048272132873535
2.435765027999878
2.422461986541748
2.4244561195373535
2.439650297164917
2.4163002967834473
2.3989651203155518
2.36871075630188
2.3718979358673096
2.3831663131713867
2.368541955947876
2.983365297317505
2.985142946243286
2.9889955520629883
2.984779119491577
2.965209484100342
2.921602725982666
2.9227728843688965
2.912653684616089
2.87787127494812
2.8402161598205566
3.4449727535247803
3.3769376277923584
3.3650736808776855
3.3556180000305176
3.307680368423462
3.353221893310547
3.2858822345733643
3.2787513732910156
3.2900094985961914
3.304572105407715
3.343348741531372
3.287986993789673
3.2509093284606934
3.273237943649292
3.192308187484741
3.255476713180542
3.275297164916992
3.204897403717041
3.185769557952881
3.2175896167755127
3.5611472129821777
3.5210580825805664
3.5279929637908936
3.542590856552124
3.487621784210205
3.5375254154205322
3.4322619438171387
3.459881544113159
3.4735164642333984
3.4372644424438477
3.620621681213379
3.553278923034668
3.5831217765808105
3.6127376556396484
3.5722591876983643
3.567674160003662
3.5445330142974854
3.5133233070373535
3.539025068283081
3.46667742729187
1.6088604927062988
1.5523796081542969
1.5811419486999512
1.538281798362732
1.4837672710418701
1.4752848148345947
1.4372040033340454
1.4140182733535767
1.416877269744873
1.4030061960220337
1.6001582145690918
1.6127375364303589
1.595176339149475
1.5206719636917114
1.5397697687149048
1.5115939378738403
1.5170644521713257
1.5242938995361328
1.5117026567459106
1.4634225368499756
1.7151119709014893
1.707190752029419
1.6509883403778076
1.6780078411102295
1.6635736227035522
1.613160490989685
1.643249273300171
1.6039118766784668
1.6211376190185547
1.5854740142822266
2.0933351516723633
2.001080274581909
1.9943060874938965
1.9969342947006226
1.9561337232589722
1.987379789352417
1.955586552619934
1.9250569343566895
1.9805095195770264
1.9012560844421387
2.596362352371216
2.625021457672119
2.65883207321167
2.5395524501800537
2.5553596019744873
2.517798900604248
2.5141355991363525
2.488713264465332
2.5181148052215576
2.4141716957092285
2.8926541805267334
2.864718437194824
2.87620210647583
2.737708330154419
2.806047201156616
2.7412898540496826
2.7580251693725586
2.731968879699707
2.6957297325134277
2.698951005935669
2.932068109512329
2.8974087238311768
2.91869854927063
2.8767828941345215
2.8435099124908447
2.8262057304382324
2.843916893005371
2.7586565017700195
2.7961621284484863
2.6979236602783203
3.240802764892578
3.1632542610168457
3.0848336219787598
3.0645222663879395
3.070013999938965
3.1253442764282227
3.074270009994507
3.037384033203125
2.990682601928711
2.9730007648468018
3.3564629554748535
3.3691961765289307
3.2995409965515137
3.2786598205566406
3.2306525707244873
3.1982040405273438
3.157106637954712
3.102433919906616
3.144294023513794
3.102912187576294
1.0424891710281372
1.0749621391296387
1.0294837951660156
1.0245072841644287
1.0041511058807373
1.0028469562530518
0.9684558510780334
0.9938849806785583
0.9813293814659119
0.9837782382965088
1.2299548387527466
1.2554248571395874
1.1992249488830566
1.207312822341919
1.1878366470336914
1.1921594142913818
1.1579647064208984
1.143231749534607
1.222717523574829
1.172734022140503
1.4767632484436035
1.5011181831359863
1.4730092287063599
1.4391350746154785
1.4525372982025146
1.4590145349502563
1.4735299348831177
1.4266070127487183
1.4458045959472656
1.4074406623840332
1.8010765314102173
1.8122307062149048
1.7617580890655518
1.755507230758667
1.7863311767578125
1.7289656400680542
1.7502890825271606
1.757763147354126
1.7242074012756348
1.6863542795181274
2.41082501411438
2.3688015937805176
2.337737560272217
2.342424154281616
2.3484530448913574
2.27370023727417
2.3105738162994385
2.3276619911193848
2.288483142852783
2.269526481628418
2.609912157058716
2.623366355895996
2.611013174057007
2.5611977577209473
2.5443382263183594
2.513967514038086
2.535630464553833
2.533052444458008
2.5162549018859863
2.4734621047973633
3.1371424198150635
3.0908305644989014
3.0668258666992188
3.082536458969116
3.001408576965332
2.9806461334228516
2.983891725540161
2.989596128463745
2.93290376663208
2.9353461265563965
3.2011613845825195
3.198789596557617
3.154961585998535
3.151123523712158
3.2072362899780273
3.146390914916992
3.1241047382354736
3.105599880218506
3.0769331455230713
3.068300247192383
3.2324271202087402
3.2257275581359863
3.1201014518737793
3.176149606704712
3.167140007019043
3.1457149982452393
3.1191675662994385
3.0266568660736084
3.1081974506378174
3.097785234451294
1.6052614450454712
1.5435572862625122
1.570897102355957
1.4603915214538574
1.4274258613586426
1.392126441001892
1.3633402585983276
1.3020505905151367
1.2933194637298584
1.264356017112732
1.5769084692001343
1.5446940660476685
1.512843370437622
1.5017335414886475
1.4483264684677124
1.4156087636947632
1.436765193939209
1.3664910793304443
1.3527932167053223
1.3337589502334595
1.7430455684661865
1.7115654945373535
1.6999917030334473
1.6536017656326294
1.6570258140563965
1.5904935598373413
1.6386516094207764
1.5324256420135498
1.5506058931350708
1.5506809949874878
2.184486150741577
2.0835492610931396
2.0478036403656006
2.0521397590637207
2.037167549133301
2.026198387145996
2.020123243331909
1.9740513563156128
1.959302544593811
1.924294352531433
2.62507963180542
2.639780044555664
2.570178747177124
2.551877021789551
2.551013708114624
2.482229471206665
2.4663844108581543
2.4079344272613525
2.4218175411224365
2.404252290725708
3.0698626041412354
3.0321309566497803
2.9626946449279785
2.8716397285461426
2.9126365184783936
2.8324756622314453
2.888640880584717
2.702286720275879
2.7261719703674316
2.700368881225586
2.620500087738037
2.649717330932617
2.5355029106140137
2.51926326751709
2.549731492996216
2.4461982250213623
2.4582571983337402
2.4212005138397217
2.3865952491760254
2.372018337249756
2.8051111698150635
2.7821621894836426
2.6962711811065674
2.7250046730041504
2.7094125747680664
2.6351864337921143
2.566103219985962
2.5983617305755615
2.5107789039611816
2.4355337619781494
3.0900392532348633
3.017327070236206
3.0408289432525635
2.93939208984375
3.0127573013305664
2.933352470397949
2.844782590866089
2.8543295860290527
2.7859585285186768
2.828963279724121
0.6839807629585266
0.6975273489952087
0.6598018407821655
0.632211446762085
0.6528019905090332
0.6345149278640747
0.6320415139198303
0.6021767258644104
0.5803553462028503
0.6001006364822388
0.9043248891830444
0.9060314893722534
0.9054241180419922
0.8610448837280273
0.844258189201355
0.8296108841896057
0.8625050783157349
0.8364355564117432
0.8474065661430359
0.8136235475540161
1.27711021900177
1.2576247453689575
1.241749882698059
1.208254337310791
1.2209982872009277
1.1966110467910767
1.2078936100006104
1.1787747144699097
1.1495529413223267
1.2084949016571045
1.7210742235183716
1.6669845581054688
1.690256953239441
1.7175129652023315
1.680554747581482
1.6761642694473267
1.6863641738891602
1.6531957387924194
1.596932291984558
1.5876938104629517
2.3665287494659424
2.336104393005371
2.365788221359253
2.2911770343780518
2.2891769409179688
2.238450527191162
2.2492730617523193
2.2177622318267822
2.260470390319824
2.2146098613739014
2.9071033000946045
2.824906349182129
2.786503553390503
2.83652925491333
2.7791717052459717
2.802053689956665
2.7697081565856934
2.7862484455108643
2.7821807861328125
2.73357892036438
2.7033214569091797
2.7292726039886475
2.686140298843384
2.6660163402557373
2.69592022895813
2.6863901615142822
2.632028818130493
2.561645746231079
2.628664970397949
2.655825614929199
3.0848851203918457
3.022071361541748
3.0699210166931152
3.0460264682769775
3.006913185119629
2.9538004398345947
3.0034265518188477
2.937619924545288
2.9327120780944824
2.946223020553589
3.0135695934295654
2.9876484870910645
2.9906039237976074
3.0013411045074463
2.928542375564575
2.9153754711151123
2.904064893722534
2.872560501098633
2.8112192153930664
2.858461856842041
0.5588928461074829
0.557644248008728
0.5426041483879089
0.5158197283744812
0.520615816116333
0.5248622298240662
0.5024486780166626
0.5022176504135132
0.4942747950553894
0.46918976306915283
0.774137020111084
0.8092145919799805
0.718521237373352
0.7217387557029724
0.7625041604042053
0.7166168689727783
0.742343544960022
0.7244042754173279
0.7125296592712402
0.7185757756233215
1.1536967754364014
1.1276284456253052
1.0851551294326782
1.155947208404541
1.0980256795883179
1.0686627626419067
1.0618350505828857
1.087106466293335
1.0982385873794556
1.055096983909607
1.6601096391677856
1.672654151916504
1.6312336921691895
1.6443356275558472
1.6228325366973877
1.6046918630599976
1.6147823333740234
1.6119861602783203
1.5995979309082031
1.5731321573257446
2.3865773677825928
2.395066261291504
2.368957042694092
2.3029212951660156
2.281614303588867
2.3378641605377197
2.280557155609131
2.265991687774658
2.3012163639068604
2.2880167961120605
2.680058240890503
2.6779587268829346
2.684349775314331
2.636173725128174
2.621410369873047
2.619549036026001
2.5810470581054688
2.6094093322753906
2.5209429264068604
2.5056519508361816
2.9751646518707275
3.02518630027771
2.957735061645508
2.931131362915039
2.9613656997680664
2.895969867706299
2.8386361598968506
2.8766069412231445
2.8010780811309814
2.821755886077881
3.3324637413024902
3.2837369441986084
3.2509608268737793
3.1972830295562744
3.2205841541290283
3.257814884185791
3.184262990951538
3.1203458309173584
3.0900559425354004
3.1338632106781006
3.578667640686035
3.4902801513671875
3.4828438758850098
3.5195159912109375
3.481680393218994
3.4766485691070557
3.4087765216827393
3.3932077884674072
3.382183790206909
3.3927528858184814
0.5987246632575989
0.5740078091621399
0.5514612793922424
0.5449156761169434
0.5256798267364502
0.5171214938163757
0.5209096670150757
0.4947439134120941
0.5031762719154358
0.4907186031341553
0.809269905090332
0.8182714581489563
0.8336217999458313
0.7891631722450256
0.7879980206489563
0.7501550316810608
0.7450351715087891
0.7776412963867188
0.7350683808326721
0.7242180109024048
1.1590852737426758
1.108452320098877
1.0831902027130127
1.0828837156295776
1.112891674041748
1.1072988510131836
1.0806084871292114
1.058905839920044
1.0919238328933716
1.0601130723953247
1.6348528861999512
1.6249582767486572
1.6297780275344849
1.6096471548080444
1.59653902053833
1.598488211631775
1.5695558786392212
1.5299370288848877
1.5539343357086182
1.5579832792282104
2.2638895511627197
2.2197442054748535
2.2184271812438965
2.184365749359131
2.1525943279266357
2.1516895294189453
2.165865421295166
2.098421812057495
2.1168949604034424
2.1381325721740723
2.974026679992676
2.959902048110962
2.9209907054901123
2.915757894515991
2.8934860229492188
2.8079111576080322
2.8283467292785645
2.7822818756103516
2.748044013977051
2.791827917098999
2.6998238563537598
2.722470998764038
2.7042834758758545
2.666632890701294
2.6831698417663574
2.6252055168151855
2.6047658920288086
2.5353150367736816
2.5685253143310547
2.5787949562072754
3.4617011547088623
3.4932632446289062
3.4457926750183105
3.4530770778656006
3.3830158710479736
3.4346253871917725
3.38492751121521
3.275914192199707
3.363400459289551
3.3340353965759277
2.916602611541748
2.960113763809204
2.869439125061035
2.7928450107574463
2.7604198455810547
2.8573403358459473
2.855835199356079
2.8257415294647217
2.7202646732330322
2.7188005447387695
0.7128242254257202
0.6987128853797913
0.6583726406097412
0.6524475812911987
0.6526459455490112
0.6242844462394714
0.644943118095398
0.5970203876495361
0.5784816145896912
0.6323290467262268
0.9943467378616333
0.9414663314819336
0.9486297965049744
0.9029098749160767
0.9132317304611206
0.9445751309394836
0.8791999220848083
0.8763411641120911
0.902076244354248
0.8883614540100098
1.319868803024292
1.2909646034240723
1.2555423974990845
1.293465495109558
1.2327654361724854
1.208327054977417
1.2207475900650024
1.218404769897461
1.210436463356018
1.1844353675842285
1.7927019596099854
1.8193354606628418
1.7946501970291138
1.8086891174316406
1.784838318824768
1.759996771812439
1.7567880153656006
1.7214927673339844
1.776042103767395
1.7193832397460938
2.6163880825042725
2.6201605796813965
2.5740818977355957
2.558821439743042
2.5180976390838623
2.505765914916992
2.48926043510437
2.5015995502471924
2.415388584136963
2.4217135906219482
2.8586010932922363
2.777733087539673
2.7871968746185303
2.7135705947875977
2.721893310546875
2.676082134246826
2.6835248470306396
2.617673873901367
2.612666368484497
2.6047303676605225
2.7724456787109375
2.7846927642822266
2.793067216873169
2.763486623764038
2.7260375022888184
2.6971092224121094
2.634056806564331
2.661670684814453
2.67055606842041
2.635964870452881
3.161224842071533
3.140359878540039
3.0698232650756836
3.07211971282959
3.122901439666748
3.055637836456299
2.978125810623169
3.006509780883789
3.003490924835205
2.9430620670318604
3.4664907455444336
3.431783676147461
3.4351751804351807
3.4135994911193848
3.440908193588257
3.371180295944214
3.2961153984069824
3.3523194789886475
3.304379940032959
3.3634419441223145
0.4659946858882904
0.44486182928085327
0.42948657274246216
0.4215835630893707
0.4258459210395813
0.42459651827812195
0.44177600741386414
0.41240042448043823
0.39858949184417725
0.38675129413604736
0.7155389189720154
0.7447490096092224
0.67274010181427
0.6796505451202393
0.6628469824790955
0.7102145552635193
0.645926833152771
0.6744059920310974
0.6523096561431885
0.657534658908844
1.1071268320083618
1.0689767599105835
1.0894830226898193
1.1049269437789917
1.0844571590423584
1.0518251657485962
1.0713520050048828
1.0691546201705933
1.0384324789047241
1.0122169256210327
1.6484416723251343
1.6307880878448486
1.5945428609848022
1.597132682800293
1.6147946119308472
1.6355019807815552
1.6109957695007324
1.5542200803756714
1.5937960147857666
1.5788233280181885
2.266911506652832
2.25701904296875
2.2555010318756104
2.1808438301086426
2.1881632804870605
2.210110664367676
2.173557996749878
2.1434621810913086
2.1285548210144043
2.1458146572113037
3.142392158508301
3.1183831691741943
3.0978009700775146
3.0344886779785156
3.0685102939605713
3.0330498218536377
2.9799234867095947
2.974370241165161
2.9663922786712646
2.927436113357544
3.413007974624634
3.419790506362915
3.362626075744629
3.2974777221679688
3.330435037612915
3.2813785076141357
3.229036331176758
3.2177884578704834
3.2561252117156982
3.201922655105591
2.854295253753662
2.9162278175354004
2.857879877090454
2.885080337524414
2.8074538707733154
2.792496919631958
2.787951707839966
2.801243305206299
2.7732155323028564
2.765561103820801
2.814763069152832
2.8440535068511963
2.7706716060638428
2.7622828483581543
2.7882754802703857
2.692056894302368
2.7522387504577637
2.7362513542175293
2.728175640106201
2.7034690380096436
0.2807888388633728
0.2897937595844269
0.2707659602165222
0.2864221930503845
0.2635478675365448
0.2600916624069214
0.26403942704200745
0.26241183280944824
0.2515348792076111
0.2617075443267822
0.5183510184288025
0.4941119849681854
0.48941561579704285
0.5121194124221802
0.5143989324569702
0.5119457840919495
0.4784001410007477
0.47764846682548523
0.46075916290283203
0.48744821548461914
0.9471280574798584
0.8950631618499756
0.9199430346488953
0.9093260765075684
0.9070428609848022
0.8882090449333191
0.8715813755989075
0.8872935771942139
0.8902354836463928
0.9230088591575623
1.4807305335998535
1.443995475769043
1.464760661125183
1.4503812789916992
1.4225049018859863
1.3927476406097412
1.4102685451507568
1.3874276876449585
1.3654402494430542
1.3488647937774658
2.2931995391845703
2.276062250137329
2.264345407485962
2.24823260307312
2.2358779907226562
2.224337577819824
2.203779697418213
2.219912052154541
2.185680866241455
2.1726551055908203
2.512920379638672
2.5540099143981934
2.5359599590301514
2.466420888900757
2.430330276489258
2.464045763015747
2.4326159954071045
2.4335038661956787
2.4789817333221436
2.462545156478882
2.6870622634887695
2.6979246139526367
2.7128641605377197
2.676778554916382
2.7123444080352783
2.6404623985290527
2.658597707748413
2.6698050498962402
2.597956418991089
2.5985026359558105
2.9871721267700195
3.001002550125122
3.004488706588745
2.99477219581604
2.9268157482147217
2.8790242671966553
2.872490882873535
2.8936707973480225
2.8312981128692627
2.879387378692627
3.294532299041748
3.2354068756103516
3.1981148719787598
3.249105453491211
3.1616668701171875
3.1433401107788086
3.1279046535491943
3.0972042083740234
3.077566623687744
3.080359697341919
0.5519595146179199
0.532196581363678
0.5219171643257141
0.49818655848503113
0.47683456540107727
0.5013445019721985
0.49004730582237244
0.47540485858917236
0.45629385113716125
0.4562022387981415
0.8452234268188477
0.8316004276275635
0.8171463012695312
0.825174868106842
0.8027285933494568
0.7914357781410217
0.7744141221046448
0.8177170753479004
0.7462683916091919
0.769826352596283
1.2260699272155762
1.2237352132797241
1.2380356788635254
1.1778795719146729
1.1899151802062988
1.1863170862197876
1.1477199792861938
1.1761224269866943
1.1495543718338013
1.1407966613769531
1.8483762741088867
1.8452986478805542
1.7841322422027588
1.8222689628601074
1.7904517650604248
1.750450611114502
1.740743637084961
1.6982451677322388
1.703843593597412
1.6980077028274536
2.8102872371673584
2.6982388496398926
2.660625696182251
2.6379544734954834
2.6243789196014404
2.6103692054748535
2.579563617706299
2.5630221366882324
2.547285795211792
2.5138251781463623
2.8466029167175293
2.7912206649780273
2.776623010635376
2.7407493591308594
2.6990835666656494
2.6899094581604004
2.680913209915161
2.682152032852173
2.6562461853027344
2.6483824253082275
3.1076478958129883
3.078998565673828
3.032161235809326
3.0810983180999756
2.958338499069214
2.918611526489258
2.94826602935791
2.93009614944458
2.9316744804382324
2.8622968196868896
3.195641279220581
3.1003406047821045
3.0139858722686768
3.0031540393829346
2.9426796436309814
2.9452126026153564
2.9487826824188232
2.8817648887634277
2.8583407402038574
2.882673501968384
2.717463731765747
2.707841634750366
2.721126079559326
2.724536895751953
2.63128924369812
2.599163055419922
2.5927090644836426
2.563115358352661
2.533130168914795
2.4994940757751465
0.4395725131034851
0.4187494218349457
0.41582462191581726
0.4365645945072174
0.4007725417613983
0.4053371250629425
0.40306541323661804
0.3779914379119873
0.3710020184516907
0.40154707431793213
0.7053515911102295
0.7195595502853394
0.6872788667678833
0.7277101278305054
0.6766857504844666
0.664412796497345
0.6696143746376038
0.6336253881454468
0.6202280521392822
0.649060070514679
1.2195777893066406
1.1330214738845825
1.1228224039077759
1.1054383516311646
1.1280903816223145
1.1281442642211914
1.1189947128295898
1.101200819015503
1.1066309213638306
1.0860052108764648
1.743203043937683
1.692880392074585
1.6618539094924927
1.6606512069702148
1.6317453384399414
1.647265076637268
1.668321132659912
1.611085057258606
1.616916537284851
1.5919013023376465
2.508345603942871
2.487868547439575
2.4475808143615723
2.4133119583129883
2.4264822006225586
2.4190597534179688
2.3689537048339844
2.309156656265259
2.3577828407287598
2.2802743911743164
3.0152957439422607
2.9730193614959717
2.942776918411255
2.9234118461608887
2.86784029006958
2.840440273284912
2.859098434448242
2.7768235206604004
2.7621474266052246
2.7595977783203125
3.04803466796875
3.0519394874572754
3.044276475906372
2.967315673828125
2.9643256664276123
2.930819034576416
2.949791431427002
2.8987388610839844
2.9100091457366943
2.8430914878845215
2.997107744216919
2.959961414337158
2.943411350250244
2.952738046646118
2.949150800704956
2.945493459701538
2.8785386085510254
2.8172481060028076
2.7987804412841797
2.7941324710845947
2.8247761726379395
2.7178666591644287
2.6986231803894043
2.700751543045044
2.6835083961486816
2.6587560176849365
2.596449613571167
2.6140975952148438
2.5528202056884766
2.5816383361816406
0.5417352914810181
0.5622149109840393
0.49648478627204895
0.5033221244812012
0.4847850501537323
0.4867551326751709
0.44774356484413147
0.4540219008922577
0.43943721055984497
0.4359923005104065
0.8129186630249023
0.8455816507339478
0.788902759552002
0.7915316820144653
0.7736478447914124
0.7605613470077515
0.7704628109931946
0.7504021525382996
0.7353125214576721
0.7209565043449402
1.3133296966552734
1.3139704465866089
1.2744519710540771
1.2174530029296875
1.2087513208389282
1.2241830825805664
1.1909761428833008
1.1782186031341553
1.168156623840332
1.150905966758728
1.8656779527664185
1.7860684394836426
1.8042372465133667
1.7939790487289429
1.8077609539031982
1.7731807231903076
1.7049154043197632
1.6697466373443604
1.717786431312561
1.648983359336853
2.6695308685302734
2.71465802192688
2.6377599239349365
2.5670223236083984
2.5477380752563477
2.52392840385437
2.5250589847564697
2.4143121242523193
2.421919345855713
2.4909253120422363
2.909428358078003
2.9267821311950684
2.868523359298706
2.7993133068084717
2.7772927284240723
2.7363975048065186
2.7789151668548584
2.7752718925476074
2.6145899295806885
2.6583306789398193
3.0103721618652344
2.9562792778015137
2.9605772495269775
2.9394819736480713
2.9151577949523926
2.887057065963745
2.8236451148986816
2.8585619926452637
2.81013822555542
2.798381805419922
3.2761006355285645
3.227294921875
3.192302942276001
3.1550984382629395
3.101991891860962
3.0788094997406006
3.0798697471618652
3.023388385772705
2.998863935470581
3.0172677040100098
3.3743207454681396
3.3509163856506348
3.3033852577209473
3.2535111904144287
3.1958913803100586
3.2256178855895996
3.1732566356658936
3.1181111335754395
3.1059019565582275
2.9980263710021973
0.29391956329345703
0.2868894934654236
0.2784339189529419
0.28749269247055054
0.2713124454021454
0.2820408344268799
0.2655959129333496
0.26442262530326843
0.24775120615959167
0.26544618606567383
0.5497024059295654
0.5521535873413086
0.5418272018432617
0.540585458278656
0.5169016122817993
0.5567585229873657
0.5185351371765137
0.5250638723373413
0.5050034523010254
0.49342793226242065
0.9969823360443115
0.9990267157554626
0.9636088013648987
0.9662284851074219
0.9532524943351746
0.9226396679878235
0.9318575859069824
0.9213266968727112
0.9064586758613586
0.9105002284049988
1.554203987121582
1.5421583652496338
1.5649524927139282
1.522057294845581
1.5534427165985107
1.4904221296310425
1.5020983219146729
1.5008691549301147
1.4983335733413696
1.4706224203109741
2.5829451084136963
2.5521135330200195
2.5221710205078125
2.507643222808838
2.4447426795959473
2.4735751152038574
2.4823174476623535
2.4131622314453125
2.352938175201416
2.3738865852355957
2.9314799308776855
2.8779284954071045
2.8875060081481934
2.8536906242370605
2.779574155807495
2.816535711288452
2.7863540649414062
2.770146608352661
2.8024299144744873
2.726586103439331
2.9603774547576904
2.981400966644287
2.9506218433380127
2.9221503734588623
2.915304183959961
2.8770411014556885
2.8959078788757324
2.8420538902282715
2.7985944747924805
2.802539825439453
2.523162841796875
2.432676076889038
2.43214750289917
2.419833183288574
2.3747050762176514
2.3961994647979736
2.3876852989196777
2.2879207134246826
2.333533525466919
2.3129751682281494
3.251518964767456
3.2105610370635986
3.2148172855377197
3.222114324569702
3.1731109619140625
3.153779983520508
3.077662229537964
3.0110666751861572
3.0628836154937744
3.069946527481079
0.7302961945533752
0.6769620180130005
0.6632871031761169
0.6259465217590332
0.6021302938461304
0.5718032717704773
0.5585646033287048
0.5542584657669067
0.49097663164138794
0.5127127766609192
0.9328783750534058
0.8564754724502563
0.8737694621086121
0.8315913677215576
0.7935165166854858
0.7900256514549255
0.7718271017074585
0.7600455284118652
0.728862464427948
0.7043124437332153
1.224490761756897
1.2152550220489502
1.1873736381530762
1.155403733253479
1.0993815660476685
1.1240912675857544
1.072310209274292
1.0740814208984375
1.0621142387390137
1.0394350290298462
1.897523045539856
1.8345245122909546
1.7290414571762085
1.749222755432129
1.7323451042175293
1.6987797021865845
1.6727819442749023
1.6659085750579834
1.6006454229354858
1.5972793102264404
2.793888807296753
2.7395687103271484
2.6913158893585205
2.6711602210998535
2.647855281829834
2.573701858520508
2.552319288253784
2.5875444412231445
2.4550013542175293
2.4082841873168945
3.076591968536377
3.0189926624298096
2.979243755340576
2.9308619499206543
2.921022415161133
2.808499574661255
2.8202056884765625
2.79325795173645
2.723428249359131
2.760650634765625
3.103959321975708
3.0420663356781006
3.024038791656494
2.931122064590454
2.93678879737854
2.882817506790161
2.901033639907837
2.8473575115203857
2.830563545227051
2.8178181648254395
2.6061151027679443
2.5482356548309326
2.4995224475860596
2.499115228652954
2.416266679763794
2.462855815887451
2.399233341217041
2.3512649536132812
2.3146448135375977
2.3239200115203857
2.895259141921997
2.797084093093872
2.8729989528656006
2.7780184745788574
2.7790374755859375
2.688847541809082
2.67513370513916
2.6676688194274902
2.6278295516967773
2.5955276489257812
0.27498602867126465
0.2881118655204773
0.2801094949245453
0.25810953974723816
0.2644253671169281
0.2617831230163574
0.2447258085012436
0.239018514752388
0.23954929411411285
0.24501864612102509
0.5662573575973511
0.587637722492218
0.5709055066108704
0.5182362794876099
0.5100683569908142
0.5122007131576538
0.5032351016998291
0.49986618757247925
0.4636600613594055
0.4514671862125397
1.092688798904419
1.0905041694641113
1.0428190231323242
1.0346672534942627
0.9904510974884033
0.9972524642944336
0.9727972745895386
0.9545950889587402
0.9380505084991455
0.9100289344787598
2.0010368824005127
1.919532060623169
1.916426181793213
1.8633877038955688
1.7901946306228638
1.8032766580581665
1.7615076303482056
1.7632932662963867
1.68289053440094
1.6730107069015503
2.7872180938720703
2.7289910316467285
2.6863279342651367
2.712270975112915
2.6124305725097656
2.521780490875244
2.498065233230591
2.449911117553711
2.3785924911499023
2.4159793853759766
2.8948793411254883
2.8605048656463623
2.773059606552124
2.766479015350342
2.688857078552246
2.5962038040161133
2.567077398300171
2.4745185375213623
2.5075008869171143
2.485281467437744
2.740494966506958
2.636969566345215
2.577221393585205
2.5496180057525635
2.553459644317627
2.4589786529541016
2.428879976272583
2.3566484451293945
2.3241045475006104
2.276646614074707
3.0852580070495605
3.027679204940796
2.9277124404907227
2.888911247253418
2.8210370540618896
2.8314123153686523
2.7308149337768555
2.626823902130127
2.68699049949646
2.5983901023864746
3.279951572418213
3.171705484390259
3.1186037063598633
3.089916467666626
3.0104827880859375
2.925686836242676
2.9740750789642334
2.853942394256592
2.865321159362793
2.8265268802642822
0.44245001673698425
0.417448490858078
0.40519505739212036
0.3766995966434479
0.36908483505249023
0.3347301185131073
0.3391087055206299
0.3378378450870514
0.31313493847846985
0.30193081498146057
0.6255507469177246
0.6073071956634521
0.601463794708252
0.5709046125411987
0.5453521013259888
0.5584194660186768
0.5252940654754639
0.5266902446746826
0.4996318221092224
0.47166386246681213
0.9576396346092224
0.9254078269004822
0.9049632549285889
0.8853497505187988
0.9000337719917297
0.8420493602752686
0.8365886211395264
0.8163790702819824
0.7943544983863831
0.8087244629859924
1.5765101909637451
1.5725281238555908
1.5170625448226929
1.504276990890503
1.4545307159423828
1.3917230367660522
1.408225655555725
1.4317996501922607
1.3321548700332642
1.2846159934997559
2.3665549755096436
2.3285322189331055
2.215580463409424
2.2376973628997803
2.2215278148651123
2.0778069496154785
2.0487546920776367
1.9782288074493408
1.971880316734314
1.9060425758361816
3.112809181213379
3.001528024673462
2.9001522064208984
2.8137800693511963
2.7483503818511963
2.64426851272583
2.58793044090271
2.5629637241363525
2.5419554710388184
2.429330825805664
2.724221706390381
2.715207099914551
2.7049567699432373
2.630589485168457
2.5510501861572266
2.5116336345672607
2.4701080322265625
2.449577808380127
2.406367778778076
2.2980563640594482
3.3630244731903076
3.3049476146698
3.250025510787964
3.2220282554626465
3.14532470703125
3.0766308307647705
3.0838301181793213
3.031480073928833
2.9794769287109375
2.9027295112609863
2.4879038333892822
2.4104039669036865
2.406128168106079
2.3253462314605713
2.2690186500549316
2.2828354835510254
2.29792857170105
2.2409517765045166
2.223755121231079
2.186922788619995
0.2607271075248718
0.2425755113363266
0.2464451789855957
0.24895897507667542
0.2263079434633255
0.2338627427816391
0.23385699093341827
0.2128138542175293
0.1993442326784134
0.20872975885868073
0.488910436630249
0.4657163918018341
0.4595493674278259
0.4490058124065399
0.436570942401886
0.42612147331237793
0.40956729650497437
0.39242756366729736
0.40168797969818115
0.40020981431007385
0.8355571031570435
0.8184821605682373
0.8128167986869812
0.8272736072540283
0.7360973358154297
0.7575696706771851
0.7367939352989197
0.7289391756057739
0.7265568971633911
0.6917060613632202
1.47519850730896
1.4612683057785034
1.401450753211975
1.382433295249939
1.3103561401367188
1.3146708011627197
1.3136543035507202
1.2318419218063354
1.2436888217926025
1.2219399213790894
2.5112836360931396
2.4315526485443115
2.3840091228485107
2.3113784790039062
2.3389344215393066
2.2673072814941406
2.2323265075683594
2.2231781482696533
2.169137477874756
2.1059811115264893
3.4196603298187256
3.3036880493164062
3.2635366916656494
3.22416615486145
3.2023909091949463
3.142245054244995
3.068242073059082
3.0716288089752197
2.979536533355713
2.873972177505493
3.2272772789001465
3.1610610485076904
3.1470959186553955
3.092951774597168
3.097256898880005
2.9939475059509277
2.9878759384155273
2.9621496200561523
2.9618096351623535
2.917470693588257
3.2455921173095703
3.2223918437957764
3.140960693359375
3.166015386581421
3.0822272300720215
3.093736410140991
3.0723371505737305
2.9709866046905518
2.993260622024536
2.962984323501587
2.611963987350464
2.5343170166015625
2.4337453842163086
2.4111733436584473
2.419682264328003
2.4308438301086426
2.3528645038604736
2.298741340637207
2.3255770206451416
2.314702033996582
0.7210174202919006
0.6805688142776489
0.6071260571479797
0.557052493095398
0.5455251932144165
0.4595368206501007
0.45381882786750793
0.41732361912727356
0.40998131036758423
0.3732999265193939
0.7909270524978638
0.7385929822921753
0.7218599915504456
0.6707087159156799
0.6508828401565552
0.6090788245201111
0.6167896389961243
0.5732746124267578
0.5141175985336304
0.52207350730896
1.1604230403900146
1.0908364057540894
1.075709581375122
1.0228536128997803
0.9896392226219177
0.9650128483772278
0.8900337815284729
0.8755554556846619
0.8838980793952942
0.8584463596343994
1.767478346824646
1.6988565921783447
1.6941492557525635
1.6173778772354126
1.5473650693893433
1.5510499477386475
1.4580039978027344
1.4413509368896484
1.403493881225586
1.3704437017440796
2.5944366455078125
2.553584337234497
2.437885284423828
2.3871099948883057
2.332178831100464
2.274998903274536
2.20550274848938
2.1236677169799805
2.088857650756836
2.0248003005981445
3.1788415908813477
3.0873847007751465
3.0015785694122314
2.8951454162597656
2.816148519515991
2.767545223236084
2.7469253540039062
2.641575574874878
2.5929832458496094
2.5150582790374756
3.01910662651062
2.93660831451416
2.9309349060058594
2.7663445472717285
2.6960277557373047
2.5838630199432373
2.6447324752807617
2.5473203659057617
2.4806764125823975
2.4154396057128906
2.88273286819458
2.8872318267822266
2.753448247909546
2.737156629562378
2.681776523590088
2.5655715465545654
2.4718337059020996
2.4439566135406494
2.4269607067108154
2.35707688331604
2.1761085987091064
2.0790374279022217
2.0301058292388916
1.9816515445709229
1.9648873805999756
1.8643136024475098
1.843408465385437
1.7915661334991455
1.7466981410980225
1.6921547651290894
0.5867807865142822
0.5484018325805664
0.542817234992981
0.5108762383460999
0.4878849685192108
0.4765080511569977
0.4613414704799652
0.43963712453842163
0.4161103665828705
0.40992680191993713
0.7802624702453613
0.7857471108436584
0.748848021030426
0.715340793132782
0.7065379619598389
0.6713603138923645
0.6676012873649597
0.6317339539527893
0.6183701157569885
0.6003091931343079
1.2667078971862793
1.198112964630127
1.1619319915771484
1.1560693979263306
1.0943366289138794
1.092189073562622
1.0752301216125488
1.0069855451583862
1.036242127418518
0.9967548847198486
1.9380477666854858
1.900131106376648
1.8562042713165283
1.7903246879577637
1.7835659980773926
1.7019022703170776
1.6682277917861938
1.636955976486206
1.5649354457855225
1.558435082435608
2.7974750995635986
2.723602294921875
2.6810383796691895
2.6198461055755615
2.5144107341766357
2.451350212097168
2.4261200428009033
2.3691437244415283
2.3190670013427734
2.263127088546753
2.7778828144073486
2.757319688796997
2.6376917362213135
2.5562634468078613
2.443575382232666
2.4735376834869385
2.39776349067688
2.304687976837158
2.213648796081543
2.234477996826172
3.1792001724243164
3.161903142929077
2.98565411567688
2.954359292984009
2.847278594970703
2.7707276344299316
2.7359116077423096
2.703695058822632
2.6893231868743896
2.6126084327697754
2.5600905418395996
2.5540239810943604
2.476461172103882
2.3550119400024414
2.323136329650879
2.272226572036743
2.25393009185791
2.2446625232696533
2.2289493083953857
2.165266990661621
3.1559462547302246
3.2341933250427246
3.0627689361572266
2.9962453842163086
2.9663190841674805
2.970003843307495
2.8891003131866455
2.891953945159912
2.798309564590454
2.7573623657226562
0.460160493850708
0.4377886652946472
0.3863336145877838
0.37738844752311707
0.3579947352409363
0.3375393748283386
0.3279851973056793
0.29371413588523865
0.2965563237667084
0.28023767471313477
0.6489020586013794
0.6086581945419312
0.5980228781700134
0.5629306435585022
0.538968026638031
0.5193598866462708
0.4865601658821106
0.46850064396858215
0.4425654113292694
0.43562403321266174
0.9004886150360107
0.8902662992477417
0.843159019947052
0.8036805391311646
0.7646002173423767
0.7421638369560242
0.7422546744346619
0.7070559859275818
0.7085258364677429
0.6659749746322632
1.419291615486145
1.3683079481124878
1.2999145984649658
1.2424834966659546
1.2659852504730225
1.204242467880249
1.1783556938171387
1.1632741689682007
1.099483609199524
1.0773441791534424
2.134212017059326
2.1426494121551514
2.0164217948913574
1.9814612865447998
1.9056648015975952
1.8217915296554565
1.7945760488510132
1.7274565696716309
1.7406762838363647
1.6295379400253296
2.852756977081299
2.7417805194854736
2.711376905441284
2.6213161945343018
2.6278927326202393
2.5343666076660156
2.4309329986572266
2.3968310356140137
2.3999271392822266
2.2637481689453125
3.3400347232818604
3.2820706367492676
3.2297239303588867
3.2092697620391846
3.100132942199707
3.022193670272827
2.906280994415283
2.867398262023926
2.9001858234405518
2.804142951965332
2.4959166049957275
2.495511531829834
2.434633493423462
2.43552565574646
2.3257970809936523
2.311863899230957
2.2855489253997803
2.2082102298736572
2.234450578689575
2.1308982372283936
3.2248871326446533
3.1814024448394775
3.0819835662841797
3.075702667236328
2.967357873916626
2.873103380203247
2.8242568969726562
2.794511079788208
2.7251288890838623
2.6982946395874023
0.20493389666080475
0.224741131067276
0.20847855508327484
0.19404147565364838
0.18791361153125763
0.19188684225082397
0.19250665605068207
0.17639067769050598
0.16658183932304382
0.1730741560459137
0.4807761609554291
0.46524888277053833
0.4214325249195099
0.4194905757904053
0.4137444794178009
0.398815393447876
0.3750593066215515
0.3815968930721283
0.35828351974487305
0.3706074655056
0.8437564373016357
0.8374180793762207
0.7713906168937683
0.7549933791160583
0.7477571368217468
0.7140910625457764
0.7031647562980652
0.6766834855079651
0.6632577180862427
0.6661496758460999
1.4606475830078125
1.37982177734375
1.4097579717636108
1.3366297483444214
1.2658828496932983
1.2831910848617554
1.2401704788208008
1.2253456115722656
1.2037795782089233
1.152253270149231
2.250920295715332
2.149911642074585
2.0835206508636475
2.0341618061065674
1.9586695432662964
1.891200065612793
1.8763737678527832
1.8793567419052124
1.8011513948440552
1.7376471757888794
2.477471113204956
2.39224910736084
2.3018784523010254
2.331205129623413
2.237072229385376
2.1886494159698486
2.186469316482544
2.1335976123809814
2.0502820014953613
2.000537395477295
2.9498512744903564
2.976041793823242
2.885374069213867
2.7689857482910156
2.8017945289611816
2.731233835220337
2.6417410373687744
2.6199610233306885
2.5508885383605957
2.435206890106201
3.226106882095337
3.134028434753418
3.1214988231658936
3.02350115776062
3.0175938606262207
2.9297242164611816
2.8427584171295166
2.819760799407959
2.734435558319092
2.669564723968506
3.0061769485473633
2.986776351928711
2.8815948963165283
2.8770809173583984
2.7997469902038574
2.773529291152954
2.695969820022583
2.644923686981201
2.5433456897735596
2.506971597671509
0.1607356071472168
0.15116918087005615
0.13921236991882324
0.13487914204597473
0.1346692591905594
0.12469333410263062
0.1324891895055771
0.13111759722232819
0.12483189254999161
0.12129291146993637
0.40942713618278503
0.3596794605255127
0.33896493911743164
0.3320278227329254
0.32460707426071167
0.32632407546043396
0.318106472492218
0.3047003746032715
0.27784672379493713
0.30181387066841125
0.8128684759140015
0.7570887804031372
0.7264167070388794
0.7278918027877808
0.6850259900093079
0.6700793504714966
0.6617628931999207
0.6406359076499939
0.6694432497024536
0.6349530220031738
1.4456493854522705
1.4378807544708252
1.432761311531067
1.361188292503357
1.3557454347610474
1.3145025968551636
1.3063379526138306
1.2637240886688232
1.2443788051605225
1.2193175554275513
2.4007527828216553
2.3287196159362793
2.2990882396698
2.2256643772125244
2.201754570007324
2.161383867263794
2.0877952575683594
2.015831232070923
2.008103370666504
2.040449619293213
2.845759391784668
2.7109878063201904
2.686540126800537
2.6687214374542236
2.607335329055786
2.5690343379974365
2.512396812438965
2.4091603755950928
2.4892191886901855
2.4201033115386963
2.6381051540374756
2.572047710418701
2.5799362659454346
2.459315299987793
2.4343342781066895
2.3379852771759033
2.310152769088745
2.3024492263793945
2.2855262756347656
2.212827682495117
2.974916934967041
2.84432053565979
2.8971917629241943
2.7187087535858154
2.7410824298858643
2.6998438835144043
2.6522374153137207
2.670769214630127
2.646994113922119
2.5373215675354004
3.2055599689483643
3.1714963912963867
3.0680325031280518
3.0721113681793213
3.0405664443969727
3.036851167678833
2.9098453521728516
2.94309139251709
2.880946159362793
2.8655741214752197
0.18752489984035492
0.18323534727096558
0.18015524744987488
0.16700097918510437
0.16924674808979034
0.16625353693962097
0.15782877802848816
0.15151375532150269
0.15042676031589508
0.1614610105752945
0.4418432414531708
0.4233916997909546
0.40998250246047974
0.3756433129310608
0.3905400037765503
0.35780033469200134
0.3549659550189972
0.3331088125705719
0.3318255841732025
0.30260929465293884
0.8269725441932678
0.7927371263504028
0.7667752504348755
0.7300026416778564
0.6783844828605652
0.6791571974754333
0.6486889719963074
0.6665986776351929
0.6337553858757019
0.5909033417701721
1.4081871509552002
1.32355797290802
1.3036776781082153
1.2494486570358276
1.197561264038086
1.1478503942489624
1.1372742652893066
1.0766032934188843
1.0228577852249146
1.019785761833191
2.236030340194702
2.0990676879882812
2.0180537700653076
1.9385178089141846
1.8124996423721313
1.7554666996002197
1.7827129364013672
1.6939789056777954
1.6780245304107666
1.549095869064331
3.063232660293579
3.003110885620117
2.8931214809417725
2.8105506896972656
2.747978925704956
2.635866641998291
2.5696792602539062
2.5072035789489746
2.467853546142578
2.3789310455322266
2.3072917461395264
2.2559661865234375
2.1998090744018555
2.1257059574127197
2.1242783069610596
2.0483908653259277
2.0072860717773438
1.9338793754577637
1.9778265953063965
1.8522228002548218
3.050704002380371
2.8955466747283936
2.8279836177825928
2.7835443019866943
2.719743013381958
2.6787326335906982
2.610419750213623
2.5857927799224854
2.496284008026123
2.3999545574188232
2.7484304904937744
2.73419189453125
2.593571424484253
2.5631227493286133
2.4216794967651367
2.412108898162842
2.3617842197418213
2.263714075088501
2.252699136734009
2.195878028869629
0.2080286741256714
0.19356799125671387
0.18287405371665955
0.18025778234004974
0.17073428630828857
0.1597684770822525
0.1557278335094452
0.14517128467559814
0.1608157753944397
0.1492619812488556
0.4442932605743408
0.4395095705986023
0.3958028554916382
0.3812337815761566
0.39288654923439026
0.37443807721138
0.3370010256767273
0.3315739035606384
0.31641799211502075
0.3121994137763977
0.8206438422203064
0.825592577457428
0.721528172492981
0.694482147693634
0.6900985240936279
0.6383001208305359
0.6068003177642822
0.6238899827003479
0.5907509922981262
0.560893177986145
1.4260408878326416
1.3737764358520508
1.3206932544708252
1.2415729761123657
1.1801742315292358
1.1910316944122314
1.1175729036331177
1.086565375328064
1.0413061380386353
0.9738144874572754
2.195556163787842
2.0625784397125244
1.9719231128692627
1.9250075817108154
1.8702040910720825
1.789387583732605
1.7281686067581177
1.691717267036438
1.6417790651321411
1.5742459297180176
2.515532970428467
2.4309141635894775
2.3406524658203125
2.2011756896972656
2.1259121894836426
2.063385248184204
2.0213005542755127
1.9091325998306274
1.8661320209503174
1.8401429653167725
3.064643144607544
3.0091631412506104
2.8467113971710205
2.888516664505005
2.7008018493652344
2.6004741191864014
2.59114408493042
2.5453028678894043
2.3480727672576904
2.330796718597412
2.1620545387268066
2.105647087097168
2.030764579772949
1.9572129249572754
1.952564001083374
1.8821766376495361
1.855840802192688
1.7956467866897583
1.755145788192749
1.69451105594635
2.8724184036254883
2.85207462310791
2.7501156330108643
2.714221477508545
2.6404964923858643
2.523796319961548
2.484233856201172
2.4187498092651367
2.4085819721221924
2.3093421459198
0.6570677757263184
0.6187130808830261
0.5262110829353333
0.442344605922699
0.40017446875572205
0.3737874925136566
0.32808181643486023
0.3301776945590973
0.3058375120162964
0.26089057326316833
0.6382110714912415
0.5802776217460632
0.5427170991897583
0.5253058671951294
0.4934433698654175
0.47441500425338745
0.42961740493774414
0.41337689757347107
0.4122229814529419
0.38374918699264526
0.9248669147491455
0.8713102340698242
0.8043750524520874
0.7943103313446045
0.7276284694671631
0.7479508519172668
0.7057992815971375
0.6677783727645874
0.650908887386322
0.6128071546554565
1.5621600151062012
1.492171049118042
1.4099258184432983
1.38582444190979
1.2963109016418457
1.2818453311920166
1.211272954940796
1.210665225982666
1.155579924583435
1.1086899042129517
2.372603416442871
2.2683839797973633
2.2366127967834473
2.1319174766540527
2.0309324264526367
1.9623905420303345
1.9391220808029175
1.8350839614868164
1.7977994680404663
1.7517956495285034
2.671133518218994
2.5336005687713623
2.454223394393921
2.366889715194702
2.31768798828125
2.258068799972534
2.1438393592834473
2.1346499919891357
2.044671058654785
1.9132403135299683
3.021804094314575
2.9535064697265625
2.8755781650543213
2.7507059574127197
2.627371072769165
2.592212200164795
2.4418156147003174
2.383647918701172
2.3000707626342773
2.2393670082092285
3.063368320465088
2.9645683765411377
2.7706210613250732
2.7234835624694824
2.627943277359009
2.6445605754852295
2.578601837158203
2.384587287902832
2.335888385772705
2.2260842323303223
3.4315245151519775
3.2831339836120605
3.1845614910125732
3.0601885318756104
2.8940963745117188
2.8406827449798584
2.7489047050476074
2.6904091835021973
2.559291362762451
2.5123062133789062
0.4338216185569763
0.38756057620048523
0.37297916412353516
0.3386988043785095
0.33657094836235046
0.3147532343864441
0.30918794870376587
0.272838830947876
0.27534887194633484
0.2582226097583771
0.6471185684204102
0.6104811429977417
0.5761663317680359
0.5567684173583984
0.526619553565979
0.4930952191352844
0.4578099548816681
0.42635536193847656
0.41017207503318787
0.3958236873149872
0.9021244645118713
0.8724442720413208
0.8218051195144653
0.7980977296829224
0.7432780265808105
0.7050378322601318
0.6903946995735168
0.6429173350334167
0.6219711303710938
0.5925774574279785
1.3920241594314575
1.3242106437683105
1.265847086906433
1.2304025888442993
1.1473928689956665
1.0843505859375
1.0513547658920288
1.0175895690917969
0.9444250464439392
0.9680478572845459
2.197697162628174
2.0836730003356934
2.022080183029175
1.9038381576538086
1.8577322959899902
1.8059582710266113
1.7638486623764038
1.6539092063903809
1.670961618423462
1.6016348600387573
2.730041027069092
2.666494846343994
2.583570718765259
2.460047721862793
2.490717649459839
2.27889347076416
2.287539482116699
2.2270612716674805
2.140963077545166
2.1144397258758545
3.002166748046875
2.850478172302246
2.8118534088134766
2.686103343963623
2.6583518981933594
2.490593910217285
2.4579312801361084
2.400412082672119
2.3076906204223633
2.327535629272461
2.4964547157287598
2.405438184738159
2.31575608253479
2.306817054748535
2.2150864601135254
2.1452956199645996
2.076901435852051
2.012880325317383
1.994588017463684
1.9166252613067627
2.892141580581665
2.7774577140808105
2.648989677429199
2.653376340866089
2.5699145793914795
2.483567953109741
2.425602912902832
2.3975119590759277
2.3468737602233887
2.226775646209717
0.1039562001824379
0.10529583692550659
0.09813658893108368
0.10537002235651016
0.0964277982711792
0.0966276153922081
0.08797018975019455
0.10042352974414825
0.08554214984178543
0.08210688084363937
0.3081989288330078
0.31225118041038513
0.29553258419036865
0.27341213822364807
0.2589951157569885
0.2599388062953949
0.27429020404815674
0.24701017141342163
0.22428442537784576
0.235030859708786
0.6917001008987427
0.679960310459137
0.6247366666793823
0.6228510737419128
0.5718651413917542
0.5575063228607178
0.533368706703186
0.49380096793174744
0.5134226083755493
0.4769497215747833
1.3071963787078857
1.2259838581085205
1.1458344459533691
1.1249346733093262
1.0449271202087402
1.0251350402832031
0.9908716082572937
0.9702628254890442
0.9145968556404114
0.9004931449890137
1.9302688837051392
1.8671923875808716
1.7631936073303223
1.750839352607727
1.671688199043274
1.6066503524780273
1.5582880973815918
1.4930531978607178
1.4425311088562012
1.4011763334274292
2.553957462310791
2.472646474838257
2.355463981628418
2.2535881996154785
2.158015727996826
2.156895399093628
2.102733850479126
2.042128086090088
2.009606122970581
1.908188819885254
2.7475109100341797
2.6461594104766846
2.5456299781799316
2.482234239578247
2.351224660873413
2.366982936859131
2.31512451171875
2.1617627143859863
2.2074992656707764
2.071258783340454
2.9521548748016357
2.8396055698394775
2.7970590591430664
2.6642863750457764
2.6643548011779785
2.5475635528564453
2.487736225128174
2.4044861793518066
2.324401378631592
2.2694640159606934
3.2057409286499023
3.1071670055389404
2.97786021232605
2.9734153747558594
2.9059693813323975
2.7938387393951416
2.7815334796905518
2.6903562545776367
2.671642541885376
2.631740093231201
0.11848118156194687
0.11993873864412308
0.11459946632385254
0.10890187323093414
0.118837371468544
0.09853249788284302
0.10352417826652527
0.10430801659822464
0.1007671132683754
0.09817176312208176
0.3123719394207001
0.3006921708583832
0.2726348638534546
0.2548462450504303
0.2675270438194275
0.2396428883075714
0.2316405326128006
0.21864056587219238
0.2138834297657013
0.2054690569639206
0.6191808581352234
0.5780555605888367
0.5211397409439087
0.5278400778770447
0.4895417094230652
0.46735891699790955
0.45103538036346436
0.4308452308177948
0.42276525497436523
0.40525805950164795
1.0175858736038208
1.0067840814590454
0.948879599571228
0.8972915410995483
0.8877930045127869
0.8602991700172424
0.8234083652496338
0.7993149161338806
0.7657453417778015
0.7303814888000488
1.6837149858474731
1.6051379442214966
1.540546178817749
1.48051118850708
1.409329891204834
1.3883949518203735
1.3188626766204834
1.272294282913208
1.2631367444992065
1.2026512622833252
2.3944344520568848
2.2833197116851807
2.180795907974243
2.1318962574005127
2.035398483276367
1.9726496934890747
1.8669649362564087
1.8588647842407227
1.7987877130508423
1.7130881547927856
2.8964920043945312
2.728659152984619
2.635106086730957
2.564683675765991
2.4649791717529297
2.431529998779297
2.37502121925354
2.2883574962615967
2.2349796295166016
2.2446467876434326
2.8548707962036133
2.8308277130126953
2.7088329792022705
2.6316168308258057
2.5764312744140625
2.505362033843994
2.3665051460266113
2.3854446411132812
2.3294312953948975
2.211832046508789
2.8474998474121094
2.766741991043091
2.593503475189209
2.4804739952087402
2.5058653354644775
2.4724903106689453
2.385423183441162
2.2962639331817627
2.2163631916046143
2.120941638946533
0.07096532732248306
0.06581494957208633
0.06314872950315475
0.06715165078639984
0.07055379450321198
0.062390491366386414
0.06182681769132614
0.06155641749501228
0.06074829399585724
0.0615961030125618
0.2239578664302826
0.22112888097763062
0.20746378600597382
0.22376418113708496
0.1884298473596573
0.18878325819969177
0.1817176789045334
0.18095402419567108
0.17946650087833405
0.18124078214168549
0.5986807346343994
0.5692134499549866
0.5261126756668091
0.5079156160354614
0.49965420365333557
0.4615080952644348
0.44398295879364014
0.43238380551338196
0.4211539328098297
0.41382279992103577
1.1527236700057983
1.148964762687683
1.0787330865859985
1.0539790391921997
0.9752441644668579
0.9824528694152832
0.9115527868270874
0.900261640548706
0.8830179572105408
0.843039870262146
2.125282049179077
1.9571105241775513
1.9577267169952393
1.8550301790237427
1.73856782913208
1.7392466068267822
1.6762864589691162
1.6494425535202026
1.57350492477417
1.5173003673553467
2.767319679260254
2.6462061405181885
2.5917112827301025
2.515446662902832
2.4387688636779785
2.366347074508667
2.284022569656372
2.211573839187622
2.1992199420928955
2.1364150047302246
3.245206594467163
3.086453676223755
2.9673349857330322
2.871042251586914
2.795964002609253
2.734726905822754
2.5646092891693115
2.5208826065063477
2.4102392196655273
2.4020302295684814
2.2156407833099365
2.2096588611602783
2.1127843856811523
2.00723934173584
2.0131163597106934
1.8820011615753174
1.828044056892395
1.8232964277267456
1.7405270338058472
1.6951477527618408
3.1600229740142822
3.1176934242248535
2.974567413330078
2.9259891510009766
2.803466796875
2.7868576049804688
2.677889585494995
2.600107431411743
2.5358688831329346
2.462089776992798
0.1667449027299881
0.16666404902935028
0.15051332116127014
0.1472395658493042
0.13770250976085663
0.13031190633773804
0.1324058622121811
0.12934620678424835
0.11682184785604477
0.1233174130320549
0.42024073004722595
0.38089531660079956
0.3693240284919739
0.3356453776359558
0.327085018157959
0.29670947790145874
0.2891870141029358
0.274770587682724
0.23852504789829254
0.243793323636055
0.815203845500946
0.7318928241729736
0.6915717124938965
0.6511786580085754
0.588344156742096
0.5897425413131714
0.5437461733818054
0.516141414642334
0.49824807047843933
0.4740827977657318
1.3841100931167603
1.3339720964431763
1.2280640602111816
1.1651947498321533
1.1714264154434204
1.0650793313980103
1.0271668434143066
1.0046241283416748
0.9732003211975098
0.9574418663978577
2.2006149291992188
2.183591365814209
2.067473888397217
1.9666351079940796
1.8896870613098145
1.8507124185562134
1.726644515991211
1.7377938032150269
1.6648892164230347
1.5969696044921875
2.837062120437622
2.6959381103515625
2.6090266704559326
2.4775962829589844
2.5182406902313232
2.3450217247009277
2.2828266620635986
2.160634994506836
2.1970770359039307
2.11599063873291
2.8701508045196533
2.7906196117401123
2.690917730331421
2.6175425052642822
2.4850146770477295
2.465867042541504
2.3916807174682617
2.30535888671875
2.285670757293701
2.190030574798584
2.722907781600952
2.6449332237243652
2.556323528289795
2.5183985233306885
2.5376789569854736
2.3516604900360107
2.3474204540252686
2.3729257583618164
2.3101203441619873
2.2113077640533447
3.0166728496551514
2.850179433822632
2.749498128890991
2.8039519786834717
2.659475803375244
2.6008858680725098
2.660663366317749
2.5082898139953613
2.44079327583313
2.3800456523895264
0.10632109642028809
0.09738817065954208
0.09858208149671555
0.09712812304496765
0.09136012941598892
0.08996736258268356
0.08983653038740158
0.0994006022810936
0.0890168845653534
0.07964592427015305
0.2806533873081207
0.25043392181396484
0.22536656260490417
0.2298448383808136
0.2165166735649109
0.2253183126449585
0.2120063453912735
0.20460960268974304
0.1834050565958023
0.180040642619133
0.5338543057441711
0.5118351578712463
0.4705052375793457
0.46331676840782166
0.4468046724796295
0.4259316027164459
0.4112667143344879
0.3853985369205475
0.38741013407707214
0.3969160318374634
1.0894474983215332
1.0314847230911255
0.9642227292060852
0.9551979899406433
0.9039717316627502
0.838481605052948
0.7848517298698425
0.7794150710105896
0.7422478199005127
0.6947120428085327
1.9910954236984253
1.8592708110809326
1.7969944477081299
1.7578634023666382
1.6482412815093994
1.6402747631072998
1.5236499309539795
1.4412785768508911
1.3961349725723267
1.3812284469604492
2.5614585876464844
2.4758150577545166
2.379716396331787
2.321838140487671
2.2501094341278076
2.138763904571533
2.042877435684204
1.9657362699508667
1.964399814605713
1.8923896551132202
2.8723549842834473
2.7499265670776367
2.7122199535369873
2.5693061351776123
2.53741192817688
2.386359453201294
2.3787848949432373
2.256910562515259
2.370617151260376
2.1378965377807617
2.753270387649536
2.6489694118499756
2.6893904209136963
2.594756841659546
2.546820640563965
2.466006278991699
2.399807929992676
2.3393805027008057
2.270777463912964
2.2511587142944336
3.306140422821045
3.219830274581909
3.1253507137298584
3.051802635192871
2.982656240463257
2.9614479541778564
2.8527793884277344
2.8502020835876465
2.7312450408935547
2.738046407699585
0.14888904988765717
0.13911479711532593
0.14176088571548462
0.12492891401052475
0.1211920902132988
0.1235995963215828
0.11607794463634491
0.10842785239219666
0.10701370239257812
0.11089490354061127
0.3805617094039917
0.33140239119529724
0.3122580945491791
0.29857945442199707
0.2902887761592865
0.2779459059238434
0.25377699732780457
0.254474937915802
0.2369527965784073
0.22193092107772827
0.760147750377655
0.7244235277175903
0.6751201748847961
0.5955133438110352
0.5629078149795532
0.5592264533042908
0.5303484201431274
0.5258114337921143
0.5157694816589355
0.4810335636138916
1.447177767753601
1.3672648668289185
1.2427486181259155
1.189127802848816
1.1312257051467896
1.1275806427001953
1.0391504764556885
1.033994436264038
0.9529200196266174
0.9518046379089355
2.158090591430664
2.0624427795410156
1.9527621269226074
1.9059696197509766
1.8558754920959473
1.7545630931854248
1.6780599355697632
1.6516610383987427
1.6134061813354492
1.583295464515686
3.032168388366699
2.947354793548584
2.840491771697998
2.76699161529541
2.7245466709136963
2.604409694671631
2.4736647605895996
2.3909971714019775
2.3477838039398193
2.298469305038452
3.4671926498413086
3.362980842590332
3.2956314086914062
3.245133876800537
3.1482365131378174
3.0991201400756836
3.0616085529327393
3.0064451694488525
2.829758405685425
2.812633752822876
3.226335048675537
3.1482129096984863
3.044811964035034
2.9731204509735107
2.9289658069610596
2.868783473968506
2.850964307785034
2.768057346343994
2.7161755561828613
2.7010366916656494
2.8942601680755615
2.791379690170288
2.7609975337982178
2.7402074337005615
2.643716812133789
2.5888679027557373
2.5481467247009277
2.5201539993286133
2.526372194290161
2.4263336658477783
0.2881543040275574
0.25360000133514404
0.23454144597053528
0.2070687860250473
0.20787353813648224
0.18193824589252472
0.18312080204486847
0.1742161065340042
0.17384018003940582
0.15868131816387177
0.4982398450374603
0.45470088720321655
0.4177260994911194
0.40528181195259094
0.3720211982727051
0.36903950572013855
0.33599427342414856
0.32793503999710083
0.3296601474285126
0.2845722734928131
0.825783371925354
0.8017557859420776
0.7529148459434509
0.7516947388648987
0.6763412952423096
0.6446691751480103
0.63238924741745
0.5906749963760376
0.5906741619110107
0.5734715461730957
1.5030382871627808
1.4537235498428345
1.3821614980697632
1.2874315977096558
1.274282455444336
1.215004324913025
1.1813546419143677
1.126328706741333
1.0846840143203735
1.047713279724121
2.1591949462890625
2.0551300048828125
2.012507677078247
1.8719117641448975
1.7515480518341064
1.756698727607727
1.6447217464447021
1.6020283699035645
1.5269801616668701
1.4637396335601807
2.691720485687256
2.620648145675659
2.541059732437134
2.383513927459717
2.252068042755127
2.210447311401367
2.1830244064331055
2.0768251419067383
2.015845537185669
1.8841133117675781
3.0525031089782715
2.9871180057525635
2.940063714981079
2.7394566535949707
2.7203235626220703
2.5914413928985596
2.513878107070923
2.5411758422851562
2.393688917160034
2.332803249359131
3.1869335174560547
3.0478639602661133
3.026989221572876
2.899275302886963
2.8768227100372314
2.849876642227173
2.7725913524627686
2.7069714069366455
2.649479866027832
2.567962169647217
2.7359471321105957
2.6083898544311523
2.568765878677368
2.5417110919952393
2.53913950920105
2.4532220363616943
2.3599681854248047
2.377007246017456
2.355762481689453
2.2959635257720947
0.1398908942937851
0.13032716512680054
0.1277051717042923
0.11570379883050919
0.12149825692176819
0.11228018999099731
0.1077832579612732
0.11026454716920853
0.10051457583904266
0.11069411039352417
0.36964672803878784
0.3416955769062042
0.3379778265953064
0.29910174012184143
0.3086239695549011
0.29204314947128296
0.2745162546634674
0.25911611318588257
0.2642451822757721
0.2540038228034973
0.7284440398216248
0.6867308616638184
0.6483540534973145
0.6235319375991821
0.5937973856925964
0.5662261247634888
0.5277445316314697
0.5265171527862549
0.48712337017059326
0.4643809497356415
1.2388126850128174
1.1832771301269531
1.1409811973571777
1.1128809452056885
1.0742673873901367
1.015152931213379
0.9905901551246643
0.9511750340461731
0.9065569639205933
0.8866915106773376
2.0335052013397217
1.8696348667144775
1.8189077377319336
1.7174876928329468
1.6235262155532837
1.5053602457046509
1.4683407545089722
1.4104279279708862
1.3591214418411255
1.3132452964782715
2.7907111644744873
2.595073938369751
2.554983615875244
2.427915573120117
2.3399736881256104
2.2878825664520264
2.181760787963867
2.145946979522705
2.110250234603882
2.056633234024048
2.856581449508667
2.7240514755249023
2.6660914421081543
2.613832950592041
2.5703842639923096
2.486541271209717
2.4414563179016113
2.3588836193084717
2.310706615447998
2.312333822250366
2.465287446975708
2.4367752075195312
2.30149507522583
2.266104221343994
2.1824421882629395
2.190333604812622
2.070753812789917
2.045440196990967
1.9939234256744385
1.9453818798065186
2.760249614715576
2.6810312271118164
2.6321635246276855
2.5767931938171387
2.4538073539733887
2.418428659439087
2.369915008544922
2.2506139278411865
2.238590955734253
2.197268486022949
0.1319766789674759
0.13582579791545868
0.12777024507522583
0.13185805082321167
0.12298449128866196
0.11644057929515839
0.12037645280361176
0.1134582906961441
0.11197012662887573
0.10972559452056885
0.3771771490573883
0.35499027371406555
0.34331467747688293
0.31985846161842346
0.32382720708847046
0.3055276572704315
0.28126615285873413
0.27232226729393005
0.2539213001728058
0.26295703649520874
0.782475471496582
0.7529609799385071
0.7000182867050171
0.67657870054245
0.6205755472183228
0.602812647819519
0.6078043580055237
0.5758094191551208
0.5402772426605225
0.5219394564628601
1.3201732635498047
1.2459421157836914
1.173877239227295
1.1672511100769043
1.0835057497024536
1.062472939491272
1.0270553827285767
0.9608740210533142
0.950162410736084
0.9122476577758789
2.0240185260772705
1.9344944953918457
1.8829782009124756
1.7883250713348389
1.6944700479507446
1.6175627708435059
1.569107174873352
1.5293231010437012
1.4697989225387573
1.4260791540145874
2.8547394275665283
2.7488651275634766
2.6178700923919678
2.6009433269500732
2.439486026763916
2.354813814163208
2.302386522293091
2.2569515705108643
2.2050962448120117
2.127723217010498
3.442979335784912
3.336947441101074
3.247081995010376
3.191500663757324
3.05342173576355
2.8981261253356934
2.8851029872894287
2.796341896057129
2.7457330226898193
2.6196024417877197
3.334656238555908
3.2424192428588867
3.1327767372131348
3.034325361251831
2.9765825271606445
2.8697423934936523
2.816740036010742
2.83315110206604
2.7049996852874756
2.697268486022949
3.1365065574645996
3.085383892059326
2.9888463020324707
2.945882797241211
2.8138487339019775
2.7708518505096436
2.784660577774048
2.6657304763793945
2.5814380645751953
2.6488256454467773
0.1610148549079895
0.14862440526485443
0.14006198942661285
0.14139319956302643
0.12571540474891663
0.12199380248785019
0.11747840791940689
0.11517277359962463
0.11554500460624695
0.10224364697933197
0.3872952163219452
0.36128202080726624
0.3384011387825012
0.32808053493499756
0.31056901812553406
0.29195016622543335
0.2810487151145935
0.28559452295303345
0.2729809582233429
0.2548012435436249
0.7781673073768616
0.7241023182868958
0.6798583269119263
0.6320375800132751
0.6121354103088379
0.5961478352546692
0.5643643736839294
0.5365400910377502
0.521069347858429
0.5024802088737488
1.2125977277755737
1.1632153987884521
1.1135529279708862
1.0524955987930298
1.0120948553085327
0.9995705485343933
0.9461320042610168
0.8913560509681702
0.8880279064178467
0.8333567380905151
1.8374195098876953
1.7310373783111572
1.6444019079208374
1.624435544013977
1.532084345817566
1.4498835802078247
1.3809340000152588
1.38289475440979
1.304038405418396
1.1934326887130737
2.28222393989563
2.154205322265625
2.1168808937072754
2.054661989212036
1.9851481914520264
1.918394684791565
1.825134515762329
1.7843551635742188
1.7473012208938599
1.7292115688323975
2.641219139099121
2.4454240798950195
2.4337542057037354
2.3495423793792725
2.2815136909484863
2.2022130489349365
2.0806033611297607
2.156507730484009
2.004816770553589
1.9693732261657715
2.724606990814209
2.593611478805542
2.55043888092041
2.494997501373291
2.4424986839294434
2.327195882797241
2.2735512256622314
2.250046730041504
2.2335171699523926
2.1478869915008545
3.0499396324157715
2.8796463012695312
2.8016600608825684
2.832486391067505
2.7652995586395264
2.6305549144744873
2.639596462249756
2.5340805053710938
2.5303192138671875
2.4361610412597656
0.2463759481906891
0.26468053460121155
0.23065133392810822
0.20985783636569977
0.19828183948993683
0.2020275741815567
0.1829836517572403
0.18236465752124786
0.1706066131591797
0.16771695017814636
0.546744704246521
0.5151882767677307
0.48743292689323425
0.4467152953147888
0.4275164008140564
0.39628419280052185
0.3693353533744812
0.36518678069114685
0.3449450731277466
0.3293444514274597
1.064225196838379
0.9458867907524109
0.9069538116455078
0.8760384917259216
0.8091285824775696
0.75014728307724
0.7289043664932251
0.6941967606544495
0.6864029169082642
0.66856849193573
1.868757963180542
1.746036171913147
1.5893627405166626
1.5523273944854736
1.4586446285247803
1.3594967126846313
1.3292152881622314
1.2542502880096436
1.2005115747451782
1.2049142122268677
2.5182974338531494
2.363879919052124
2.209338665008545
2.22092604637146
2.0059986114501953
1.983437418937683
1.8873260021209717
1.819749116897583
1.8256683349609375
1.701965570449829
3.139639377593994
2.9536471366882324
2.8444292545318604
2.7497904300689697
2.6406776905059814
2.580604314804077
2.4352965354919434
2.331087827682495
2.3075571060180664
2.2418036460876465
2.661316156387329
2.5609958171844482
2.411893844604492
2.3443078994750977
2.337383985519409
2.187797784805298
2.175771474838257
2.0512959957122803
2.059037923812866
1.9794832468032837
3.4678547382354736
3.416445255279541
3.3606009483337402
3.2044436931610107
3.127230644226074
3.1074440479278564
3.00406813621521
2.943645715713501
2.804100275039673
2.8404006958007812
2.7896652221679688
2.7495341300964355
2.709822654724121
2.5736947059631348
2.542165756225586
2.449467658996582
2.3806025981903076
2.3300094604492188
2.331120729446411
2.2536165714263916
0.2816779315471649
0.2482852041721344
0.23607437312602997
0.21129906177520752
0.21295003592967987
0.20130100846290588
0.19004540145397186
0.17890508472919464
0.16536936163902283
0.16039228439331055
0.6046876907348633
0.5318535566329956
0.490688294172287
0.451598584651947
0.46598920226097107
0.4247821271419525
0.4149704873561859
0.3580228388309479
0.34865933656692505
0.3206498324871063
1.0390236377716064
0.934468150138855
0.8861557245254517
0.8586901426315308
0.8015488982200623
0.7463565468788147
0.6946923136711121
0.672142505645752
0.6999650001525879
0.6428888440132141
1.6808279752731323
1.5501986742019653
1.4892077445983887
1.4176090955734253
1.302934169769287
1.2779145240783691
1.17867112159729
1.1848340034484863
1.0977535247802734
1.0371136665344238
2.1106882095336914
1.9672640562057495
1.8738332986831665
1.7127373218536377
1.632552981376648
1.5192402601242065
1.4958726167678833
1.395482063293457
1.3973479270935059
1.3424896001815796
3.019871711730957
2.8553898334503174
2.697249412536621
2.548616409301758
2.4924826622009277
2.3705480098724365
2.1666932106018066
2.201655864715576
2.100815773010254
2.039426326751709
3.4558188915252686
3.2509748935699463
3.1462924480438232
3.0872087478637695
3.032339334487915
2.826385021209717
2.7596983909606934
2.6533854007720947
2.6504404544830322
2.508505344390869
3.199410915374756
3.0505101680755615
2.901005983352661
2.7974607944488525
2.744598627090454
2.7138633728027344
2.623807668685913
2.5026936531066895
2.425955057144165
2.4932961463928223
3.4415104389190674
3.3306784629821777
3.2913055419921875
3.157090902328491
3.025805950164795
2.9713449478149414
2.8509271144866943
2.915015697479248
2.703409433364868
2.696079730987549
0.19247809052467346
0.18401871621608734
0.15644878149032593
0.16375045478343964
0.14312364161014557
0.14039625227451324
0.13781899213790894
0.1346384584903717
0.12033531069755554
0.12114128470420837
0.43346863985061646
0.37586459517478943
0.35865476727485657
0.3230806589126587
0.31093931198120117
0.2873948812484741
0.28427544236183167
0.27771544456481934
0.2690502107143402
0.23992213606834412
0.752458393573761
0.666599452495575
0.6131467819213867
0.5605220198631287
0.553702175617218
0.49861183762550354
0.47158175706863403
0.42744913697242737
0.39691758155822754
0.4167518615722656
1.0346238613128662
1.0117878913879395
0.9129311442375183
0.8419377207756042
0.8083704710006714
0.7602555751800537
0.7129936814308167
0.7123966217041016
0.6716567873954773
0.6265783309936523
1.6692160367965698
1.5589542388916016
1.4413609504699707
1.4229731559753418
1.3156650066375732
1.1976497173309326
1.218706488609314
1.1406499147415161
1.0899639129638672
1.0533366203308105
2.0817346572875977
1.9596121311187744
1.8651574850082397
1.812882423400879
1.7319854497909546
1.626082181930542
1.6282531023025513
1.5512880086898804
1.5034695863723755
1.4624888896942139
2.5870258808135986
2.5398025512695312
2.4439537525177
2.370603561401367
2.2992477416992188
2.2066173553466797
2.1718592643737793
2.0820538997650146
2.095503330230713
2.0003674030303955
2.456920862197876
2.4094350337982178
2.350801706314087
2.317697525024414
2.2265963554382324
2.139167308807373
2.122875213623047
2.0760128498077393
2.0579426288604736
1.9790058135986328
2.553913116455078
2.45489764213562
2.377805471420288
2.277142286300659
2.2382428646087646
2.1753668785095215
2.14056396484375
2.1598546504974365
2.077216148376465
2.009744882583618
0.10052059590816498
0.08567936718463898
0.0934377908706665
0.09191174805164337
0.08411666750907898
0.08305389434099197
0.0736757442355156
0.07964003831148148
0.0689229890704155
0.06955263018608093
0.2522388994693756
0.25795164704322815
0.2237219214439392
0.22499080002307892
0.20890679955482483
0.2156488001346588
0.20070669054985046
0.2155693918466568
0.18697476387023926
0.172699972987175
0.5972254276275635
0.5670868158340454
0.5721064209938049
0.5618464946746826
0.49701762199401855
0.4741503596305847
0.4545142948627472
0.45252689719200134
0.4619971215724945
0.4085169732570648
1.286890983581543
1.2293864488601685
1.19147789478302
1.1119741201400757
1.0852601528167725
0.9815426468849182
1.0240305662155151
0.9116134643554688
0.9120370745658875
0.9105865359306335
2.35001277923584
2.187110424041748
2.044604778289795
1.975343942642212
1.8355973958969116
1.7887256145477295
1.6879478693008423
1.6125562191009521
1.627529263496399
1.592259168624878
2.6104087829589844
2.4546966552734375
2.3784432411193848
2.284130096435547
2.193800926208496
2.0635130405426025
2.0937271118164062
1.9324463605880737
1.9482957124710083
1.8642642498016357
2.8722739219665527
2.748570680618286
2.6663196086883545
2.5572173595428467
2.4449455738067627
2.483597755432129
2.3414525985717773
2.2489442825317383
2.226511240005493
2.151294231414795
2.919038772583008
2.818310022354126
2.680572509765625
2.690373659133911
2.6258554458618164
2.565826177597046
2.473817825317383
2.4151229858398438
2.4408276081085205
2.315631628036499
3.3921890258789062
3.298428773880005
3.274477243423462
3.158447265625
3.1423251628875732
3.066781520843506
2.9952805042266846
2.94869065284729
2.9175872802734375
2.789945363998413
