4.07302188873291
4.071135997772217
4.066997051239014
4.069354057312012
4.070401191711426
4.073105335235596
4.073098182678223
4.073477268218994
4.07238245010376
4.064950466156006
4.076148509979248
4.070915222167969
4.073997974395752
4.076883792877197
4.074835300445557
4.076615333557129
4.079193115234375
4.076475143432617
4.074007987976074
4.076523303985596
4.069864749908447
4.067038059234619
4.068241596221924
4.075780868530273
4.0741987228393555
4.068317890167236
4.069505214691162
4.068680286407471
4.069038391113281
4.067863941192627
4.041962623596191
4.04705286026001
4.043179512023926
4.0393147468566895
4.0434160232543945
4.0461812019348145
4.042826175689697
4.042492866516113
4.046856880187988
4.0490570068359375
4.046916961669922
4.051153659820557
4.046744346618652
4.048052787780762
4.04644250869751
4.049814701080322
4.047269344329834
4.047068119049072
4.055815696716309
4.0503106117248535
4.051414489746094
4.0510334968566895
4.05685567855835
4.046731472015381
4.053433418273926
4.059750556945801
4.05098295211792
4.052779197692871
4.04730749130249
4.0569748878479
4.047651290893555
4.045222282409668
4.05035400390625
4.049107551574707
4.044692516326904
4.049574375152588
4.048255920410156
4.046208381652832
4.047761917114258
4.0444231033325195
4.039470195770264
4.035736083984375
4.035904884338379
4.043797016143799
4.037549018859863
4.039148330688477
4.03541898727417
4.04475736618042
4.039451599121094
4.037596225738525
4.043499946594238
4.047306060791016
4.045814037322998
4.043466567993164
4.045693397521973
4.0460734367370605
4.047161102294922
4.045745849609375
4.046474933624268
4.047643184661865
3.9093644618988037
3.9141533374786377
3.9079248905181885
3.9099721908569336
3.906125545501709
3.907902479171753
3.905881881713867
3.902693033218384
3.9019012451171875
3.901897668838501
3.907529592514038
3.9130377769470215
3.914518356323242
3.91971492767334
3.91597580909729
3.9118175506591797
3.913546085357666
3.9041788578033447
3.9121780395507812
3.9093475341796875
3.9146718978881836
3.9215879440307617
3.9046554565429688
3.909169912338257
3.920335292816162
3.9170706272125244
3.9164891242980957
3.9170644283294678
3.9167683124542236
3.9121904373168945
3.8843204975128174
3.882023811340332
3.8919200897216797
3.8821938037872314
3.8840174674987793
3.8760132789611816
3.873765707015991
3.880918025970459
3.8798112869262695
3.882129669189453
3.8947510719299316
3.8824737071990967
3.881273031234741
3.8824737071990967
3.884960412979126
3.8807449340820312
3.8796794414520264
3.8860344886779785
3.8880462646484375
3.882699489593506
3.8756587505340576
3.8790805339813232
3.885214328765869
3.8679189682006836
3.8685951232910156
3.8757362365722656
3.8652536869049072
3.8759713172912598
3.8720459938049316
3.8698620796203613
3.887035369873047
3.884293794631958
3.877471446990967
3.882605791091919
3.8785953521728516
3.892171859741211
3.8990535736083984
3.881732702255249
3.889683723449707
3.887932777404785
3.8816957473754883
3.8831522464752197
3.886786460876465
3.8948895931243896
3.8855245113372803
3.8841161727905273
3.8837990760803223
3.887878656387329
3.8869502544403076
3.8734633922576904
3.8915512561798096
3.89762806892395
3.8980958461761475
3.8865299224853516
3.8979575634002686
3.8981564044952393
3.8924787044525146
3.8921704292297363
3.896026372909546
3.896181583404541
3.164234161376953
3.1632142066955566
3.1722075939178467
3.149430513381958
3.156289577484131
3.1713528633117676
3.1436171531677246
3.156438112258911
3.155590057373047
3.16744327545166
3.109825611114502
3.102609634399414
3.0903079509735107
3.103358268737793
3.1077427864074707
3.102355480194092
3.115921974182129
3.080326557159424
3.093667507171631
3.1065914630889893
3.1091468334198
3.1092488765716553
3.1042261123657227
3.115621566772461
3.10504412651062
3.1040475368499756
3.109992504119873
3.0928683280944824
3.1113510131835938
3.0943379402160645
3.110767126083374
3.1032114028930664
3.088688611984253
3.085408926010132
3.1087827682495117
3.0797336101531982
3.0897579193115234
3.0821144580841064
3.0930185317993164
3.0755131244659424
3.1469979286193848
3.122620105743408
3.12917160987854
3.1244657039642334
3.122898817062378
3.102843761444092
3.1369082927703857
3.1124651432037354
3.117044448852539
3.118382215499878
3.1144051551818848
3.11670184135437
3.110569953918457
3.0997371673583984
3.118790626525879
3.1131765842437744
3.11301851272583
3.1057376861572266
3.1208367347717285
3.119765043258667
3.191027879714966
3.2102386951446533
3.20430064201355
3.205630302429199
3.1877171993255615
3.190443992614746
3.176936149597168
3.1994683742523193
3.2039825916290283
3.1948909759521484
3.33479642868042
3.34964656829834
3.3416693210601807
3.3436238765716553
3.337495803833008
3.3428103923797607
3.340282678604126
3.309978723526001
3.318577289581299
3.3492515087127686
3.467383623123169
3.468261241912842
3.4743528366088867
3.4728810787200928
3.453796625137329
3.4809184074401855
3.4476399421691895
3.448845863342285
3.464047908782959
3.45744252204895
2.9558677673339844
2.962747812271118
2.955662250518799
2.9571151733398438
2.9466986656188965
2.92271089553833
2.964367389678955
2.946697235107422
2.9432191848754883
2.940850257873535
2.9902756214141846
2.986091136932373
2.9714767932891846
2.9836015701293945
2.9771039485931396
2.96254563331604
2.9881296157836914
2.972970724105835
2.986105442047119
2.9643075466156006
3.031675100326538
3.0255982875823975
3.038825511932373
3.0160231590270996
3.0205812454223633
2.999526023864746
3.0204527378082275
3.001309871673584
3.0201592445373535
3.008849620819092
2.997934579849243
2.990987777709961
3.0065360069274902
2.993076801300049
2.9973080158233643
2.981337070465088
2.9925575256347656
2.9872078895568848
3.0016274452209473
2.996077060699463
3.0547428131103516
3.044282913208008
3.0603249073028564
3.045586347579956
3.052583932876587
3.0489890575408936
3.0598762035369873
3.0541434288024902
3.051473379135132
3.056394100189209
3.193856716156006
3.1974616050720215
3.1824896335601807
3.1798110008239746
3.1950454711914062
3.1906468868255615
3.1903538703918457
3.193629503250122
3.1817286014556885
3.1788949966430664
3.4040887355804443
3.4029245376586914
3.383490562438965
3.3923566341400146
3.37561297416687
3.3737220764160156
3.3828163146972656
3.3824727535247803
3.3622915744781494
3.3710777759552
3.4850175380706787
3.4637937545776367
3.469289779663086
3.4493422508239746
3.44823956489563
3.448915481567383
3.4518980979919434
3.4647741317749023
3.4456112384796143
3.4625937938690186
3.6305274963378906
3.621501922607422
3.6326630115509033
3.610459327697754
3.6176910400390625
3.6298069953918457
3.627366304397583
3.5991697311401367
3.628316879272461
3.615341901779175
2.8085784912109375
2.7972774505615234
2.8114724159240723
2.8032047748565674
2.7860982418060303
2.8160712718963623
2.782137155532837
2.8006036281585693
2.795243501663208
2.8167049884796143
2.8201029300689697
2.7969748973846436
2.802306890487671
2.80668044090271
2.79498028755188
2.810277223587036
2.8110880851745605
2.802408456802368
2.7939016819000244
2.7878339290618896
2.8759994506835938
2.875565767288208
2.874155282974243
2.8691771030426025
2.8635056018829346
2.8648734092712402
2.8536529541015625
2.8560917377471924
2.8609659671783447
2.8446099758148193
2.961467981338501
2.958019733428955
2.9624650478363037
2.9631903171539307
2.9855237007141113
2.9757473468780518
2.9591689109802246
2.9457826614379883
2.9603748321533203
2.9608540534973145
3.135075569152832
3.1108760833740234
3.132855176925659
3.111325740814209
3.1014177799224854
3.1133084297180176
3.098076343536377
3.090099334716797
3.11065673828125
3.0918188095092773
3.242199420928955
3.243751287460327
3.242920160293579
3.261591911315918
3.2458112239837646
3.209695816040039
3.2380669116973877
3.23431134223938
3.2330377101898193
3.2361483573913574
3.242628812789917
3.237603187561035
3.2341256141662598
3.237689971923828
3.245089530944824
3.232546806335449
3.2314534187316895
3.2060139179229736
3.239389419555664
3.2197134494781494
3.4702155590057373
3.4778614044189453
3.4674038887023926
3.450636625289917
3.463178873062134
3.4711484909057617
3.4510958194732666
3.4415981769561768
3.467042922973633
3.4268035888671875
3.804941415786743
3.7816390991210938
3.766094923019409
3.781635046005249
3.766824960708618
3.758777141571045
3.7567923069000244
3.7534663677215576
3.7571051120758057
3.749390125274658
2.5603253841400146
2.5895535945892334
2.586754560470581
2.5893843173980713
2.5758492946624756
2.5652616024017334
2.572173833847046
2.584852457046509
2.5716981887817383
2.5700769424438477
2.6350111961364746
2.647956371307373
2.6345534324645996
2.632164239883423
2.631967067718506
2.635666847229004
2.642167806625366
2.645537853240967
2.632631540298462
2.6225736141204834
2.7069599628448486
2.6948161125183105
2.7089548110961914
2.6895363330841064
2.702200412750244
2.6879987716674805
2.6835598945617676
2.7031760215759277
2.6929268836975098
2.6918609142303467
2.8522911071777344
2.8472726345062256
2.8257412910461426
2.8302836418151855
2.846743106842041
2.837625026702881
2.8348515033721924
2.8218839168548584
2.8421590328216553
2.8364179134368896
3.0543437004089355
3.031923532485962
3.0416147708892822
3.0295770168304443
3.0267300605773926
3.0486323833465576
3.04081130027771
3.02837872505188
3.03582501411438
3.041307210922241
3.219454288482666
3.2095162868499756
3.225651979446411
3.2074062824249268
3.2207164764404297
3.2452406883239746
3.2373480796813965
3.226165294647217
3.2092339992523193
3.2190821170806885
3.441331386566162
3.424354314804077
3.4431517124176025
3.4404664039611816
3.4170784950256348
3.4181392192840576
3.4230713844299316
3.447094202041626
3.426607608795166
3.420001745223999
3.5479297637939453
3.554386615753174
3.556989908218384
3.541964054107666
3.536261558532715
3.5459673404693604
3.5272104740142822
3.535565137863159
3.5289275646209717
3.5210909843444824
3.589405059814453
3.619174003601074
3.6149394512176514
3.639080286026001
3.6090567111968994
3.607497215270996
3.61794114112854
3.5962491035461426
3.581944465637207
3.5700316429138184
