4.07302188873291
4.071135997772217
4.066997051239014
4.069354057312012
4.070401191711426
4.073105335235596
4.073098182678223
4.073477268218994
4.07238245010376
4.064950466156006
4.076148509979248
4.070915222167969
4.073997974395752
4.076883792877197
4.074835300445557
4.076615333557129
4.079193115234375
4.076475143432617
4.074007987976074
4.076523303985596
4.069864749908447
4.067038059234619
4.068241596221924
4.075780868530273
4.0741987228393555
4.068317890167236
4.069505214691162
4.068680286407471
4.069038391113281
4.067863941192627
4.041962623596191
4.04705286026001
4.043179512023926
4.0393147468566895
4.0434160232543945
4.0461812019348145
4.042826175689697
4.042492866516113
4.046856880187988
4.0490570068359375
4.046916961669922
4.051153659820557
4.046744346618652
4.048052787780762
4.04644250869751
4.049814701080322
4.047269344329834
4.047068119049072
4.055815696716309
4.0503106117248535
4.051414489746094
4.0510334968566895
4.05685567855835
4.046731472015381
4.053433418273926
4.059750556945801
4.05098295211792
4.052779197692871
4.04730749130249
4.0569748878479
4.047651290893555
4.045222282409668
4.05035400390625
4.049107551574707
4.044692516326904
4.049574375152588
4.048255920410156
4.046208381652832
4.047761917114258
4.0444231033325195
4.039470195770264
4.035736083984375
4.035904884338379
4.043797016143799
4.037549018859863
4.039148330688477
4.03541898727417
4.04475736618042
4.039451599121094
4.037596225738525
4.043499946594238
4.047306060791016
4.045814037322998
4.043466567993164
4.045693397521973
4.0460734367370605
4.047161102294922
4.045745849609375
4.046474933624268
4.047643184661865
3.9093644618988037
3.9141533374786377
3.9079248905181885
3.9099721908569336
3.906125545501709
3.907902479171753
3.905881881713867
3.902693033218384
3.9019012451171875
3.901897668838501
3.907529592514038
3.9130377769470215
3.914518356323242
3.91971492767334
3.91597580909729
3.9118175506591797
3.913546085357666
3.9041788578033447
3.9121780395507812
3.9093475341796875
3.9146718978881836
3.9215879440307617
3.9046554565429688
3.909169912338257
3.920335292816162
3.9170706272125244
3.9164891242980957
3.9170644283294678
3.9167683124542236
3.9121904373168945
3.8843204975128174
3.882023811340332
3.8919200897216797
3.8821938037872314
3.8840174674987793
3.8760132789611816
3.873765707015991
3.880918025970459
3.8798112869262695
3.882129669189453
3.8947510719299316
3.8824737071990967
3.881273031234741
3.8824737071990967
3.884960412979126
3.8807449340820312
3.8796794414520264
3.8860344886779785
3.8880462646484375
3.882699489593506
3.8756587505340576
3.8790805339813232
3.885214328765869
3.8679189682006836
3.8685951232910156
3.8757362365722656
3.8652536869049072
3.8759713172912598
3.8720459938049316
3.8698620796203613
3.887035369873047
3.884293794631958
3.877471446990967
3.882605791091919
3.8785953521728516
3.892171859741211
3.8990535736083984
3.881732702255249
3.889683723449707
3.887932777404785
3.8816957473754883
3.8831522464752197
3.886786460876465
3.8948895931243896
3.8855245113372803
3.8841161727905273
3.8837990760803223
3.887878656387329
3.8869502544403076
3.8734633922576904
3.8915512561798096
3.89762806892395
3.8980958461761475
3.8865299224853516
3.8979575634002686
3.8981564044952393
3.8924787044525146
3.8921704292297363
3.896026372909546
3.896181583404541
3.164234161376953
3.1632142066955566
3.1722075939178467
3.149430513381958
3.156289577484131
3.1713528633117676
3.1436171531677246
3.156438112258911
3.155590057373047
3.16744327545166
3.109825611114502
3.102609634399414
3.0903079509735107
3.103358268737793
3.1077427864074707
3.102355480194092
3.115921974182129
3.080326557159424
3.093667507171631
3.1065914630889893
3.1091468334198
3.1092488765716553
3.1042261123657227
3.115621566772461
3.10504412651062
3.1040475368499756
3.109992504119873
3.0928683280944824
3.1113510131835938
3.0943379402160645
3.110767126083374
3.1032114028930664
3.088688611984253
3.085408926010132
3.1087827682495117
3.0797336101531982
3.0897579193115234
3.0821144580841064
3.0930185317993164
3.0755131244659424
3.1469979286193848
3.122620105743408
3.12917160987854
3.1244657039642334
3.122898817062378
3.102843761444092
3.1369082927703857
3.1124651432037354
3.117044448852539
3.118382215499878
3.1144051551818848
3.11670184135437
3.110569953918457
3.0997371673583984
3.118790626525879
3.1131765842437744
3.11301851272583
3.1057376861572266
3.1208367347717285
3.119765043258667
3.191027879714966
3.2102386951446533
3.20430064201355
3.205630302429199
3.1877171993255615
3.190443992614746
3.176936149597168
3.1994683742523193
3.2039825916290283
3.1948909759521484
3.33479642868042
3.34964656829834
3.3416693210601807
3.3436238765716553
3.337495803833008
3.3428103923797607
3.340282678604126
3.309978723526001
3.318577289581299
3.3492515087127686
3.467383623123169
3.468261241912842
3.4743528366088867
3.4728810787200928
3.453796625137329
3.4809184074401855
3.4476399421691895
3.448845863342285
3.464047908782959
3.45744252204895
2.9558677673339844
2.962747812271118
2.955662250518799
2.9571151733398438
2.9466986656188965
2.92271089553833
2.964367389678955
2.946697235107422
2.9432191848754883
2.940850257873535
2.9902756214141846
2.986091136932373
2.9714767932891846
2.9836015701293945
2.9771039485931396
2.96254563331604
2.9881296157836914
2.972970724105835
2.986105442047119
2.9643075466156006
3.031675100326538
3.0255982875823975
3.038825511932373
3.0160231590270996
3.0205812454223633
2.999526023864746
3.0204527378082275
3.001309871673584
3.0201592445373535
3.008849620819092
2.997934579849243
2.990987777709961
3.0065360069274902
2.993076801300049
2.9973080158233643
2.981337070465088
2.9925575256347656
2.9872078895568848
3.0016274452209473
2.996077060699463
3.0547428131103516
3.044282913208008
3.0603249073028564
3.045586347579956
3.052583932876587
3.0489890575408936
3.0598762035369873
3.0541434288024902
3.051473379135132
3.056394100189209
3.193856716156006
3.1974616050720215
3.1824896335601807
3.1798110008239746
3.1950454711914062
3.1906468868255615
3.1903538703918457
3.193629503250122
3.1817286014556885
3.1788949966430664
3.4040887355804443
3.4029245376586914
3.383490562438965
3.3923566341400146
3.37561297416687
3.3737220764160156
3.3828163146972656
3.3824727535247803
3.3622915744781494
3.3710777759552
3.4850175380706787
3.4637937545776367
3.469289779663086
3.4493422508239746
3.44823956489563
3.448915481567383
3.4518980979919434
3.4647741317749023
3.4456112384796143
3.4625937938690186
3.6305274963378906
3.621501922607422
3.6326630115509033
3.610459327697754
3.6176910400390625
3.6298069953918457
3.627366304397583
3.5991697311401367
3.628316879272461
3.615341901779175
2.8085784912109375
2.7972774505615234
2.8114724159240723
2.8032047748565674
2.7860982418060303
2.8160712718963623
2.782137155532837
2.8006036281585693
2.795243501663208
2.8167049884796143
2.8201029300689697
2.7969748973846436
2.802306890487671
2.80668044090271
2.79498028755188
2.810277223587036
2.8110880851745605
2.802408456802368
2.7939016819000244
2.7878339290618896
2.8759994506835938
2.875565767288208
2.874155282974243
2.8691771030426025
2.8635056018829346
2.8648734092712402
2.8536529541015625
2.8560917377471924
2.8609659671783447
2.8446099758148193
2.961467981338501
2.958019733428955
2.9624650478363037
2.9631903171539307
2.9855237007141113
2.9757473468780518
2.9591689109802246
2.9457826614379883
2.9603748321533203
2.9608540534973145
3.135075569152832
3.1108760833740234
3.132855176925659
3.111325740814209
3.1014177799224854
3.1133084297180176
3.098076343536377
3.090099334716797
3.11065673828125
3.0918188095092773
3.242199420928955
3.243751287460327
3.242920160293579
3.261591911315918
3.2458112239837646
3.209695816040039
3.2380669116973877
3.23431134223938
3.2330377101898193
3.2361483573913574
3.242628812789917
3.237603187561035
3.2341256141662598
3.237689971923828
3.245089530944824
3.232546806335449
3.2314534187316895
3.2060139179229736
3.239389419555664
3.2197134494781494
3.4702155590057373
3.4778614044189453
3.4674038887023926
3.450636625289917
3.463178873062134
3.4711484909057617
3.4510958194732666
3.4415981769561768
3.467042922973633
3.4268035888671875
3.804941415786743
3.7816390991210938
3.766094923019409
3.781635046005249
3.766824960708618
3.758777141571045
3.7567923069000244
3.7534663677215576
3.7571051120758057
3.749390125274658
2.5603253841400146
2.5895535945892334
2.586754560470581
2.5893843173980713
2.5758492946624756
2.5652616024017334
2.572173833847046
2.584852457046509
2.5716981887817383
2.5700769424438477
2.6350111961364746
2.647956371307373
2.6345534324645996
2.632164239883423
2.631967067718506
2.635666847229004
2.642167806625366
2.645537853240967
2.632631540298462
2.6225736141204834
2.7069599628448486
2.6948161125183105
2.7089548110961914
2.6895363330841064
2.702200412750244
2.6879987716674805
2.6835598945617676
2.7031760215759277
2.6929268836975098
2.6918609142303467
2.8522911071777344
2.8472726345062256
2.8257412910461426
2.8302836418151855
2.846743106842041
2.837625026702881
2.8348515033721924
2.8218839168548584
2.8421590328216553
2.8364179134368896
3.0543437004089355
3.031923532485962
3.0416147708892822
3.0295770168304443
3.0267300605773926
3.0486323833465576
3.04081130027771
3.02837872505188
3.03582501411438
3.041307210922241
3.219454288482666
3.2095162868499756
3.225651979446411
3.2074062824249268
3.2207164764404297
3.2452406883239746
3.2373480796813965
3.226165294647217
3.2092339992523193
3.2190821170806885
3.441331386566162
3.424354314804077
3.4431517124176025
3.4404664039611816
3.4170784950256348
3.4181392192840576
3.4230713844299316
3.447094202041626
3.426607608795166
3.420001745223999
3.5479297637939453
3.554386615753174
3.556989908218384
3.541964054107666
3.536261558532715
3.5459673404693604
3.5272104740142822
3.535565137863159
3.5289275646209717
3.5210909843444824
3.589405059814453
3.619174003601074
3.6149394512176514
3.639080286026001
3.6090567111968994
3.607497215270996
3.61794114112854
3.5962491035461426
3.581944465637207
3.5700316429138184
2.5629491806030273
2.5592422485351562
2.54254412651062
2.5672404766082764
2.54048752784729
2.533424139022827
2.5537455081939697
2.5523879528045654
2.5381734371185303
2.5269370079040527
2.6260015964508057
2.6056718826293945
2.627826690673828
2.612578868865967
2.631511688232422
2.6097822189331055
2.62835955619812
2.6192257404327393
2.6117184162139893
2.6159608364105225
2.7090094089508057
2.704383134841919
2.6863198280334473
2.7012462615966797
2.6688079833984375
2.6663870811462402
2.6785266399383545
2.666896343231201
2.6865572929382324
2.677354574203491
2.802232265472412
2.8353641033172607
2.811220169067383
2.8167107105255127
2.791032314300537
2.815504312515259
2.7993228435516357
2.8021416664123535
2.7847585678100586
2.799424648284912
2.982771635055542
2.9733731746673584
2.978433847427368
2.9804091453552246
2.965205192565918
2.98429012298584
2.953950881958008
2.9772329330444336
2.950026273727417
2.947885513305664
3.098527431488037
3.1023123264312744
3.1096389293670654
3.134171724319458
3.1067514419555664
3.104083776473999
3.128657341003418
3.092193841934204
3.0947580337524414
3.0912609100341797
3.3842930793762207
3.39701509475708
3.374568223953247
3.3662312030792236
3.35943603515625
3.34108304977417
3.373438596725464
3.3665361404418945
3.333578109741211
3.3525054454803467
3.4337661266326904
3.429044723510742
3.417912006378174
3.4430110454559326
3.4045798778533936
3.4291584491729736
3.3940467834472656
3.439450979232788
3.408127784729004
3.3983895778656006
3.7493906021118164
3.7527785301208496
3.7180752754211426
3.7235524654388428
3.715183973312378
3.7403461933135986
3.735619068145752
3.6576578617095947
3.7501885890960693
3.714169502258301
2.7270212173461914
2.6915509700775146
2.716876268386841
2.7303309440612793
2.7117323875427246
2.7146506309509277
2.6697819232940674
2.640781879425049
2.6650829315185547
2.6735498905181885
2.828317642211914
2.7751548290252686
2.763381242752075
2.771956205368042
2.7729992866516113
2.7612807750701904
2.7718212604522705
2.7464723587036133
2.754396438598633
2.741422653198242
2.932086944580078
2.8943333625793457
2.845628499984741
2.9223392009735107
2.8968729972839355
2.883422374725342
2.851310968399048
2.8973424434661865
2.846449136734009
2.851736545562744
3.0772082805633545
3.0538830757141113
3.024366617202759
3.0647850036621094
3.0094385147094727
3.0447022914886475
3.0164151191711426
2.9999771118164062
2.981980800628662
2.999131679534912
3.36017107963562
3.3484277725219727
3.345087766647339
3.361100673675537
3.333216667175293
3.3225655555725098
3.336618423461914
3.317835569381714
3.320035219192505
3.304719924926758
3.3239641189575195
3.3703384399414062
3.329772710800171
3.314426898956299
3.330299139022827
3.3025217056274414
3.333099126815796
3.2990448474884033
3.3089263439178467
3.3032784461975098
3.6532437801361084
3.636364459991455
3.6220550537109375
3.6360363960266113
3.623258590698242
3.5969398021698
3.584850788116455
3.5882222652435303
3.561772108078003
3.554981231689453
3.44087815284729
3.4460625648498535
3.404496431350708
3.395970344543457
3.398380756378174
3.367295503616333
3.409674882888794
3.377849578857422
3.368265390396118
3.3744142055511475
3.460442304611206
3.4150023460388184
3.3757715225219727
3.4128406047821045
3.437675714492798
3.3976430892944336
3.387713670730591
3.3674025535583496
3.3720788955688477
3.3341076374053955
2.482548236846924
2.478811740875244
2.494047164916992
2.481200695037842
2.4834625720977783
2.453425168991089
2.4635872840881348
2.4386744499206543
2.4370548725128174
2.4512484073638916
2.539485216140747
2.520915985107422
2.5356285572052
2.5364060401916504
2.5118088722229004
2.498539447784424
2.502249002456665
2.5380642414093018
2.5053870677948
2.53281307220459
2.6172235012054443
2.594388484954834
2.623178005218506
2.5901002883911133
2.5923948287963867
2.6037094593048096
2.5889172554016113
2.576592445373535
2.5737833976745605
2.5828638076782227
2.884648084640503
2.8229942321777344
2.8546626567840576
2.8629355430603027
2.862333059310913
2.8625333309173584
2.840379476547241
2.8269107341766357
2.81642484664917
2.795635938644409
2.9804530143737793
3.014678716659546
3.0336599349975586
2.988309144973755
2.9878122806549072
2.965514898300171
2.963993549346924
2.958005428314209
2.9437789916992188
2.9404523372650146
3.2028884887695312
3.2106528282165527
3.189095973968506
3.1701972484588623
3.1284232139587402
3.166461706161499
3.16860032081604
3.170164108276367
3.1389317512512207
3.1274209022521973
3.254727602005005
3.2377617359161377
3.2227842807769775
3.2150681018829346
3.2430007457733154
3.1825504302978516
3.197579860687256
3.180633544921875
3.184734344482422
3.165904998779297
3.474161148071289
3.3924708366394043
3.415036916732788
3.3992979526519775
3.414595365524292
3.390993118286133
3.383378028869629
3.394145965576172
3.375547170639038
3.3567843437194824
3.5183358192443848
3.5343620777130127
3.5494861602783203
3.506824493408203
3.5236494541168213
3.5113701820373535
3.457252264022827
3.4909579753875732
3.5099003314971924
3.479297637939453
2.1414575576782227
2.1080269813537598
2.095534086227417
2.1064891815185547
2.145186185836792
2.0866150856018066
2.077510118484497
2.0600054264068604
2.048048257827759
2.0635268688201904
2.2004780769348145
2.202937602996826
2.1720378398895264
2.2017135620117188
2.153583526611328
2.135399103164673
2.179807424545288
2.1344189643859863
2.1582419872283936
2.134464740753174
2.32742977142334
2.3353984355926514
2.2797629833221436
2.2764923572540283
2.261622905731201
2.2950286865234375
2.304011583328247
2.3075249195098877
2.2833967208862305
2.240750551223755
2.6477324962615967
2.6267333030700684
2.6864733695983887
2.630352020263672
2.656055450439453
2.653402328491211
2.6306519508361816
2.6006979942321777
2.597956895828247
2.587664842605591
2.8471152782440186
2.821875810623169
2.856905937194824
2.8241806030273438
2.8537654876708984
2.8327035903930664
2.837559461593628
2.7931079864501953
2.7981979846954346
2.816714286804199
3.2462775707244873
3.24271559715271
3.2243616580963135
3.2468693256378174
3.240267753601074
3.2042412757873535
3.200666666030884
3.1981234550476074
3.1892006397247314
3.154444694519043
3.2116312980651855
3.22477388381958
3.246670961380005
3.213581085205078
3.273372173309326
3.217160701751709
3.231210947036743
3.210958957672119
3.191314697265625
3.242156744003296
3.2510712146759033
3.252791404724121
3.2644777297973633
3.2504396438598633
3.292689800262451
3.231034517288208
3.2367985248565674
3.2318410873413086
3.2390432357788086
3.2478578090667725
3.3816440105438232
3.4092838764190674
3.4168577194213867
3.390333890914917
3.382836103439331
3.3848724365234375
3.355064630508423
3.3648717403411865
3.3727760314941406
3.3474366664886475
2.198636770248413
2.145596504211426
2.104552745819092
2.1044507026672363
2.0908071994781494
2.0449302196502686
2.036926746368408
2.0451581478118896
2.074765682220459
2.001608371734619
2.168017864227295
2.1641862392425537
2.1312975883483887
2.152970790863037
2.1174983978271484
2.1338093280792236
2.1221120357513428
2.09320330619812
2.0984561443328857
2.0902321338653564
2.3525381088256836
2.311875820159912
2.3173182010650635
2.2933924198150635
2.2805917263031006
2.273465156555176
2.3048439025878906
2.2973597049713135
2.2840209007263184
2.227940082550049
2.7083957195281982
2.650330066680908
2.6188933849334717
2.6241071224212646
2.6668622493743896
2.6210317611694336
2.6100547313690186
2.596107006072998
2.5881621837615967
2.611489772796631
3.0644516944885254
3.0620126724243164
3.0266683101654053
3.0224475860595703
3.0234196186065674
2.9937150478363037
3.0066781044006348
3.020195722579956
3.05399227142334
2.998322010040283
2.9980835914611816
2.9886395931243896
2.956521987915039
2.9199934005737305
2.9636919498443604
2.9077582359313965
2.891983985900879
2.910548210144043
2.8843040466308594
2.9103400707244873
3.3120009899139404
3.334238052368164
3.361564874649048
3.3281140327453613
3.2992727756500244
3.2753782272338867
3.29176926612854
3.265787363052368
3.2487494945526123
3.2508702278137207
3.6994009017944336
3.75528883934021
3.718036651611328
3.69777774810791
3.679039239883423
3.6081695556640625
3.561981678009033
3.6472558975219727
3.6130287647247314
3.6360061168670654
3.6798431873321533
3.6661291122436523
3.6214818954467773
3.6505026817321777
3.5875790119171143
3.5671708583831787
3.575651168823242
3.5535337924957275
3.571347951889038
3.5849459171295166
1.975276231765747
1.9638264179229736
1.9564868211746216
1.898480772972107
1.8640930652618408
1.8930964469909668
1.880713939666748
1.8730072975158691
1.890152096748352
1.9064229726791382
1.9201079607009888
1.9054232835769653
1.9166768789291382
1.8887423276901245
1.9182020425796509
1.8783000707626343
1.8879259824752808
1.8745718002319336
1.8816514015197754
1.8414407968521118
2.1472411155700684
2.144436836242676
2.117666244506836
2.116520643234253
2.1062145233154297
2.073415517807007
2.0835371017456055
2.0633738040924072
2.0571506023406982
2.048272132873535
2.435765027999878
2.422461986541748
2.4244561195373535
2.439650297164917
2.4163002967834473
2.3989651203155518
2.36871075630188
2.3718979358673096
2.3831663131713867
2.368541955947876
2.983365297317505
2.985142946243286
2.9889955520629883
2.984779119491577
2.965209484100342
2.921602725982666
2.9227728843688965
2.912653684616089
2.87787127494812
2.8402161598205566
3.4449727535247803
3.3769376277923584
3.3650736808776855
3.3556180000305176
3.307680368423462
3.353221893310547
3.2858822345733643
3.2787513732910156
3.2900094985961914
3.304572105407715
3.343348741531372
3.287986993789673
3.2509093284606934
3.273237943649292
3.192308187484741
3.255476713180542
3.275297164916992
3.204897403717041
3.185769557952881
3.2175896167755127
3.5611472129821777
3.5210580825805664
3.5279929637908936
3.542590856552124
3.487621784210205
3.5375254154205322
3.4322619438171387
3.459881544113159
3.4735164642333984
3.4372644424438477
3.620621681213379
3.553278923034668
3.5831217765808105
3.6127376556396484
3.5722591876983643
3.567674160003662
3.5445330142974854
3.5133233070373535
3.539025068283081
3.46667742729187
1.6088604927062988
1.5523796081542969
1.5811419486999512
1.538281798362732
1.4837672710418701
1.4752848148345947
1.4372040033340454
1.4140182733535767
1.416877269744873
1.4030061960220337
1.6001582145690918
1.6127375364303589
1.595176339149475
1.5206719636917114
1.5397697687149048
1.5115939378738403
1.5170644521713257
1.5242938995361328
1.5117026567459106
1.4634225368499756
1.7151119709014893
1.707190752029419
1.6509883403778076
1.6780078411102295
1.6635736227035522
1.613160490989685
1.643249273300171
1.6039118766784668
1.6211376190185547
1.5854740142822266
2.0933351516723633
2.001080274581909
1.9943060874938965
1.9969342947006226
1.9561337232589722
1.987379789352417
1.955586552619934
1.9250569343566895
1.9805095195770264
1.9012560844421387
2.596362352371216
2.625021457672119
2.65883207321167
2.5395524501800537
2.5553596019744873
2.517798900604248
2.5141355991363525
2.488713264465332
2.5181148052215576
2.4141716957092285
2.8926541805267334
2.864718437194824
2.87620210647583
2.737708330154419
2.806047201156616
2.7412898540496826
2.7580251693725586
2.731968879699707
2.6957297325134277
2.698951005935669
2.932068109512329
2.8974087238311768
2.91869854927063
2.8767828941345215
2.8435099124908447
2.8262057304382324
2.843916893005371
2.7586565017700195
2.7961621284484863
2.6979236602783203
3.240802764892578
3.1632542610168457
3.0848336219787598
3.0645222663879395
3.070013999938965
3.1253442764282227
3.074270009994507
3.037384033203125
2.990682601928711
2.9730007648468018
3.3564629554748535
3.3691961765289307
3.2995409965515137
3.2786598205566406
3.2306525707244873
3.1982040405273438
3.157106637954712
3.102433919906616
3.144294023513794
3.102912187576294
