4.237472057342529
4.219699382781982
4.237641334533691
4.207138538360596
4.180343151092529
4.178501605987549
4.167738437652588
4.1900129318237305
4.240746974945068
4.223247528076172
77.26809692382812
75.54837036132812
74.54573059082031
73.4448013305664
72.8773193359375
72.29533386230469
71.2529525756836
70.43362426757812
69.54660034179688
68.83110809326172
3.817692995071411
3.8076095581054688
3.8192954063415527
3.824960470199585
3.8102691173553467
3.807020664215088
3.8070716857910156
3.8026742935180664
3.808919906616211
3.814988374710083
21.047792434692383
20.678800582885742
20.666170120239258
20.503185272216797
20.21097183227539
20.13178062438965
20.059059143066406
19.812347412109375
19.701866149902344
19.57708168029785
3.0734925270080566
3.061171054840088
3.065725564956665
3.0818374156951904
3.069077491760254
3.0600059032440186
3.0653562545776367
3.0757763385772705
3.0708372592926025
3.068481683731079
4.093803405761719
4.086743354797363
4.08981466293335
4.086772918701172
4.088228225708008
4.090072154998779
4.071551322937012
4.076598644256592
4.072550296783447
4.086793899536133
5.492077827453613
5.402595520019531
5.274482250213623
5.215066909790039
5.061856746673584
4.905826091766357
4.678415298461914
4.63367223739624
4.722606182098389
4.487882614135742
37.67593765258789
37.08677673339844
36.48660659790039
35.81560516357422
35.638824462890625
34.99968338012695
34.680850982666016
34.5665397644043
34.150604248046875
34.321468353271484
4.541463375091553
4.425590515136719
4.469676494598389
4.463192462921143
4.509063243865967
4.375462532043457
4.347971439361572
4.250311851501465
4.236059188842773
4.262173175811768
39.03571701049805
38.33329772949219
37.80127716064453
37.574493408203125
37.185523986816406
36.466102600097656
36.322330474853516
36.25425720214844
35.58747100830078
35.500282287597656
4.577828407287598
4.563394546508789
4.5313310623168945
4.520498752593994
4.510786533355713
4.52440071105957
4.494952201843262
4.487799167633057
4.486804008483887
4.4816131591796875
9.39193344116211
9.440498352050781
9.439068794250488
9.326491355895996
9.265871047973633
9.168075561523438
9.113771438598633
9.119513511657715
9.10091781616211
8.964200973510742
97.49820709228516
96.45619201660156
94.8555679321289
92.91259002685547
89.90202331542969
85.46917724609375
80.5436782836914
73.39083862304688
63.218406677246094
53.0866813659668
2.2448182106018066
2.2294695377349854
2.2286622524261475
2.226459503173828
2.218252658843994
2.2293434143066406
2.221906900405884
2.209749698638916
2.22405743598938
2.2053020000457764
40.434043884277344
40.28779220581055
40.090240478515625
39.768310546875
39.53627395629883
39.26502990722656
39.07827377319336
38.91724395751953
38.7124137878418
38.52983474731445
13.38222885131836
11.72619342803955
9.915010452270508
7.139637470245361
4.573503494262695
3.440828800201416
3.2406532764434814
3.1932907104492188
3.267430067062378
3.2103464603424072
44.642276763916016
44.10648727416992
43.62145233154297
42.84270095825195
41.82864761352539
40.74359130859375
39.2645378112793
37.685054779052734
35.74544906616211
33.96287536621094
3.54913067817688
3.543875217437744
3.5488357543945312
3.546231508255005
3.538163185119629
3.5320844650268555
3.54019832611084
3.53108811378479
3.5271148681640625
3.5298385620117188
4.464390277862549
4.438725471496582
4.458625316619873
4.377808570861816
4.367051601409912
4.363619804382324
4.321067810058594
4.262222766876221
4.250736236572266
4.231884479522705
41.58259582519531
40.76121520996094
40.18388748168945
39.03251647949219
38.37822341918945
37.95335006713867
37.115943908691406
36.582557678222656
35.754539489746094
35.47753143310547
3.9180877208709717
3.8739700317382812
3.7865149974823
3.785727024078369
3.733468770980835
3.7440032958984375
3.6861212253570557
3.670889139175415
3.65838623046875
3.591830253601074
3.4776031970977783
3.451704502105713
3.466257333755493
3.4304771423339844
3.423926830291748
3.4132211208343506
3.3965179920196533
3.3840105533599854
3.3957080841064453
3.4197041988372803
8.525327682495117
8.38019847869873
8.357386589050293
8.121162414550781
8.012657165527344
7.88939905166626
7.675232410430908
7.438962936401367
7.233285903930664
7.139469146728516
22.210777282714844
21.964223861694336
21.845638275146484
21.447525024414062
21.323270797729492
21.007549285888672
20.779972076416016
20.649002075195312
20.350799560546875
20.202762603759766
5.059601306915283
5.018641948699951
4.940882682800293
4.873570442199707
4.84064245223999
4.72257137298584
4.7103471755981445
4.6296281814575195
4.5995049476623535
4.51601505279541
2.602005958557129
2.602693796157837
2.5765278339385986
2.5822367668151855
2.562236785888672
2.5532937049865723
2.5467944145202637
2.5505645275115967
2.5313968658447266
2.5401668548583984
9.384868621826172
9.365438461303711
9.206965446472168
9.24725341796875
9.18088150024414
9.061543464660645
9.047577857971191
8.976981163024902
8.93497371673584
8.903440475463867
3.8895511627197266
3.8878672122955322
3.8875579833984375
3.8887550830841064
3.8860971927642822
3.885892629623413
3.887219190597534
3.8883564472198486
3.8881359100341797
3.88499116897583
8.037906646728516
7.943404674530029
7.824717998504639
7.691321849822998
7.573724269866943
7.462580680847168
7.321481704711914
7.236031532287598
7.119297027587891
6.9807610511779785
4.005239009857178
4.006109237670898
4.005019664764404
4.005397319793701
4.006626605987549
4.007059574127197
4.005242347717285
4.006227016448975
4.005991458892822
4.005035400390625
3.090488910675049
3.008439540863037
3.002519130706787
3.0037336349487305
2.937195062637329
2.9723711013793945
2.934309482574463
2.9221317768096924
2.883404016494751
2.8546745777130127
46.47629928588867
45.956817626953125
45.492549896240234
44.87013244628906
44.39170455932617
43.82090377807617
43.53950119018555
43.124996185302734
42.622920989990234
42.19160842895508
3.2880547046661377
3.310800075531006
3.2806272506713867
3.2291600704193115
3.2075557708740234
3.1852030754089355
3.1792969703674316
3.1753971576690674
3.125782012939453
3.1753883361816406
9.032695770263672
9.017291069030762
8.985163688659668
8.899996757507324
8.904029846191406
8.884773254394531
8.894461631774902
8.789878845214844
8.749202728271484
8.745628356933594
3.3190910816192627
3.2899370193481445
3.2894651889801025
3.242921829223633
3.2397985458374023
3.261007308959961
3.250056028366089
3.227630853652954
3.202756643295288
3.196054458618164
11.426020622253418
11.342890739440918
11.36684799194336
11.188655853271484
11.157270431518555
11.14431381225586
11.090418815612793
11.008804321289062
10.999532699584961
10.852752685546875
