4.237472057342529
4.219699382781982
4.237641334533691
4.207138538360596
4.180343151092529
4.178501605987549
4.167738437652588
4.1900129318237305
4.240746974945068
4.223247528076172
77.26809692382812
75.54837036132812
74.54573059082031
73.4448013305664
72.8773193359375
72.29533386230469
71.2529525756836
70.43362426757812
69.54660034179688
68.83110809326172
3.817692995071411
3.8076095581054688
3.8192954063415527
3.824960470199585
3.8102691173553467
3.807020664215088
3.8070716857910156
3.8026742935180664
3.808919906616211
3.814988374710083
21.047792434692383
20.678800582885742
20.666170120239258
20.503185272216797
20.21097183227539
20.13178062438965
20.059059143066406
19.812347412109375
19.701866149902344
19.57708168029785
3.0734925270080566
3.061171054840088
3.065725564956665
3.0818374156951904
3.069077491760254
3.0600059032440186
3.0653562545776367
3.0757763385772705
3.0708372592926025
3.068481683731079
4.093803405761719
4.086743354797363
4.08981466293335
4.086772918701172
4.088228225708008
4.090072154998779
4.071551322937012
4.076598644256592
4.072550296783447
4.086793899536133
5.492077827453613
5.402595520019531
5.274482250213623
5.215066909790039
5.061856746673584
4.905826091766357
4.678415298461914
4.63367223739624
4.722606182098389
4.487882614135742
37.67593765258789
37.08677673339844
36.48660659790039
35.81560516357422
35.638824462890625
34.99968338012695
34.680850982666016
34.5665397644043
34.150604248046875
34.321468353271484
4.541463375091553
4.425590515136719
4.469676494598389
4.463192462921143
4.509063243865967
4.375462532043457
4.347971439361572
4.250311851501465
4.236059188842773
4.262173175811768
39.03571701049805
38.33329772949219
37.80127716064453
37.574493408203125
37.185523986816406
36.466102600097656
36.322330474853516
36.25425720214844
35.58747100830078
35.500282287597656
4.577828407287598
4.563394546508789
4.5313310623168945
4.520498752593994
4.510786533355713
4.52440071105957
4.494952201843262
4.487799167633057
4.486804008483887
4.4816131591796875
9.39193344116211
9.440498352050781
9.439068794250488
9.326491355895996
9.265871047973633
9.168075561523438
9.113771438598633
9.119513511657715
9.10091781616211
8.964200973510742
97.49820709228516
96.45619201660156
94.8555679321289
92.91259002685547
89.90202331542969
85.46917724609375
80.5436782836914
73.39083862304688
63.218406677246094
53.0866813659668
2.2448182106018066
2.2294695377349854
2.2286622524261475
2.226459503173828
2.218252658843994
2.2293434143066406
2.221906900405884
2.209749698638916
2.22405743598938
2.2053020000457764
40.434043884277344
40.28779220581055
40.090240478515625
39.768310546875
39.53627395629883
39.26502990722656
39.07827377319336
38.91724395751953
38.7124137878418
38.52983474731445
13.38222885131836
11.72619342803955
9.915010452270508
7.139637470245361
4.573503494262695
3.440828800201416
3.2406532764434814
3.1932907104492188
3.267430067062378
3.2103464603424072
44.642276763916016
44.10648727416992
43.62145233154297
42.84270095825195
41.82864761352539
40.74359130859375
39.2645378112793
37.685054779052734
35.74544906616211
33.96287536621094
3.54913067817688
3.543875217437744
3.5488357543945312
3.546231508255005
3.538163185119629
3.5320844650268555
3.54019832611084
3.53108811378479
3.5271148681640625
3.5298385620117188
4.464390277862549
4.438725471496582
4.458625316619873
4.377808570861816
4.367051601409912
4.363619804382324
4.321067810058594
4.262222766876221
4.250736236572266
4.231884479522705
41.58259582519531
40.76121520996094
40.18388748168945
39.03251647949219
38.37822341918945
37.95335006713867
37.115943908691406
36.582557678222656
35.754539489746094
35.47753143310547
3.9180877208709717
3.8739700317382812
3.7865149974823
3.785727024078369
3.733468770980835
3.7440032958984375
3.6861212253570557
3.670889139175415
3.65838623046875
3.591830253601074
3.4776031970977783
3.451704502105713
3.466257333755493
3.4304771423339844
3.423926830291748
3.4132211208343506
3.3965179920196533
3.3840105533599854
3.3957080841064453
3.4197041988372803
8.525327682495117
8.38019847869873
8.357386589050293
8.121162414550781
8.012657165527344
7.88939905166626
7.675232410430908
7.438962936401367
7.233285903930664
7.139469146728516
22.210777282714844
21.964223861694336
21.845638275146484
21.447525024414062
21.323270797729492
21.007549285888672
20.779972076416016
20.649002075195312
20.350799560546875
20.202762603759766
5.059601306915283
5.018641948699951
4.940882682800293
4.873570442199707
4.84064245223999
4.72257137298584
4.7103471755981445
4.6296281814575195
4.5995049476623535
4.51601505279541
2.602005958557129
2.602693796157837
2.5765278339385986
2.5822367668151855
2.562236785888672
2.5532937049865723
2.5467944145202637
2.5505645275115967
2.5313968658447266
2.5401668548583984
9.384868621826172
9.365438461303711
9.206965446472168
9.24725341796875
9.18088150024414
9.061543464660645
9.047577857971191
8.976981163024902
8.93497371673584
8.903440475463867
3.8895511627197266
3.8878672122955322
3.8875579833984375
3.8887550830841064
3.8860971927642822
3.885892629623413
3.887219190597534
3.8883564472198486
3.8881359100341797
3.88499116897583
8.037906646728516
7.943404674530029
7.824717998504639
7.691321849822998
7.573724269866943
7.462580680847168
7.321481704711914
7.236031532287598
7.119297027587891
6.9807610511779785
4.005239009857178
4.006109237670898
4.005019664764404
4.005397319793701
4.006626605987549
4.007059574127197
4.005242347717285
4.006227016448975
4.005991458892822
4.005035400390625
3.090488910675049
3.008439540863037
3.002519130706787
3.0037336349487305
2.937195062637329
2.9723711013793945
2.934309482574463
2.9221317768096924
2.883404016494751
2.8546745777130127
46.47629928588867
45.956817626953125
45.492549896240234
44.87013244628906
44.39170455932617
43.82090377807617
43.53950119018555
43.124996185302734
42.622920989990234
42.19160842895508
3.2880547046661377
3.310800075531006
3.2806272506713867
3.2291600704193115
3.2075557708740234
3.1852030754089355
3.1792969703674316
3.1753971576690674
3.125782012939453
3.1753883361816406
9.032695770263672
9.017291069030762
8.985163688659668
8.899996757507324
8.904029846191406
8.884773254394531
8.894461631774902
8.789878845214844
8.749202728271484
8.745628356933594
3.3190910816192627
3.2899370193481445
3.2894651889801025
3.242921829223633
3.2397985458374023
3.261007308959961
3.250056028366089
3.227630853652954
3.202756643295288
3.196054458618164
11.426020622253418
11.342890739440918
11.36684799194336
11.188655853271484
11.157270431518555
11.14431381225586
11.090418815612793
11.008804321289062
10.999532699584961
10.852752685546875
4.485597610473633
4.490569591522217
4.483943939208984
4.483206272125244
4.4787774085998535
4.491349697113037
4.479367256164551
4.476523399353027
4.490181922912598
4.484714508056641
12.94397258758545
12.934085845947266
12.83393383026123
12.812954902648926
12.82590103149414
12.768169403076172
12.704887390136719
12.691095352172852
12.678370475769043
12.614810943603516
3.7432126998901367
3.743821144104004
3.7424936294555664
3.7433958053588867
3.740797281265259
3.7408461570739746
3.7412655353546143
3.741462230682373
3.7418246269226074
3.7379283905029297
3.9112751483917236
3.910707712173462
3.912100315093994
3.9118223190307617
3.9111430644989014
3.911548137664795
3.9110376834869385
3.9105215072631836
3.9120523929595947
3.9109861850738525
4.559313774108887
4.567546844482422
4.569512367248535
4.5704169273376465
4.569380760192871
4.569532871246338
4.567938804626465
4.568107604980469
4.560641288757324
4.559310436248779
2.723498821258545
2.7255916595458984
2.7305023670196533
2.722872018814087
2.724745035171509
2.7269041538238525
2.7195827960968018
2.7178266048431396
2.717822551727295
2.7169883251190186
3.917372703552246
3.827846050262451
3.812252998352051
3.774789810180664
3.7645299434661865
3.7233810424804688
3.7483389377593994
3.703677177429199
3.66320538520813
3.682526111602783
24.888376235961914
24.249465942382812
24.159700393676758
23.988393783569336
23.771718978881836
23.55205726623535
23.434165954589844
23.115337371826172
22.9512996673584
22.896230697631836
3.875572443008423
3.8570311069488525
3.827209234237671
3.8249173164367676
3.814952850341797
3.8176188468933105
3.797327995300293
3.7777113914489746
3.7800536155700684
3.7906265258789062
4.4679436683654785
4.474953651428223
4.441364765167236
4.4356689453125
4.419279098510742
4.421372413635254
4.384864807128906
4.3921427726745605
4.361556529998779
4.363857746124268
21.735881805419922
20.897281646728516
20.394771575927734
19.85235595703125
19.417007446289062
18.84316635131836
18.412019729614258
17.977344512939453
17.68931770324707
17.162477493286133
0.21595759689807892
0.21270957589149475
0.2082684189081192
0.2059280425310135
0.23492105305194855
0.2146858274936676
0.21758298575878143
0.22595715522766113
0.21489927172660828
0.2107071429491043
9.56924057006836
9.47655200958252
9.39539623260498
9.316311836242676
9.240123748779297
9.046809196472168
8.933354377746582
8.633764266967773
8.506004333496094
8.418265342712402
4.026153087615967
4.025631904602051
4.024385929107666
4.024930000305176
4.025460243225098
4.0250115394592285
4.0265398025512695
4.025477409362793
4.024999618530273
4.024425983428955
4.278237342834473
4.278194904327393
4.280442237854004
4.2789506912231445
4.27915620803833
4.279048442840576
4.279346466064453
4.279540061950684
4.279559135437012
4.2797322273254395
3.6936933994293213
3.691941976547241
3.6946053504943848
3.6939408779144287
3.692777633666992
3.6924333572387695
3.6915671825408936
3.6935582160949707
3.6916663646698
3.691720962524414
8.578140258789062
8.558451652526855
8.545164108276367
8.535042762756348
8.523619651794434
8.521177291870117
8.527178764343262
8.487677574157715
8.497615814208984
8.484130859375
2.8111300468444824
2.8135271072387695
2.8129279613494873
2.8129990100860596
2.8132896423339844
2.807988166809082
2.8087525367736816
2.8090155124664307
2.809547185897827
2.8102729320526123
5.781321048736572
5.775944709777832
5.757850170135498
5.740699768066406
5.669229984283447
5.64463472366333
5.63561487197876
5.6147332191467285
5.542803764343262
5.547659873962402
34.74971389770508
34.4552116394043
34.4455680847168
34.285133361816406
34.195980072021484
33.881649017333984
33.797698974609375
33.56385803222656
33.5440559387207
33.38774871826172
2.6395487785339355
2.632795572280884
2.6081016063690186
2.595233678817749
2.610149383544922
2.5984747409820557
2.6014108657836914
2.5838463306427
2.5892999172210693
2.572446584701538
25.127445220947266
24.867143630981445
24.349639892578125
24.39194679260254
23.994863510131836
23.830472946166992
23.671634674072266
23.31485939025879
23.094093322753906
22.591880798339844
4.5645270347595215
4.553788185119629
4.574743747711182
4.564040184020996
4.566402912139893
4.545684814453125
4.551742076873779
4.5588555335998535
4.549385070800781
4.541622638702393
11.427491188049316
11.350480079650879
11.307008743286133
11.137702941894531
11.06824779510498
10.963239669799805
10.804750442504883
10.788926124572754
10.763711929321289
10.62845516204834
3.7993857860565186
3.803232431411743
3.800455331802368
3.7981927394866943
3.7996087074279785
3.794524669647217
3.7997500896453857
3.800295352935791
3.796180248260498
3.79601788520813
15.952817916870117
15.017464637756348
13.663219451904297
12.186973571777344
10.478948593139648
9.007366180419922
7.769453048706055
6.499233245849609
5.547191619873047
4.908204078674316
3.3475265502929688
3.3472909927368164
3.3442885875701904
3.3500325679779053
3.346724271774292
3.345817804336548
3.3394060134887695
3.345303535461426
3.3455357551574707
3.344080686569214
3.949763059616089
3.9453516006469727
3.946817636489868
3.9468016624450684
3.947444438934326
3.9481027126312256
3.948269844055176
3.945340394973755
3.9457802772521973
3.948437213897705
4.2095489501953125
4.2073869705200195
4.203062057495117
4.201556205749512
4.197725772857666
4.201730728149414
4.189990043640137
4.192845821380615
4.195627212524414
4.20864200592041
3.5672597885131836
3.5707476139068604
3.566765785217285
3.5708014965057373
3.5657527446746826
3.5620176792144775
3.5639286041259766
3.568127393722534
3.565639019012451
3.562687873840332
5.206509590148926
5.091530799865723
5.1257405281066895
5.085954666137695
4.9894537925720215
5.010606288909912
4.929658889770508
4.868466854095459
4.828744888305664
4.7790913581848145
32.96699142456055
32.32722091674805
31.422330856323242
30.660770416259766
29.87550926208496
29.53056526184082
29.20033836364746
28.807510375976562
28.808969497680664
28.50246238708496
3.481881618499756
3.454962968826294
3.5183913707733154
3.4365358352661133
3.415215492248535
3.3968794345855713
3.4151992797851562
3.3793280124664307
3.415891408920288
3.3632540702819824
12.419283866882324
12.289692878723145
12.214717864990234
12.08883285522461
12.074366569519043
11.944037437438965
11.880288124084473
11.772527694702148
11.667156219482422
11.554831504821777
3.574786901473999
3.5914080142974854
3.5676097869873047
3.55726957321167
3.531724691390991
3.531618118286133
3.496027708053589
3.445965528488159
3.433570384979248
3.4318666458129883
4.9627299308776855
4.954758167266846
4.961406707763672
4.941652297973633
4.959017753601074
4.956453800201416
4.904317855834961
4.93201208114624
4.914986610412598
4.881782531738281
3.342228412628174
3.3390328884124756
3.3376429080963135
3.3379595279693604
3.337761402130127
3.341917037963867
3.335193395614624
3.3357090950012207
3.337216854095459
3.3362693786621094
9.527003288269043
9.532218933105469
9.49438190460205
9.510111808776855
9.464187622070312
9.46469497680664
9.407210350036621
9.426390647888184
9.360713958740234
9.32150936126709
3.6106464862823486
3.609114408493042
3.6089041233062744
3.6102848052978516
3.60908842086792
3.6106340885162354
3.6098411083221436
3.6101224422454834
3.6108670234680176
3.6096954345703125
2.4334187507629395
2.4373672008514404
2.437601089477539
2.4343724250793457
2.431577682495117
2.4292545318603516
2.4347565174102783
2.436732053756714
2.4323325157165527
2.426454782485962
6.750720977783203
6.738598823547363
6.71168851852417
6.707012176513672
6.714432239532471
6.697022914886475
6.696562767028809
6.7089128494262695
6.683411598205566
6.695669651031494
3.6316161155700684
3.628523349761963
3.6283154487609863
3.6268067359924316
3.6285135746002197
3.6289010047912598
3.626138925552368
3.6304726600646973
3.62673020362854
3.628876209259033
4.678298473358154
4.6143951416015625
4.571523666381836
4.565065383911133
4.473813533782959
4.500489711761475
4.483551025390625
4.438071250915527
4.452310085296631
4.354132175445557
35.05963134765625
34.67646026611328
33.98863983154297
33.48917770385742
32.930419921875
32.511905670166016
32.10868453979492
31.707704544067383
31.284889221191406
31.041034698486328
3.2039570808410645
3.1878435611724854
3.140019178390503
3.1592025756835938
3.129950523376465
3.137934684753418
3.1268579959869385
3.0931007862091064
3.0934133529663086
3.084998846054077
5.931302547454834
5.905080318450928
5.878992557525635
5.807607650756836
5.831724166870117
5.826627731323242
5.706911563873291
5.804313659667969
5.734751224517822
5.691366672515869
2.8309741020202637
2.8327372074127197
2.790815830230713
2.831089735031128
2.805445671081543
2.7967100143432617
2.820133686065674
2.810255527496338
2.8048789501190186
2.801067352294922
3.6641745567321777
3.637078285217285
3.6239075660705566
3.609276533126831
3.6014480590820312
3.5824718475341797
3.5451135635375977
3.534374952316284
3.5408554077148438
3.5460216999053955
5.667993068695068
5.672292232513428
5.660956859588623
5.654656410217285
5.652947425842285
5.6632256507873535
5.652362823486328
5.644833087921143
5.660379886627197
5.646775245666504
4.107667446136475
4.104734897613525
4.106382846832275
4.104568004608154
4.108006477355957
4.10491418838501
4.105370044708252
4.104493141174316
4.1040849685668945
4.103208541870117
27.10433578491211
26.766231536865234
26.657848358154297
26.24227523803711
26.00226402282715
25.695056915283203
25.546567916870117
25.19874382019043
25.06267738342285
24.81676483154297
3.869579792022705
3.869900703430176
3.8675267696380615
3.862490653991699
3.8702847957611084
3.8673317432403564
3.868431568145752
3.862145185470581
3.8641481399536133
3.8718836307525635
4.160995960235596
4.161521911621094
4.1657915115356445
4.172933101654053
4.168393135070801
4.163420677185059
4.1668620109558105
4.166684150695801
4.161955833435059
4.166337966918945
5.173595428466797
5.070971488952637
5.051479339599609
4.955062389373779
4.920734882354736
4.8632731437683105
4.756422996520996
4.723074913024902
4.620149612426758
4.5722832679748535
4.318015098571777
4.2419023513793945
4.295244216918945
4.242339134216309
4.1766252517700195
4.189325332641602
4.102334022521973
4.039827346801758
4.091258525848389
4.013590335845947
33.311763763427734
33.11088943481445
32.77223205566406
32.48016357421875
32.27538299560547
32.14227294921875
31.6920108795166
31.482925415039062
31.35682487487793
30.943925857543945
3.252556800842285
3.2343783378601074
3.2470340728759766
3.2312772274017334
3.2186522483825684
3.216553211212158
3.195085287094116
3.1716718673706055
3.1681606769561768
3.1483612060546875
4.77431583404541
4.797573566436768
4.779886722564697
4.7882585525512695
4.764834880828857
4.772343635559082
4.758221626281738
4.752995014190674
4.747833251953125
4.745673656463623
3.41923189163208
3.391453981399536
3.4379308223724365
3.376504898071289
3.3456130027770996
3.2967538833618164
3.2975869178771973
3.292231798171997
3.1977450847625732
3.2277345657348633
37.426551818847656
37.20923614501953
36.918582916259766
36.631866455078125
36.41045379638672
36.46376037597656
35.86771774291992
35.63143539428711
35.62040328979492
35.185054779052734
3.4574074745178223
3.4555232524871826
3.455425977706909
3.454770803451538
3.4533348083496094
3.4556009769439697
3.4555301666259766
3.453164577484131
3.4555225372314453
3.454076051712036
3.9985156059265137
3.9942708015441895
3.9900925159454346
3.9882149696350098
3.9963974952697754
3.9861719608306885
3.997635841369629
3.9811348915100098
3.990018129348755
3.9920706748962402
5.608537197113037
5.6410698890686035
5.650276184082031
5.604977130889893
5.529541015625
5.491915702819824
5.486321449279785
5.488223075866699
5.426394462585449
5.463051795959473
3.435223340988159
3.4319238662719727
3.4285361766815186
3.426048517227173
3.431210517883301
3.4253156185150146
3.4273221492767334
3.422245740890503
3.423243522644043
3.424875497817993
3.8835196495056152
3.879667282104492
3.886340618133545
3.886833906173706
3.8803842067718506
3.883899688720703
3.882779121398926
3.8831064701080322
3.878932476043701
3.8821611404418945
6.892605304718018
6.800387382507324
6.716384410858154
6.571563720703125
6.463889122009277
6.37677001953125
6.1992082595825195
6.098751068115234
5.98880672454834
5.85927152633667
3.7005975246429443
3.661637783050537
3.701326847076416
3.53326416015625
3.583561897277832
3.4996306896209717
3.480574131011963
3.454231023788452
3.399266242980957
3.3227972984313965
38.801387786865234
38.3657341003418
38.03962707519531
37.62786102294922
37.148128509521484
36.630489349365234
36.506591796875
35.90089416503906
35.85226058959961
35.49668884277344
3.1286776065826416
3.116844654083252
3.1103880405426025
3.100498676300049
3.088517665863037
3.099426507949829
3.0705740451812744
3.086984157562256
3.0796875953674316
3.0657217502593994
12.545671463012695
12.503547668457031
12.507904052734375
12.434733390808105
12.391108512878418
12.384908676147461
12.402281761169434
12.313253402709961
12.309667587280273
12.24581527709961
3.550662040710449
3.5502233505249023
3.534463405609131
3.5424890518188477
3.5465176105499268
3.5295825004577637
3.53582763671875
3.525235176086426
3.5133376121520996
3.51739239692688
8.845911026000977
8.762225151062012
8.74038028717041
8.645890235900879
8.627066612243652
8.545385360717773
8.5105619430542
8.406291961669922
8.391324996948242
8.32092571258545
2.750455379486084
2.7471184730529785
2.7383079528808594
2.748065710067749
2.737884283065796
2.726881265640259
2.7378790378570557
2.743908643722534
2.713517904281616
2.730093002319336
3.7896108627319336
3.7857654094696045
3.782444715499878
3.7806618213653564
3.785439968109131
3.7856523990631104
3.781625270843506
3.784252643585205
3.7846481800079346
3.782201051712036
27.25732421875
26.04258155822754
25.265382766723633
24.17627716064453
23.08157730102539
22.148231506347656
21.150108337402344
20.392946243286133
19.549509048461914
18.755592346191406
2.8160927295684814
2.8240506649017334
2.8289082050323486
2.83040714263916
2.8180718421936035
2.827239990234375
2.818920135498047
2.8259024620056152
2.825199842453003
2.8185389041900635
5.412489891052246
5.420147895812988
5.369997024536133
5.336694717407227
5.274853706359863
5.223344802856445
5.22100830078125
5.175955295562744
5.158246040344238
5.072747707366943
3.6951630115509033
3.692267656326294
3.695134401321411
3.694533586502075
3.695807933807373
3.6941733360290527
3.6965248584747314
3.693230152130127
3.696138381958008
3.6944148540496826
4.299534797668457
4.307150363922119
4.265222072601318
4.173498630523682
4.157910346984863
4.122378826141357
4.166141033172607
4.081295490264893
4.058444976806641
4.007362365722656
28.071727752685547
27.653972625732422
27.245994567871094
26.96580696105957
26.65111541748047
26.3571834564209
26.143795013427734
25.780359268188477
25.54292106628418
25.19658088684082
3.2555675506591797
3.2701382637023926
3.263636827468872
3.263315200805664
3.2300729751586914
3.250917434692383
3.23633074760437
3.1988296508789062
3.209502935409546
3.2167046070098877
3.7105324268341064
3.7086586952209473
3.6574313640594482
3.6844160556793213
3.6536245346069336
3.6522343158721924
3.6392598152160645
3.6130707263946533
3.5960888862609863
3.5822997093200684
32.87299346923828
32.668067932128906
32.50609588623047
32.17240524291992
31.96544075012207
31.749950408935547
31.611562728881836
31.42340660095215
31.155345916748047
30.904010772705078
3.406399965286255
3.423823833465576
3.4152023792266846
3.40708589553833
3.4021739959716797
3.3825631141662598
3.3921151161193848
3.3761656284332275
3.390683174133301
3.386054515838623
5.165716648101807
5.171226978302002
5.165839672088623
5.166238307952881
5.164251327514648
5.166571617126465
5.162452697753906
5.157320022583008
5.156977653503418
5.15659761428833
3.567176103591919
3.5643439292907715
3.5648422241210938
3.5647497177124023
3.5663630962371826
3.565687656402588
3.5657875537872314
3.56351375579834
3.5655148029327393
3.5626718997955322
5.310482025146484
5.304008960723877
5.271401882171631
5.255318641662598
5.229276180267334
5.225362300872803
5.2162604331970215
5.181455135345459
5.170376777648926
5.16894006729126
3.6910016536712646
3.6916584968566895
3.6913347244262695
3.6916754245758057
3.690944194793701
3.6909899711608887
3.6917407512664795
3.6917812824249268
3.690566062927246
3.6923327445983887
4.191532135009766
4.191607475280762
4.191183567047119
4.191524505615234
4.191174030303955
4.191677093505859
4.19119119644165
4.191188335418701
4.1916913986206055
4.1909871101379395
3.899552583694458
3.899827718734741
3.898658037185669
3.899679660797119
3.899496555328369
3.899623155593872
3.8994057178497314
3.8978147506713867
3.8982326984405518
3.897081136703491
3.8816564083099365
3.8607585430145264
3.828300952911377
3.796901226043701
3.826413631439209
3.7967002391815186
3.747711181640625
3.772705316543579
3.686796188354492
3.678053617477417
26.09343147277832
25.97990608215332
25.860811233520508
25.599853515625
25.482683181762695
25.34000587463379
25.3016414642334
24.916608810424805
24.935707092285156
24.709789276123047
2.806041717529297
2.777071952819824
2.7893989086151123
2.788322925567627
2.7752366065979004
2.7881696224212646
2.774784803390503
2.7708053588867188
2.7869441509246826
2.784017562866211
5.746798515319824
5.712465763092041
5.72136116027832
5.694790840148926
5.661872863769531
5.61662483215332
5.596126556396484
5.542124271392822
5.5668745040893555
5.515173435211182
2.4725124835968018
2.499279499053955
2.439221143722534
2.4251890182495117
2.380216121673584
2.3839826583862305
2.3561854362487793
2.336318254470825
2.2947628498077393
2.282012462615967
4.221124172210693
4.210207939147949
4.219922065734863
4.220088005065918
4.175452709197998
4.161983966827393
4.171630859375
4.156186103820801
4.141706943511963
4.12076473236084
4.748225688934326
4.744338035583496
4.745136737823486
4.748017311096191
4.7463459968566895
4.747692108154297
4.747317314147949
4.746847152709961
4.7453107833862305
4.743514537811279
2.998767137527466
2.9964535236358643
3.005206823348999
3.0016210079193115
3.0060746669769287
3.0006678104400635
2.9994568824768066
2.9970924854278564
3.0018298625946045
3.000929832458496
4.789022445678711
4.786933898925781
4.791271209716797
4.787388324737549
4.78713846206665
4.783439636230469
4.785529613494873
4.788791179656982
4.77721643447876
4.778012752532959
3.4294347763061523
3.431389570236206
3.4288876056671143
3.430880308151245
3.431732654571533
3.4313600063323975
3.429324150085449
3.432894468307495
3.430987596511841
3.432544231414795
5.616588592529297
5.633194923400879
5.594412803649902
5.592111587524414
5.559655666351318
5.5365824699401855
5.522075653076172
5.525784492492676
5.497807025909424
5.495584011077881
3.403080940246582
3.402010202407837
3.4010586738586426
3.3993687629699707
3.401479482650757
3.4045515060424805
3.4021921157836914
3.399035692214966
3.3999531269073486
3.4002978801727295
4.162789821624756
4.157911777496338
4.101702690124512
4.1006035804748535
4.0870361328125
4.041469573974609
4.056256294250488
4.058905601501465
3.9876229763031006
4.001371383666992
21.802536010742188
21.451465606689453
21.257667541503906
21.170202255249023
20.844970703125
20.72573471069336
20.514190673828125
20.31330108642578
20.155437469482422
19.975122451782227
3.77247953414917
3.778398036956787
3.776611328125
3.7762293815612793
3.7680532932281494
3.745908737182617
3.750824213027954
3.717599391937256
3.7491626739501953
3.7230987548828125
4.174464225769043
4.153618812561035
4.138617992401123
4.086533069610596
4.057294845581055
4.051210403442383
4.013625144958496
4.027088642120361
3.9663751125335693
3.9970715045928955
1.9453017711639404
1.9296278953552246
1.9505131244659424
1.9177322387695312
1.9046281576156616
1.9004887342453003
1.8973653316497803
1.9320873022079468
1.882786750793457
1.8806586265563965
3.866442918777466
3.846837043762207
3.844717502593994
3.758664608001709
3.776458740234375
3.7333335876464844
3.6432902812957764
3.6082913875579834
3.54854679107666
3.4993019104003906
3.8898227214813232
3.890122652053833
3.8927488327026367
3.8905696868896484
3.8905811309814453
3.8879587650299072
3.889852523803711
3.888279914855957
3.8889918327331543
3.8847501277923584
11.212726593017578
11.161279678344727
11.10130786895752
11.041279792785645
10.993812561035156
10.914566993713379
10.843916893005371
10.784193992614746
10.676721572875977
10.634413719177246
3.2944700717926025
3.2933807373046875
3.291118860244751
3.288682222366333
3.2886829376220703
3.2923827171325684
3.291316270828247
3.2888927459716797
3.2918851375579834
3.2865653038024902
4.375157356262207
4.380393028259277
4.378142356872559
4.3762054443359375
4.377421855926514
4.369053363800049
4.374728679656982
4.379134654998779
4.377314567565918
4.372444152832031
3.8375697135925293
3.8354544639587402
3.834822416305542
3.8375461101531982
3.8374624252319336
3.8349175453186035
3.8395779132843018
3.835549831390381
3.838083505630493
3.836001396179199
10.781034469604492
10.723806381225586
10.710636138916016
10.732621192932129
10.744521141052246
10.70120620727539
10.730874061584473
10.679962158203125
10.644247055053711
10.676275253295898
4.649487018585205
4.699616432189941
4.622855186462402
4.589964866638184
4.585686683654785
4.544353485107422
4.519248008728027
4.505460739135742
4.438721656799316
4.476241111755371
21.628253936767578
21.410381317138672
21.194480895996094
21.09039306640625
20.874698638916016
20.78704833984375
20.72591781616211
20.567014694213867
20.36084747314453
20.273624420166016
2.2054331302642822
2.202681303024292
2.1880342960357666
2.1726365089416504
2.177717685699463
2.159862995147705
2.1604299545288086
2.177905321121216
2.165601968765259
2.142864227294922
9.809338569641113
9.781739234924316
9.66153621673584
9.70175552368164
9.719852447509766
9.651816368103027
9.608424186706543
9.54551887512207
9.487455368041992
9.527851104736328
4.134846210479736
4.105710029602051
4.12939977645874
4.107627868652344
4.081637859344482
4.096958160400391
4.08035135269165
4.0887980461120605
4.06420373916626
4.0516839027404785
18.338886260986328
18.141254425048828
17.781383514404297
17.469594955444336
17.335657119750977
17.090696334838867
16.79046058654785
16.540494918823242
16.188077926635742
15.92576789855957
3.3348371982574463
3.3333420753479004
3.3332509994506836
3.3350327014923096
3.3352503776550293
3.3357136249542236
3.3349533081054688
3.3345377445220947
3.33418869972229
3.335300922393799
4.602789878845215
4.599745750427246
4.5966057777404785
4.59403133392334
4.600303649902344
4.595604419708252
4.602872848510742
4.598889350891113
4.597770690917969
4.596620082855225
2.9739320278167725
2.9743006229400635
2.9748098850250244
2.970165252685547
2.973600149154663
2.9756462574005127
2.9785473346710205
2.9696149826049805
2.9710233211517334
2.970231294631958
33.14788818359375
32.90284729003906
32.60483169555664
32.15657043457031
31.67986488342285
31.246654510498047
30.809049606323242
30.36396026611328
29.75025177001953
28.750608444213867
2.8257222175598145
2.826889753341675
2.8278729915618896
2.8195395469665527
2.8225104808807373
2.8216452598571777
2.8315799236297607
2.8260838985443115
2.8272173404693604
2.830268383026123
3.927818775177002
3.9304943084716797
3.92756986618042
3.9294021129608154
3.929002046585083
3.9275214672088623
3.9249932765960693
3.9263882637023926
3.929989814758301
3.9271037578582764
3.9805636405944824
3.90486478805542
3.9137611389160156
3.9005026817321777
3.8376686573028564
3.833430290222168
3.767052173614502
3.7534427642822266
3.7373769283294678
3.668001174926758
30.383506774902344
30.082895278930664
29.74953842163086
29.493879318237305
29.29322052001953
28.978954315185547
28.629276275634766
28.337989807128906
28.01386260986328
27.84830665588379
4.294796466827393
4.204619884490967
4.187755584716797
4.1838788986206055
4.083383560180664
4.070133209228516
4.080578327178955
4.038337707519531
3.9863839149475098
3.9560017585754395
12.946022033691406
12.824463844299316
12.64068603515625
12.426202774047852
12.276753425598145
12.155233383178711
11.916020393371582
11.86384105682373
11.798982620239258
11.59843635559082
3.46707820892334
3.480337381362915
3.4686038494110107
3.4611573219299316
3.4646143913269043
3.447506904602051
3.4497439861297607
3.441739797592163
3.4537394046783447
3.448486089706421
14.005598068237305
13.9352445602417
13.936493873596191
13.904300689697266
13.82421875
13.7841157913208
13.804461479187012
13.774173736572266
13.733749389648438
13.643367767333984
13.060919761657715
12.931461334228516
12.781805992126465
12.623316764831543
12.497346878051758
12.357136726379395
12.240814208984375
12.09335708618164
11.937509536743164
11.766963958740234
3.3240227699279785
3.322387456893921
3.3235960006713867
3.326402425765991
3.3226304054260254
3.3226633071899414
3.324486494064331
3.322176456451416
3.3242945671081543
3.32529354095459
3.797844171524048
3.7961971759796143
3.796319007873535
3.7963571548461914
3.7976458072662354
3.7970423698425293
3.7971858978271484
3.797488212585449
3.797107458114624
3.797297477722168
7.606808185577393
7.575728893280029
7.585389137268066
7.545492649078369
7.574122905731201
7.5870819091796875
7.567113399505615
7.552278518676758
7.552824020385742
7.554981708526611
3.410738945007324
3.410921812057495
3.4093027114868164
3.410600185394287
3.4109947681427
3.411586284637451
3.4116671085357666
3.4120285511016846
3.412792444229126
3.406341552734375
11.130667686462402
11.03586196899414
10.999436378479004
11.033082008361816
10.918143272399902
10.834415435791016
10.808443069458008
10.710573196411133
10.75076961517334
10.652565956115723
4.782460689544678
4.735900402069092
4.701608180999756
4.724769592285156
4.717716217041016
4.653363227844238
4.6721882820129395
4.618728160858154
4.591006278991699
4.6087493896484375
22.043073654174805
21.753368377685547
21.509563446044922
21.232152938842773
21.013757705688477
20.7885684967041
20.610044479370117
20.430376052856445
20.35689926147461
20.09333610534668
4.094841003417969
4.063003063201904
4.060136318206787
4.017419338226318
4.02118444442749
4.037110805511475
4.020081043243408
3.9884631633758545
3.9580001831054688
3.958813190460205
3.9532299041748047
3.9187207221984863
3.917348861694336
3.892432451248169
3.8639779090881348
3.8636436462402344
3.8638052940368652
3.8430655002593994
3.8134799003601074
3.816460609436035
40.17970275878906
39.45151901245117
38.76020812988281
38.43593215942383
37.920536041259766
37.55159378051758
37.0555534362793
36.61699676513672
36.286441802978516
35.80279541015625
2.8992810249328613
2.868645191192627
2.8679025173187256
2.8642992973327637
2.8477916717529297
2.7945759296417236
2.8044674396514893
2.813427448272705
2.7807579040527344
2.780505657196045
3.7383086681365967
3.738579511642456
3.7385716438293457
3.7375755310058594
3.738438606262207
3.7382476329803467
3.7387847900390625
3.7375171184539795
3.737060308456421
3.7376527786254883
4.340553283691406
4.340553283691406
4.340553283691406
4.340553283691406
4.340553283691406
4.340553283691406
4.340553283691406
4.340553283691406
4.340553283691406
4.340553283691406
3.8676743507385254
3.867715835571289
3.8676915168762207
3.867630958557129
3.8677124977111816
3.8676600456237793
3.867762565612793
3.867654800415039
3.8676438331604004
3.8676767349243164
4.019847393035889
4.02046537399292
4.019842624664307
4.020040512084961
4.01982307434082
4.018989086151123
4.019632816314697
4.020613670349121
4.019781112670898
4.020023345947266
3.6658518314361572
3.6645302772521973
3.66689395904541
3.6615548133850098
3.6625723838806152
3.662273645401001
3.6627745628356934
3.662755012512207
3.6627182960510254
3.660374641418457
4.334838390350342
4.333591461181641
4.33644437789917
4.334963798522949
4.333300590515137
4.330267906188965
4.331333160400391
4.333117485046387
4.330796718597412
4.332300186157227
3.9891557693481445
3.9766814708709717
3.886996269226074
3.9253742694854736
3.8863987922668457
3.901034116744995
3.8288118839263916
3.7837955951690674
3.8085479736328125
3.7534165382385254
28.696630477905273
28.352365493774414
27.71014404296875
27.4468994140625
26.88016128540039
26.581897735595703
26.25668716430664
25.848812103271484
25.425386428833008
25.231319427490234
3.0270843505859375
3.0186431407928467
3.023418664932251
3.0051867961883545
2.988546133041382
2.9753103256225586
2.9632675647735596
2.9660372734069824
2.933595657348633
2.973165988922119
1.9123525619506836
1.819223165512085
1.8122197389602661
1.8316318988800049
1.7950679063796997
1.74196195602417
1.7291760444641113
1.7026909589767456
1.6999539136886597
1.671215534210205
23.160795211791992
23.03330421447754
22.95119857788086
22.7642765045166
22.671245574951172
22.484899520874023
22.356000900268555
22.272966384887695
22.125612258911133
22.040874481201172
3.6679768562316895
3.671783685684204
3.6560561656951904
3.664828300476074
3.6572515964508057
3.661208391189575
3.651968479156494
3.6415998935699463
3.6451785564422607
3.64495587348938
2.881291389465332
2.880146026611328
2.880666971206665
2.8811893463134766
2.880739688873291
2.8850860595703125
2.8802881240844727
2.8807356357574463
2.8788723945617676
2.878361701965332
4.239899158477783
4.243397235870361
4.239338397979736
4.235516548156738
4.242209434509277
4.241541862487793
4.2371602058410645
4.238473415374756
4.239736557006836
4.240758419036865
1.9917454719543457
1.9820829629898071
1.9758301973342896
1.9806119203567505
1.9818086624145508
1.987557053565979
1.9687795639038086
1.9663043022155762
1.9644243717193604
1.971206784248352
4.006784915924072
4.0094499588012695
4.00764799118042
4.009877681732178
4.006012439727783
4.010720729827881
4.0050740242004395
4.008305072784424
4.005843639373779
4.004111289978027
5.183697700500488
5.157660961151123
5.1618218421936035
5.139255523681641
5.1325788497924805
5.1302409172058105
5.136388778686523
5.135550498962402
5.118608474731445
5.119921684265137
3.2103757858276367
3.214553117752075
3.211322784423828
3.2100489139556885
3.209601402282715
3.210209369659424
3.2104344367980957
3.20965838432312
3.210304021835327
3.209576368331909
3.9931156635284424
3.9701008796691895
3.9254415035247803
3.9362659454345703
3.815918445587158
3.719160318374634
3.7602267265319824
3.7446630001068115
3.709333896636963
3.6405365467071533
21.89018440246582
21.960859298706055
21.823379516601562
21.70973014831543
21.65628433227539
21.567771911621094
21.389448165893555
21.410966873168945
21.35738754272461
21.190967559814453
4.321502208709717
4.3124213218688965
4.327871322631836
4.293571472167969
4.282288551330566
4.274265289306641
4.280296325683594
4.284985542297363
4.264235973358154
4.233992099761963
4.823372840881348
4.852943420410156
4.772691249847412
4.77416467666626
4.763639450073242
4.728463172912598
4.700629234313965
4.653806686401367
4.653796672821045
4.631237030029297
12.418143272399902
12.266128540039062
12.112547874450684
11.860589027404785
11.854389190673828
11.696188926696777
11.552024841308594
11.387895584106445
11.275869369506836
11.033676147460938
1.1751521825790405
1.1508347988128662
1.1665904521942139
1.130176305770874
1.1117645502090454
1.0904799699783325
1.0737537145614624
1.0764758586883545
1.0525743961334229
1.055029273033142
3.365311622619629
3.35996675491333
3.3658998012542725
3.3671672344207764
3.367049217224121
3.3680973052978516
3.3649041652679443
3.3637688159942627
3.3677456378936768
3.36389422416687
19.767311096191406
19.680816650390625
19.602188110351562
19.5808162689209
19.51895523071289
19.442317962646484
19.223773956298828
19.013031005859375
19.07191276550293
19.085325241088867
3.5663669109344482
3.5670526027679443
3.566206455230713
3.566131114959717
3.5659613609313965
3.566685199737549
3.567194938659668
3.5661098957061768
3.5662553310394287
3.5658657550811768
4.300579071044922
4.299982070922852
4.300739288330078
4.302565574645996
4.301825046539307
4.299243450164795
4.300979137420654
4.3010993003845215
4.301011085510254
4.299960613250732
2.925973653793335
2.922842264175415
2.918816566467285
2.9236276149749756
2.924187421798706
2.9226388931274414
2.9172372817993164
2.9208827018737793
2.92181658744812
2.925872802734375
6.727673530578613
6.716294288635254
6.722736835479736
6.724155426025391
6.721099853515625
6.70322847366333
6.703640937805176
6.6879730224609375
6.689483165740967
6.671329021453857
2.5454726219177246
2.471900701522827
2.487447500228882
2.4866068363189697
2.4443531036376953
2.4332363605499268
2.411787986755371
2.376255750656128
2.369250774383545
2.3593621253967285
13.691600799560547
13.596780776977539
13.30722427368164
13.090134620666504
12.89075756072998
12.742701530456543
12.469300270080566
12.277664184570312
12.229757308959961
12.076639175415039
3.494760751724243
3.4828221797943115
3.4609427452087402
3.490264654159546
3.470289707183838
3.4877283573150635
3.4651663303375244
3.4644975662231445
3.4414169788360596
3.4531214237213135
3.3608667850494385
3.3377861976623535
3.330495834350586
3.3258395195007324
3.287424087524414
3.271620750427246
3.2360928058624268
3.264042615890503
3.2515370845794678
3.2516350746154785
39.09540939331055
38.390262603759766
37.80051040649414
37.14602279663086
36.7021598815918
36.301109313964844
35.94550704956055
35.53981399536133
35.06455612182617
34.76729965209961
3.2786967754364014
3.2602994441986084
3.2648627758026123
3.2736048698425293
3.256044387817383
3.2624661922454834
3.2550623416900635
3.261213541030884
3.2461719512939453
3.2411112785339355
3.4473373889923096
3.4526731967926025
3.4504733085632324
3.45414662361145
3.451894760131836
3.4529190063476562
3.453569173812866
3.4507596492767334
3.4555492401123047
3.4504246711730957
12.105104446411133
11.881498336791992
11.594131469726562
11.27365779876709
11.058364868164062
10.769689559936523
10.4531888961792
10.202845573425293
10.006002426147461
9.811351776123047
2.0554561614990234
2.0439512729644775
2.029330015182495
2.026811122894287
2.0366361141204834
2.030139684677124
2.0173838138580322
2.022491931915283
2.0174946784973145
2.011472463607788
3.904613733291626
3.9205663204193115
3.884218454360962
3.8808047771453857
3.8705313205718994
3.871826410293579
3.859297513961792
3.8547158241271973
3.8455843925476074
3.8344669342041016
15.973416328430176
15.471969604492188
15.009815216064453
14.716925621032715
14.03084945678711
13.621776580810547
13.070281028747559
12.552248001098633
11.775168418884277
11.244296073913574
2.958395004272461
2.977477788925171
2.9650256633758545
2.9610402584075928
2.961110830307007
2.951791286468506
2.959977865219116
2.9538066387176514
2.952904462814331
2.965794801712036
3.9307727813720703
3.8757224082946777
3.83733868598938
3.843487501144409
3.8071823120117188
3.782921075820923
3.748201608657837
3.7220799922943115
3.691573143005371
3.677694320678711
14.621719360351562
14.447725296020508
14.49666976928711
14.340686798095703
14.25976276397705
14.125687599182129
13.989897727966309
13.86430549621582
13.844444274902344
13.797697067260742
4.949371337890625
4.900573253631592
4.912721633911133
4.886621475219727
4.900699615478516
4.886500835418701
4.893959999084473
4.8659892082214355
4.8287858963012695
4.819267272949219
3.3582894802093506
3.333400011062622
3.3571081161499023
3.3421313762664795
3.2866978645324707
3.3194844722747803
3.308809757232666
3.296257257461548
3.305847406387329
3.3154783248901367
38.66465377807617
37.962032318115234
37.084815979003906
36.2147216796875
35.39530944824219
34.6242561340332
33.602699279785156
32.72487258911133
31.608612060546875
30.926719665527344
3.81709885597229
3.8085036277770996
3.8132669925689697
3.7800278663635254
3.7872846126556396
3.760982036590576
3.766559600830078
3.784113645553589
3.7868235111236572
3.7680554389953613
3.732593297958374
3.7325780391693115
3.732734441757202
3.733607053756714
3.7330551147460938
3.7323379516601562
3.731426239013672
3.7343175411224365
3.731114625930786
3.7329747676849365
4.291754245758057
4.291022777557373
4.291470527648926
4.2918314933776855
4.291396141052246
4.291421890258789
4.292208671569824
4.291751861572266
4.290260314941406
4.291866302490234
3.905616283416748
3.9066059589385986
3.9059855937957764
3.9057600498199463
3.906222343444824
3.9045844078063965
3.9063844680786133
3.9047038555145264
3.904695749282837
3.9056060314178467
4.683827877044678
4.681912422180176
4.680277347564697
4.683292865753174
4.676544666290283
4.680122375488281
4.679596424102783
4.682460308074951
4.676401615142822
4.678016185760498
3.3370864391326904
3.3365135192871094
3.336684465408325
3.336376667022705
3.3373770713806152
3.3361637592315674
3.337608575820923
3.3356223106384277
3.334312677383423
3.336656093597412
5.715627670288086
5.717693328857422
5.707376480102539
5.710764408111572
5.708099365234375
5.701883316040039
5.705440521240234
5.70422887802124
5.699793338775635
5.698923110961914
4.040704727172852
4.009514808654785
4.0165228843688965
4.007210731506348
4.003991603851318
3.986203670501709
3.951241970062256
3.935990333557129
3.932431697845459
3.879467487335205
35.31185531616211
34.871971130371094
34.502601623535156
34.257232666015625
33.85853958129883
33.60189437866211
33.34364318847656
33.14207077026367
32.88972091674805
32.68004608154297
5.411675453186035
5.422957420349121
5.383270740509033
5.3661322593688965
5.380328178405762
5.316855430603027
5.319703578948975
5.296074390411377
5.2925801277160645
5.293431758880615
7.471419811248779
7.402489185333252
7.352910041809082
7.341963291168213
7.295405387878418
7.270359039306641
7.261908054351807
7.2536540031433105
7.19587516784668
7.141873359680176
2.763495683670044
2.773651599884033
2.7582244873046875
2.7560205459594727
2.7456047534942627
2.756312847137451
2.7463998794555664
2.7076292037963867
2.6838467121124268
2.6676056385040283
6.719391822814941
6.6904754638671875
6.696903705596924
6.661487579345703
6.668426513671875
6.656316757202148
6.639228343963623
6.647174835205078
6.5976386070251465
6.612094402313232
2.6052908897399902
2.5953543186187744
2.594320774078369
2.5869314670562744
2.5942230224609375
2.58412504196167
2.5870649814605713
2.5793869495391846
2.5963170528411865
2.5826659202575684
15.44364070892334
15.289422035217285
15.207368850708008
15.04749870300293
14.900992393493652
14.802026748657227
14.645339012145996
14.446358680725098
14.255831718444824
14.112944602966309
3.374502420425415
3.3743813037872314
3.3738558292388916
3.375552177429199
3.3757758140563965
3.3753955364227295
3.372690439224243
3.374951124191284
3.372779130935669
3.3737239837646484
5.9487996101379395
5.924679756164551
5.947091579437256
5.937108993530273
5.925421237945557
5.92579984664917
5.921274185180664
5.920419216156006
5.906032085418701
5.9032182693481445
3.039092779159546
3.0489537715911865
3.0508642196655273
3.0399694442749023
3.0246787071228027
3.0299227237701416
3.0278096199035645
3.0228536128997803
3.0188894271850586
3.013418436050415
12.326661109924316
12.224896430969238
12.101851463317871
11.852721214294434
11.650830268859863
11.63850212097168
11.463370323181152
11.21252155303955
11.0078125
10.799327850341797
4.717193603515625
4.670717239379883
4.685980796813965
4.598302364349365
4.602555274963379
4.619713306427002
4.608616352081299
4.5555243492126465
4.530107498168945
4.49493932723999
32.426883697509766
32.016658782958984
31.52054786682129
31.118545532226562
30.851627349853516
30.38234519958496
30.16702651977539
29.98659896850586
29.667577743530273
29.464601516723633
3.9247195720672607
3.8597822189331055
3.8815219402313232
3.8154807090759277
3.8027496337890625
3.7967662811279297
3.678576707839966
3.6937239170074463
3.6755013465881348
3.636518955230713
6.0079851150512695
5.954331874847412
5.947874069213867
5.841973304748535
5.829198360443115
5.800055027008057
5.743585109710693
5.710698127746582
5.690166473388672
5.639913558959961
2.7235970497131348
2.7570369243621826
2.7112607955932617
2.639881134033203
2.6533567905426025
2.593615770339966
2.569849729537964
2.572737693786621
2.5735044479370117
2.5565409660339355
7.632509231567383
7.614078044891357
7.584658622741699
7.542559623718262
7.536374568939209
7.480511665344238
7.464742660522461
7.426496982574463
7.3859028816223145
7.35445499420166
3.1792614459991455
3.177672863006592
3.178276777267456
3.1822707653045654
3.180215835571289
3.1783394813537598
3.1744394302368164
3.1797194480895996
3.179172992706299
3.1810081005096436
3.7350573539733887
3.7346363067626953
3.7368664741516113
3.7334601879119873
3.735875368118286
3.7362024784088135
3.733642101287842
3.733475685119629
3.7349181175231934
3.734619140625
7.171034336090088
7.181832790374756
7.163482666015625
7.1510114669799805
7.129726409912109
7.150139808654785
7.14567756652832
7.141547679901123
7.124802112579346
7.1104583740234375
3.4844465255737305
3.4846982955932617
3.480076789855957
3.481083869934082
3.4822425842285156
3.4835867881774902
3.482647657394409
3.4809017181396484
3.482496500015259
3.4823825359344482
3.8142333030700684
3.809499740600586
3.8061470985412598
3.802326202392578
3.801772117614746
3.794668436050415
3.798306703567505
3.7962300777435303
3.7929325103759766
3.7920074462890625
3.5548369884490967
3.5366082191467285
3.535501718521118
3.5248398780822754
3.4992358684539795
3.500786542892456
3.4938859939575195
3.4824883937835693
3.4711451530456543
3.4638967514038086
3.7838938236236572
3.749382495880127
3.7574005126953125
3.7373576164245605
3.6754941940307617
3.7004027366638184
3.6649551391601562
3.647566318511963
3.5827929973602295
3.6374874114990234
25.56974983215332
25.402753829956055
25.16953468322754
25.0271053314209
24.811779022216797
24.58930206298828
24.50325584411621
24.393077850341797
24.16386604309082
24.057186126708984
2.353346109390259
2.341465950012207
2.341794729232788
2.336728096008301
2.2992687225341797
2.306703805923462
2.3352222442626953
2.2737717628479004
2.254970073699951
2.274446964263916
3.793548107147217
3.808094024658203
3.745224714279175
3.7667620182037354
3.762361764907837
3.718079090118408
3.725320816040039
3.678131580352783
3.6815690994262695
3.6637656688690186
23.389522552490234
23.172321319580078
23.26008415222168
22.922744750976562
22.888633728027344
22.6269474029541
22.49109649658203
22.30006980895996
22.01927375793457
21.820398330688477
10.084376335144043
9.998602867126465
9.988648414611816
9.855141639709473
9.82974624633789
9.750874519348145
9.663487434387207
9.592409133911133
9.558770179748535
9.50849437713623
4.558732509613037
4.512631416320801
4.496220111846924
4.511922359466553
4.482941627502441
4.474700927734375
4.446080684661865
4.431478500366211
4.4433393478393555
4.421672344207764
3.2652931213378906
3.266970634460449
3.265803575515747
3.2670583724975586
3.2668261528015137
3.2634754180908203
3.263010263442993
3.2662341594696045
3.263563871383667
3.2632534503936768
8.280803680419922
8.29593276977539
8.25875473022461
8.285387992858887
8.27582836151123
8.242863655090332
8.25422477722168
8.25625991821289
8.230584144592285
8.23886775970459
3.7070703506469727
3.6997885704040527
3.6924257278442383
3.6936895847320557
3.6954569816589355
3.696744918823242
3.689063787460327
3.6961135864257812
3.6873695850372314
3.699815273284912
20.215229034423828
20.094999313354492
19.98729133605957
19.894376754760742
19.78192901611328
19.548967361450195
19.459728240966797
19.29099464416504
19.16132164001465
19.113636016845703
3.357196569442749
3.357194662094116
3.357492446899414
3.3564393520355225
3.358227014541626
3.3580493927001953
3.356778383255005
3.357138156890869
3.354802370071411
3.357938528060913
3.2091565132141113
3.1532938480377197
3.1551477909088135
3.130279302597046
3.139052629470825
3.1202709674835205
3.1171765327453613
3.1137893199920654
3.061526298522949
3.078362226486206
41.43923568725586
41.20182800292969
40.5606689453125
40.04357147216797
39.70226287841797
39.18122863769531
38.803199768066406
38.51207733154297
38.18046188354492
37.81560516357422
4.809355735778809
4.811222076416016
4.768594741821289
4.781720161437988
4.768697261810303
4.740351676940918
4.7092084884643555
4.719381809234619
4.678796768188477
4.682130336761475
5.231109619140625
5.246832847595215
5.205271244049072
5.200465679168701
5.167811393737793
5.142516136169434
5.1319990158081055
5.128157615661621
5.119480133056641
5.117020130157471
2.876096725463867
2.8764219284057617
2.865755081176758
2.8750712871551514
2.87575101852417
2.8599348068237305
2.863569736480713
2.851388931274414
2.852560520172119
2.838921070098877
5.954690933227539
5.93467378616333
5.859817981719971
5.826958179473877
5.770141124725342
5.707589626312256
5.652561664581299
5.597647190093994
5.55757999420166
5.516399383544922
6.958972454071045
6.94933557510376
6.922347068786621
6.905420303344727
6.886485576629639
6.895730972290039
6.8572845458984375
6.851512432098389
6.837473392486572
6.817985534667969
3.5010132789611816
3.4973156452178955
3.499873161315918
3.502795934677124
3.5012688636779785
3.4979052543640137
3.501095771789551
3.4938416481018066
3.498414993286133
3.504359245300293
4.957073211669922
4.948450088500977
4.9531168937683105
4.956689357757568
4.933894634246826
4.921724796295166
4.922047138214111
4.902344703674316
4.906942844390869
4.88129186630249
3.1124048233032227
3.1156985759735107
3.111942768096924
3.109283685684204
3.112118721008301
3.1126978397369385
3.112795829772949
3.1130716800689697
3.1136131286621094
3.112004280090332
3.8363869190216064
3.838698148727417
3.834523916244507
3.840892791748047
3.8363759517669678
3.837653636932373
3.832658052444458
3.837904453277588
3.8354086875915527
3.838639974594116
3.2284939289093018
3.228102445602417
3.212550640106201
3.2167062759399414
3.2013659477233887
3.1877825260162354
3.1857848167419434
3.1729631423950195
3.1639785766601562
3.1633048057556152
2.321101665496826
2.299590826034546
2.299652576446533
2.2331478595733643
2.221796751022339
2.2193031311035156
2.2010884284973145
2.1902756690979004
2.119234561920166
2.127206325531006
23.93489646911621
23.685302734375
23.43889617919922
23.272720336914062
23.102617263793945
23.028060913085938
22.84406280517578
22.691335678100586
22.40949249267578
22.35674476623535
4.706123352050781
4.710538864135742
4.666376113891602
4.704204559326172
4.679102897644043
4.654770374298096
4.643643379211426
4.649468898773193
4.664019584655762
4.604227066040039
9.237865447998047
9.241888046264648
9.234301567077637
9.141287803649902
9.159246444702148
9.115777969360352
9.050150871276855
9.022736549377441
8.999670028686523
8.955445289611816
2.977931022644043
2.9850289821624756
2.982020854949951
2.975839614868164
2.9735617637634277
2.9642906188964844
2.971841812133789
2.976553201675415
2.9638278484344482
2.9626402854919434
3.8145787715911865
3.807976245880127
3.817397356033325
3.8068485260009766
3.802402973175049
3.8043408393859863
3.800290107727051
3.7909741401672363
3.7965314388275146
3.7973318099975586
10.092607498168945
10.054581642150879
9.976537704467773
9.913782119750977
9.838714599609375
9.773366928100586
9.747770309448242
9.663724899291992
9.602810859680176
9.576162338256836
3.727931022644043
3.7273921966552734
3.7275936603546143
3.7256336212158203
3.7271828651428223
3.72733998298645
3.7282261848449707
3.727069139480591
3.7246744632720947
3.7263846397399902
4.799254894256592
4.796388626098633
4.795811176300049
4.7939229011535645
4.7988176345825195
4.792954444885254
4.794976234436035
4.79746150970459
4.799439907073975
4.794634819030762
3.4647538661956787
3.468324899673462
3.4743223190307617
3.474323034286499
3.4751434326171875
3.4657816886901855
3.465974807739258
3.467895030975342
3.465482711791992
3.475877046585083
15.539961814880371
15.421242713928223
15.244440078735352
15.142751693725586
15.045758247375488
14.835412979125977
14.837623596191406
14.623327255249023
14.605384826660156
14.481398582458496
3.5508296489715576
3.5506975650787354
3.5506248474121094
3.550279378890991
3.5500130653381348
3.549821138381958
3.551354169845581
3.5525691509246826
3.5519895553588867
3.550614356994629
5.887646675109863
5.890623092651367
5.880462646484375
5.8425726890563965
5.8469390869140625
5.818663120269775
5.809192180633545
5.830295085906982
5.788508415222168
5.7960968017578125
29.9472599029541
29.65156364440918
29.38401985168457
29.308582305908203
29.029878616333008
28.80559730529785
28.535202026367188
28.343685150146484
28.168062210083008
28.042221069335938
3.196338653564453
3.194434642791748
3.197064161300659
3.200364589691162
3.193765163421631
3.181262493133545
3.169349193572998
3.1795692443847656
3.1795244216918945
3.1669580936431885
5.1632914543151855
5.149054050445557
5.126036643981934
5.11274528503418
5.1152167320251465
5.132074356079102
5.092976093292236
5.085479736328125
5.077128887176514
5.068329811096191
4.14229154586792
4.12475061416626
4.092799186706543
4.0624799728393555
4.07267427444458
4.056765556335449
4.061295509338379
4.027181625366211
4.0466766357421875
4.023133754730225
3.489344358444214
3.4818804264068604
3.4843716621398926
3.4723615646362305
3.477193593978882
3.460559606552124
3.4786863327026367
3.457465171813965
3.4514925479888916
3.4503421783447266
5.764163970947266
5.759376049041748
5.747265815734863
5.750635147094727
5.748884677886963
5.738825798034668
5.741720676422119
5.734652519226074
5.7399139404296875
5.7266387939453125
3.6487112045288086
3.647454023361206
3.6505022048950195
3.6494929790496826
3.650056838989258
3.648801326751709
3.649968385696411
3.64819598197937
3.651515483856201
3.649096727371216
4.979609966278076
4.981638431549072
4.9753570556640625
4.976269721984863
4.9785380363464355
4.9743194580078125
4.973735809326172
4.963321208953857
4.970071792602539
4.972171783447266
2.7740933895111084
2.7775115966796875
2.7812604904174805
2.778034210205078
2.7720589637756348
2.7707066535949707
2.7737393379211426
2.777113676071167
2.774752616882324
2.7743685245513916
3.7329373359680176
3.733194589614868
3.7315115928649902
3.7324163913726807
3.7330398559570312
3.7335824966430664
3.732560157775879
3.7341830730438232
3.7314929962158203
3.7317001819610596
6.504737854003906
6.487315654754639
6.456672668457031
6.448202610015869
6.4446306228637695
6.418018341064453
6.391986846923828
6.380887031555176
6.340001583099365
6.3303093910217285
4.0852532386779785
3.98394513130188
3.968531847000122
3.957763671875
3.9459362030029297
3.936357021331787
3.8423609733581543
3.882641077041626
3.8558709621429443
3.83128023147583
27.55809211730957
27.248689651489258
27.041738510131836
26.905517578125
26.648395538330078
26.50806999206543
26.30581283569336
26.155746459960938
26.047250747680664
25.86839485168457
2.052239418029785
2.040557861328125
2.054347276687622
2.0508103370666504
2.034085988998413
2.0380454063415527
2.0273120403289795
2.037867546081543
2.020238161087036
2.0026004314422607
4.1353044509887695
4.108261585235596
4.119396209716797
4.10584020614624
4.113729000091553
4.097105503082275
4.100131511688232
4.094244480133057
4.0936665534973145
4.093272686004639
40.27165985107422
39.937320709228516
39.97366714477539
39.83155059814453
39.63136291503906
39.51393127441406
39.39500427246094
39.26194763183594
39.067020416259766
38.91759490966797
3.491919755935669
3.465047597885132
3.455521821975708
3.4510347843170166
3.448209762573242
3.445305347442627
3.42617130279541
3.4138004779815674
3.4118006229400635
3.4041521549224854
3.0851619243621826
3.079989194869995
3.0817227363586426
3.0792782306671143
3.084047555923462
3.0781450271606445
3.0873894691467285
3.0782008171081543
3.079293727874756
3.0787603855133057
3.8159704208374023
3.815234661102295
3.8163695335388184
3.8173093795776367
3.81575345993042
3.8167989253997803
3.8158106803894043
3.817154884338379
3.814695358276367
3.8142623901367188
4.3646392822265625
4.373183727264404
4.364138126373291
4.3633575439453125
4.3659892082214355
4.366092681884766
4.359981060028076
4.36254358291626
4.361831188201904
4.366840362548828
3.283704996109009
3.2863869667053223
3.283001184463501
3.2851970195770264
3.283709764480591
3.285904884338379
3.2842965126037598
3.2829604148864746
3.2829790115356445
3.2828762531280518
6.428972244262695
6.418032169342041
6.4233012199401855
6.403570175170898
6.406287670135498
6.389667510986328
6.392856121063232
6.381651401519775
6.376467227935791
6.361061096191406
3.4885239601135254
3.4951469898223877
3.4933884143829346
3.4885501861572266
3.4927635192871094
3.4926626682281494
3.4895107746124268
3.4917190074920654
3.489621639251709
3.4922680854797363
4.665618896484375
4.647464752197266
4.587879180908203
4.594029903411865
4.606680870056152
4.574868202209473
4.578418731689453
4.518743991851807
4.582221508026123
4.509077548980713
16.912940979003906
16.856361389160156
16.739974975585938
16.673297882080078
16.519973754882812
16.375490188598633
16.332456588745117
16.270112991333008
16.181161880493164
16.117582321166992
3.5814602375030518
3.540729284286499
3.534029245376587
3.5341970920562744
3.5117440223693848
3.4676425457000732
3.439291000366211
3.466332197189331
3.4318106174468994
3.4571878910064697
8.007752418518066
7.935792922973633
7.811528205871582
7.649970054626465
7.531676769256592
7.512162685394287
7.4266533851623535
7.2713398933410645
7.155824184417725
7.088685035705566
2.2580039501190186
2.307246208190918
2.2405645847320557
2.232497215270996
2.2751593589782715
2.217615842819214
2.195620059967041
2.1912829875946045
2.1685047149658203
2.1870527267456055
3.9467267990112305
3.951387405395508
3.947044849395752
3.94229793548584
3.9404547214508057
3.9347620010375977
3.9383039474487305
3.9391210079193115
3.9314699172973633
3.9428272247314453
