4.237472057342529
4.219699382781982
4.237641334533691
4.207138538360596
4.180343151092529
4.178501605987549
4.167738437652588
4.1900129318237305
4.240746974945068
4.223247528076172
77.26809692382812
75.54837036132812
74.54573059082031
73.4448013305664
72.8773193359375
72.29533386230469
71.2529525756836
70.43362426757812
69.54660034179688
68.83110809326172
3.817692995071411
3.8076095581054688
3.8192954063415527
3.824960470199585
3.8102691173553467
3.807020664215088
3.8070716857910156
3.8026742935180664
3.808919906616211
3.814988374710083
21.047792434692383
20.678800582885742
20.666170120239258
20.503185272216797
20.21097183227539
20.13178062438965
20.059059143066406
19.812347412109375
19.701866149902344
19.57708168029785
3.0734925270080566
3.061171054840088
3.065725564956665
3.0818374156951904
3.069077491760254
3.0600059032440186
3.0653562545776367
3.0757763385772705
3.0708372592926025
3.068481683731079
4.093803405761719
4.086743354797363
4.08981466293335
4.086772918701172
4.088228225708008
4.090072154998779
4.071551322937012
4.076598644256592
4.072550296783447
4.086793899536133
5.492077827453613
5.402595520019531
5.274482250213623
5.215066909790039
5.061856746673584
4.905826091766357
4.678415298461914
4.63367223739624
4.722606182098389
4.487882614135742
37.67593765258789
37.08677673339844
36.48660659790039
35.81560516357422
35.638824462890625
34.99968338012695
34.680850982666016
34.5665397644043
34.150604248046875
34.321468353271484
4.541463375091553
4.425590515136719
4.469676494598389
4.463192462921143
4.509063243865967
4.375462532043457
4.347971439361572
4.250311851501465
4.236059188842773
4.262173175811768
39.03571701049805
38.33329772949219
37.80127716064453
37.574493408203125
37.185523986816406
36.466102600097656
36.322330474853516
36.25425720214844
35.58747100830078
35.500282287597656
4.577828407287598
4.563394546508789
4.5313310623168945
4.520498752593994
4.510786533355713
4.52440071105957
4.494952201843262
4.487799167633057
4.486804008483887
4.4816131591796875
9.39193344116211
9.440498352050781
9.439068794250488
9.326491355895996
9.265871047973633
9.168075561523438
9.113771438598633
9.119513511657715
9.10091781616211
8.964200973510742
