4.237472057342529
4.219699382781982
4.237641334533691
4.207138538360596
4.180343151092529
4.178501605987549
4.167738437652588
4.1900129318237305
4.240746974945068
4.223247528076172
77.26809692382812
75.54837036132812
74.54573059082031
73.4448013305664
72.8773193359375
72.29533386230469
71.2529525756836
70.43362426757812
69.54660034179688
68.83110809326172
3.817692995071411
3.8076095581054688
3.8192954063415527
3.824960470199585
3.8102691173553467
3.807020664215088
3.8070716857910156
3.8026742935180664
3.808919906616211
3.814988374710083
21.047792434692383
20.678800582885742
20.666170120239258
20.503185272216797
20.21097183227539
20.13178062438965
20.059059143066406
19.812347412109375
19.701866149902344
19.57708168029785
3.0734925270080566
3.061171054840088
3.065725564956665
3.0818374156951904
3.069077491760254
3.0600059032440186
3.0653562545776367
3.0757763385772705
3.0708372592926025
3.068481683731079
4.093803405761719
4.086743354797363
4.08981466293335
4.086772918701172
4.088228225708008
4.090072154998779
4.071551322937012
4.076598644256592
4.072550296783447
4.086793899536133
5.492077827453613
5.402595520019531
5.274482250213623
5.215066909790039
5.061856746673584
4.905826091766357
4.678415298461914
4.63367223739624
4.722606182098389
4.487882614135742
37.67593765258789
37.08677673339844
36.48660659790039
35.81560516357422
35.638824462890625
34.99968338012695
34.680850982666016
34.5665397644043
34.150604248046875
34.321468353271484
4.541463375091553
4.425590515136719
4.469676494598389
4.463192462921143
4.509063243865967
4.375462532043457
4.347971439361572
4.250311851501465
4.236059188842773
4.262173175811768
39.03571701049805
38.33329772949219
37.80127716064453
37.574493408203125
37.185523986816406
36.466102600097656
36.322330474853516
36.25425720214844
35.58747100830078
35.500282287597656
4.577828407287598
4.563394546508789
4.5313310623168945
4.520498752593994
4.510786533355713
4.52440071105957
4.494952201843262
4.487799167633057
4.486804008483887
4.4816131591796875
9.39193344116211
9.440498352050781
9.439068794250488
9.326491355895996
9.265871047973633
9.168075561523438
9.113771438598633
9.119513511657715
9.10091781616211
8.964200973510742
97.49820709228516
96.45619201660156
94.8555679321289
92.91259002685547
89.90202331542969
85.46917724609375
80.5436782836914
73.39083862304688
63.218406677246094
53.0866813659668
2.2448182106018066
2.2294695377349854
2.2286622524261475
2.226459503173828
2.218252658843994
2.2293434143066406
2.221906900405884
2.209749698638916
2.22405743598938
2.2053020000457764
40.434043884277344
40.28779220581055
40.090240478515625
39.768310546875
39.53627395629883
39.26502990722656
39.07827377319336
38.91724395751953
38.7124137878418
38.52983474731445
13.38222885131836
11.72619342803955
9.915010452270508
7.139637470245361
4.573503494262695
3.440828800201416
3.2406532764434814
3.1932907104492188
3.267430067062378
3.2103464603424072
44.642276763916016
44.10648727416992
43.62145233154297
42.84270095825195
41.82864761352539
40.74359130859375
39.2645378112793
37.685054779052734
35.74544906616211
33.96287536621094
3.54913067817688
3.543875217437744
3.5488357543945312
3.546231508255005
3.538163185119629
3.5320844650268555
3.54019832611084
3.53108811378479
3.5271148681640625
3.5298385620117188
4.464390277862549
4.438725471496582
4.458625316619873
4.377808570861816
4.367051601409912
4.363619804382324
4.321067810058594
4.262222766876221
4.250736236572266
4.231884479522705
41.58259582519531
40.76121520996094
40.18388748168945
39.03251647949219
38.37822341918945
37.95335006713867
37.115943908691406
36.582557678222656
35.754539489746094
35.47753143310547
3.9180877208709717
3.8739700317382812
3.7865149974823
3.785727024078369
3.733468770980835
3.7440032958984375
3.6861212253570557
3.670889139175415
3.65838623046875
3.591830253601074
3.4776031970977783
3.451704502105713
3.466257333755493
3.4304771423339844
3.423926830291748
3.4132211208343506
3.3965179920196533
3.3840105533599854
3.3957080841064453
3.4197041988372803
8.525327682495117
8.38019847869873
8.357386589050293
8.121162414550781
8.012657165527344
7.88939905166626
7.675232410430908
7.438962936401367
7.233285903930664
7.139469146728516
22.210777282714844
21.964223861694336
21.845638275146484
21.447525024414062
21.323270797729492
21.007549285888672
20.779972076416016
20.649002075195312
20.350799560546875
20.202762603759766
5.059601306915283
5.018641948699951
4.940882682800293
4.873570442199707
4.84064245223999
4.72257137298584
4.7103471755981445
4.6296281814575195
4.5995049476623535
4.51601505279541
2.602005958557129
2.602693796157837
2.5765278339385986
2.5822367668151855
2.562236785888672
2.5532937049865723
2.5467944145202637
2.5505645275115967
2.5313968658447266
2.5401668548583984
9.384868621826172
9.365438461303711
9.206965446472168
9.24725341796875
9.18088150024414
9.061543464660645
9.047577857971191
8.976981163024902
8.93497371673584
8.903440475463867
3.8895511627197266
3.8878672122955322
3.8875579833984375
3.8887550830841064
3.8860971927642822
3.885892629623413
3.887219190597534
3.8883564472198486
3.8881359100341797
3.88499116897583
8.037906646728516
7.943404674530029
7.824717998504639
7.691321849822998
7.573724269866943
7.462580680847168
7.321481704711914
7.236031532287598
7.119297027587891
6.9807610511779785
4.005239009857178
4.006109237670898
4.005019664764404
4.005397319793701
4.006626605987549
4.007059574127197
4.005242347717285
4.006227016448975
4.005991458892822
4.005035400390625
3.090488910675049
3.008439540863037
3.002519130706787
3.0037336349487305
2.937195062637329
2.9723711013793945
2.934309482574463
2.9221317768096924
2.883404016494751
2.8546745777130127
46.47629928588867
45.956817626953125
45.492549896240234
44.87013244628906
44.39170455932617
43.82090377807617
43.53950119018555
43.124996185302734
42.622920989990234
42.19160842895508
3.2880547046661377
3.310800075531006
3.2806272506713867
3.2291600704193115
3.2075557708740234
3.1852030754089355
3.1792969703674316
3.1753971576690674
3.125782012939453
3.1753883361816406
9.032695770263672
9.017291069030762
8.985163688659668
8.899996757507324
8.904029846191406
8.884773254394531
8.894461631774902
8.789878845214844
8.749202728271484
8.745628356933594
3.3190910816192627
3.2899370193481445
3.2894651889801025
3.242921829223633
3.2397985458374023
3.261007308959961
3.250056028366089
3.227630853652954
3.202756643295288
3.196054458618164
11.426020622253418
11.342890739440918
11.36684799194336
11.188655853271484
11.157270431518555
11.14431381225586
11.090418815612793
11.008804321289062
10.999532699584961
10.852752685546875
4.485597610473633
4.490569591522217
4.483943939208984
4.483206272125244
4.4787774085998535
4.491349697113037
4.479367256164551
4.476523399353027
4.490181922912598
4.484714508056641
12.94397258758545
12.934085845947266
12.83393383026123
12.812954902648926
12.82590103149414
12.768169403076172
12.704887390136719
12.691095352172852
12.678370475769043
12.614810943603516
3.7432126998901367
3.743821144104004
3.7424936294555664
3.7433958053588867
3.740797281265259
3.7408461570739746
3.7412655353546143
3.741462230682373
3.7418246269226074
3.7379283905029297
3.9112751483917236
3.910707712173462
3.912100315093994
3.9118223190307617
3.9111430644989014
3.911548137664795
3.9110376834869385
3.9105215072631836
3.9120523929595947
3.9109861850738525
4.559313774108887
4.567546844482422
4.569512367248535
4.5704169273376465
4.569380760192871
4.569532871246338
4.567938804626465
4.568107604980469
4.560641288757324
4.559310436248779
2.723498821258545
2.7255916595458984
2.7305023670196533
2.722872018814087
2.724745035171509
2.7269041538238525
2.7195827960968018
2.7178266048431396
2.717822551727295
2.7169883251190186
3.917372703552246
3.827846050262451
3.812252998352051
3.774789810180664
3.7645299434661865
3.7233810424804688
3.7483389377593994
3.703677177429199
3.66320538520813
3.682526111602783
24.888376235961914
24.249465942382812
24.159700393676758
23.988393783569336
23.771718978881836
23.55205726623535
23.434165954589844
23.115337371826172
22.9512996673584
22.896230697631836
3.875572443008423
3.8570311069488525
3.827209234237671
3.8249173164367676
3.814952850341797
3.8176188468933105
3.797327995300293
3.7777113914489746
3.7800536155700684
3.7906265258789062
4.4679436683654785
4.474953651428223
4.441364765167236
4.4356689453125
4.419279098510742
4.421372413635254
4.384864807128906
4.3921427726745605
4.361556529998779
4.363857746124268
21.735881805419922
20.897281646728516
20.394771575927734
19.85235595703125
19.417007446289062
18.84316635131836
18.412019729614258
17.977344512939453
17.68931770324707
17.162477493286133
0.21595759689807892
0.21270957589149475
0.2082684189081192
0.2059280425310135
0.23492105305194855
0.2146858274936676
0.21758298575878143
0.22595715522766113
0.21489927172660828
0.2107071429491043
9.56924057006836
9.47655200958252
9.39539623260498
9.316311836242676
9.240123748779297
9.046809196472168
8.933354377746582
8.633764266967773
8.506004333496094
8.418265342712402
4.026153087615967
4.025631904602051
4.024385929107666
4.024930000305176
4.025460243225098
4.0250115394592285
4.0265398025512695
4.025477409362793
4.024999618530273
4.024425983428955
4.278237342834473
4.278194904327393
4.280442237854004
4.2789506912231445
4.27915620803833
4.279048442840576
4.279346466064453
4.279540061950684
4.279559135437012
4.2797322273254395
3.6936933994293213
3.691941976547241
3.6946053504943848
3.6939408779144287
3.692777633666992
3.6924333572387695
3.6915671825408936
3.6935582160949707
3.6916663646698
3.691720962524414
8.578140258789062
8.558451652526855
8.545164108276367
8.535042762756348
8.523619651794434
8.521177291870117
8.527178764343262
8.487677574157715
8.497615814208984
8.484130859375
2.8111300468444824
2.8135271072387695
2.8129279613494873
2.8129990100860596
2.8132896423339844
2.807988166809082
2.8087525367736816
2.8090155124664307
2.809547185897827
2.8102729320526123
5.781321048736572
5.775944709777832
5.757850170135498
5.740699768066406
5.669229984283447
5.64463472366333
5.63561487197876
5.6147332191467285
5.542803764343262
5.547659873962402
34.74971389770508
34.4552116394043
34.4455680847168
34.285133361816406
34.195980072021484
33.881649017333984
33.797698974609375
33.56385803222656
33.5440559387207
33.38774871826172
2.6395487785339355
2.632795572280884
2.6081016063690186
2.595233678817749
2.610149383544922
2.5984747409820557
2.6014108657836914
2.5838463306427
2.5892999172210693
2.572446584701538
25.127445220947266
24.867143630981445
24.349639892578125
24.39194679260254
23.994863510131836
23.830472946166992
23.671634674072266
23.31485939025879
23.094093322753906
22.591880798339844
4.5645270347595215
4.553788185119629
4.574743747711182
4.564040184020996
4.566402912139893
4.545684814453125
4.551742076873779
4.5588555335998535
4.549385070800781
4.541622638702393
11.427491188049316
11.350480079650879
11.307008743286133
11.137702941894531
11.06824779510498
10.963239669799805
10.804750442504883
10.788926124572754
10.763711929321289
10.62845516204834
3.7993857860565186
3.803232431411743
3.800455331802368
3.7981927394866943
3.7996087074279785
3.794524669647217
3.7997500896453857
3.800295352935791
3.796180248260498
3.79601788520813
15.952817916870117
15.017464637756348
13.663219451904297
12.186973571777344
10.478948593139648
9.007366180419922
7.769453048706055
6.499233245849609
5.547191619873047
4.908204078674316
3.3475265502929688
3.3472909927368164
3.3442885875701904
3.3500325679779053
3.346724271774292
3.345817804336548
3.3394060134887695
3.345303535461426
3.3455357551574707
3.344080686569214
3.949763059616089
3.9453516006469727
3.946817636489868
3.9468016624450684
3.947444438934326
3.9481027126312256
3.948269844055176
3.945340394973755
3.9457802772521973
3.948437213897705
4.2095489501953125
4.2073869705200195
4.203062057495117
4.201556205749512
4.197725772857666
4.201730728149414
4.189990043640137
4.192845821380615
4.195627212524414
4.20864200592041
3.5672597885131836
3.5707476139068604
3.566765785217285
3.5708014965057373
3.5657527446746826
3.5620176792144775
3.5639286041259766
3.568127393722534
3.565639019012451
3.562687873840332
5.206509590148926
5.091530799865723
5.1257405281066895
5.085954666137695
4.9894537925720215
5.010606288909912
4.929658889770508
4.868466854095459
4.828744888305664
4.7790913581848145
32.96699142456055
32.32722091674805
31.422330856323242
30.660770416259766
29.87550926208496
29.53056526184082
29.20033836364746
28.807510375976562
28.808969497680664
28.50246238708496
3.481881618499756
3.454962968826294
3.5183913707733154
3.4365358352661133
3.415215492248535
3.3968794345855713
3.4151992797851562
3.3793280124664307
3.415891408920288
3.3632540702819824
12.419283866882324
12.289692878723145
12.214717864990234
12.08883285522461
12.074366569519043
11.944037437438965
11.880288124084473
11.772527694702148
11.667156219482422
11.554831504821777
3.574786901473999
3.5914080142974854
3.5676097869873047
3.55726957321167
3.531724691390991
3.531618118286133
3.496027708053589
3.445965528488159
3.433570384979248
3.4318666458129883
4.9627299308776855
4.954758167266846
4.961406707763672
4.941652297973633
4.959017753601074
4.956453800201416
4.904317855834961
4.93201208114624
4.914986610412598
4.881782531738281
3.342228412628174
3.3390328884124756
3.3376429080963135
3.3379595279693604
3.337761402130127
3.341917037963867
3.335193395614624
3.3357090950012207
3.337216854095459
3.3362693786621094
9.527003288269043
9.532218933105469
9.49438190460205
9.510111808776855
9.464187622070312
9.46469497680664
9.407210350036621
9.426390647888184
9.360713958740234
9.32150936126709
3.6106464862823486
3.609114408493042
3.6089041233062744
3.6102848052978516
3.60908842086792
3.6106340885162354
3.6098411083221436
3.6101224422454834
3.6108670234680176
3.6096954345703125
2.4334187507629395
2.4373672008514404
2.437601089477539
2.4343724250793457
2.431577682495117
2.4292545318603516
2.4347565174102783
2.436732053756714
2.4323325157165527
2.426454782485962
6.750720977783203
6.738598823547363
6.71168851852417
6.707012176513672
6.714432239532471
6.697022914886475
6.696562767028809
6.7089128494262695
6.683411598205566
6.695669651031494
3.6316161155700684
3.628523349761963
3.6283154487609863
3.6268067359924316
3.6285135746002197
3.6289010047912598
3.626138925552368
3.6304726600646973
3.62673020362854
3.628876209259033
4.678298473358154
4.6143951416015625
4.571523666381836
4.565065383911133
4.473813533782959
4.500489711761475
4.483551025390625
4.438071250915527
4.452310085296631
4.354132175445557
35.05963134765625
34.67646026611328
33.98863983154297
33.48917770385742
32.930419921875
32.511905670166016
32.10868453979492
31.707704544067383
31.284889221191406
31.041034698486328
3.2039570808410645
3.1878435611724854
3.140019178390503
3.1592025756835938
3.129950523376465
3.137934684753418
3.1268579959869385
3.0931007862091064
3.0934133529663086
3.084998846054077
5.931302547454834
5.905080318450928
5.878992557525635
5.807607650756836
5.831724166870117
5.826627731323242
5.706911563873291
5.804313659667969
5.734751224517822
5.691366672515869
2.8309741020202637
2.8327372074127197
2.790815830230713
2.831089735031128
2.805445671081543
2.7967100143432617
2.820133686065674
2.810255527496338
2.8048789501190186
2.801067352294922
3.6641745567321777
3.637078285217285
3.6239075660705566
3.609276533126831
3.6014480590820312
3.5824718475341797
3.5451135635375977
3.534374952316284
3.5408554077148438
3.5460216999053955
5.667993068695068
5.672292232513428
5.660956859588623
5.654656410217285
5.652947425842285
5.6632256507873535
5.652362823486328
5.644833087921143
5.660379886627197
5.646775245666504
4.107667446136475
4.104734897613525
4.106382846832275
4.104568004608154
4.108006477355957
4.10491418838501
4.105370044708252
4.104493141174316
4.1040849685668945
4.103208541870117
27.10433578491211
26.766231536865234
26.657848358154297
26.24227523803711
26.00226402282715
25.695056915283203
25.546567916870117
25.19874382019043
25.06267738342285
24.81676483154297
3.869579792022705
3.869900703430176
3.8675267696380615
3.862490653991699
3.8702847957611084
3.8673317432403564
3.868431568145752
3.862145185470581
3.8641481399536133
3.8718836307525635
4.160995960235596
4.161521911621094
4.1657915115356445
4.172933101654053
4.168393135070801
4.163420677185059
4.1668620109558105
4.166684150695801
4.161955833435059
4.166337966918945
5.173595428466797
5.070971488952637
5.051479339599609
4.955062389373779
4.920734882354736
4.8632731437683105
4.756422996520996
4.723074913024902
4.620149612426758
4.5722832679748535
4.318015098571777
4.2419023513793945
4.295244216918945
4.242339134216309
4.1766252517700195
4.189325332641602
4.102334022521973
4.039827346801758
4.091258525848389
4.013590335845947
33.311763763427734
33.11088943481445
32.77223205566406
32.48016357421875
32.27538299560547
32.14227294921875
31.6920108795166
31.482925415039062
31.35682487487793
30.943925857543945
3.252556800842285
3.2343783378601074
3.2470340728759766
3.2312772274017334
3.2186522483825684
3.216553211212158
3.195085287094116
3.1716718673706055
3.1681606769561768
3.1483612060546875
4.77431583404541
4.797573566436768
4.779886722564697
4.7882585525512695
4.764834880828857
4.772343635559082
4.758221626281738
4.752995014190674
4.747833251953125
4.745673656463623
3.41923189163208
3.391453981399536
3.4379308223724365
3.376504898071289
3.3456130027770996
3.2967538833618164
3.2975869178771973
3.292231798171997
3.1977450847625732
3.2277345657348633
37.426551818847656
37.20923614501953
36.918582916259766
36.631866455078125
36.41045379638672
36.46376037597656
35.86771774291992
35.63143539428711
35.62040328979492
35.185054779052734
