4.059075832366943
4.05460262298584
4.05034065246582
4.0575151443481445
4.058155536651611
4.0607781410217285
4.058514595031738
4.06008243560791
4.060746192932129
4.051177501678467
4.068304538726807
4.058524131774902
4.063165187835693
4.066912651062012
4.059295177459717
4.062777996063232
4.069696426391602
4.060523986816406
4.059122085571289
4.062740802764893
4.054624080657959
4.047996520996094
4.050472259521484
4.0603203773498535
4.05702543258667
4.053900718688965
4.0556640625
4.051140785217285
4.051452159881592
4.0542778968811035
4.017242431640625
4.021656036376953
4.020334243774414
4.012626647949219
4.017934799194336
4.019059181213379
4.016200065612793
4.015511989593506
4.019695281982422
4.025045394897461
4.026691436767578
4.028825759887695
4.024525165557861
4.025238990783691
4.021864414215088
4.0268964767456055
4.0203046798706055
4.020676136016846
4.033712387084961
4.02821159362793
4.028177261352539
4.030979633331299
4.034645080566406
4.019121170043945
4.031742572784424
4.038529396057129
4.0299577713012695
4.0295729637146
4.024637699127197
4.034936428070068
4.025087356567383
4.02527379989624
4.02869176864624
4.028131484985352
4.020744800567627
4.027585506439209
4.026253700256348
4.020750999450684
4.025299072265625
4.0232768058776855
4.0202717781066895
4.01405143737793
4.014914512634277
4.025985240936279
4.018220901489258
4.017545223236084
4.011285305023193
4.026811599731445
4.019309997558594
4.015708923339844
4.029576778411865
4.035984516143799
4.032961368560791
4.0325608253479
4.035189151763916
4.031991958618164
4.0356926918029785
4.034259796142578
4.033534049987793
4.035029888153076
