4.059075832366943
4.05460262298584
4.05034065246582
4.0575151443481445
4.058155536651611
4.0607781410217285
4.058514595031738
4.06008243560791
4.060746192932129
4.051177501678467
4.068304538726807
4.058524131774902
4.063165187835693
4.066912651062012
4.059295177459717
4.062777996063232
4.069696426391602
4.060523986816406
4.059122085571289
4.062740802764893
4.054624080657959
4.047996520996094
4.050472259521484
4.0603203773498535
4.05702543258667
4.053900718688965
4.0556640625
4.051140785217285
4.051452159881592
4.0542778968811035
4.017242431640625
4.021656036376953
4.020334243774414
4.012626647949219
4.017934799194336
4.019059181213379
4.016200065612793
4.015511989593506
4.019695281982422
4.025045394897461
4.026691436767578
4.028825759887695
4.024525165557861
4.025238990783691
4.021864414215088
4.0268964767456055
4.0203046798706055
4.020676136016846
4.033712387084961
4.02821159362793
4.028177261352539
4.030979633331299
4.034645080566406
4.019121170043945
4.031742572784424
4.038529396057129
4.0299577713012695
4.0295729637146
4.024637699127197
4.034936428070068
4.025087356567383
4.02527379989624
4.02869176864624
4.028131484985352
4.020744800567627
4.027585506439209
4.026253700256348
4.020750999450684
4.025299072265625
4.0232768058776855
4.0202717781066895
4.01405143737793
4.014914512634277
4.025985240936279
4.018220901489258
4.017545223236084
4.011285305023193
4.026811599731445
4.019309997558594
4.015708923339844
4.029576778411865
4.035984516143799
4.032961368560791
4.0325608253479
4.035189151763916
4.031991958618164
4.0356926918029785
4.034259796142578
4.033534049987793
4.035029888153076
3.813823699951172
3.8188138008117676
3.814883232116699
3.801811933517456
3.805096387863159
3.8028249740600586
3.8051724433898926
3.798739433288574
3.8062283992767334
3.803241729736328
3.809141159057617
3.814326286315918
3.818087577819824
3.8393521308898926
3.8155722618103027
3.82332181930542
3.821061611175537
3.7999117374420166
3.8101046085357666
3.81886625289917
3.821498155593872
3.8338990211486816
3.811190128326416
3.8161683082580566
3.8225412368774414
3.821336269378662
3.8282721042633057
3.8132970333099365
3.8163836002349854
3.8221137523651123
3.7789599895477295
3.7911081314086914
3.7941641807556152
3.7758893966674805
3.7882800102233887
3.77317476272583
3.7765462398529053
3.785900831222534
3.763842821121216
3.7717630863189697
3.8075783252716064
3.7882683277130127
3.7909021377563477
3.790231227874756
3.7924208641052246
3.781611680984497
3.782313346862793
3.78926157951355
3.7922778129577637
3.7781574726104736
3.773996353149414
3.780937671661377
3.7919912338256836
3.778733253479004
3.778099775314331
3.7842400074005127
3.7664968967437744
3.7827060222625732
3.7742953300476074
3.768955945968628
3.813854932785034
3.8065803050994873
3.8000524044036865
3.804230213165283
3.792907476425171
3.8295528888702393
3.8284413814544678
3.7972803115844727
3.824671983718872
3.807122230529785
3.8255882263183594
3.8327412605285645
3.835331916809082
3.8353183269500732
3.830000638961792
3.8236660957336426
3.825057029724121
3.836009979248047
3.8279361724853516
3.8155863285064697
3.869804859161377
3.8838388919830322
3.8761208057403564
3.8573992252349854
3.8689568042755127
3.8724100589752197
3.86393404006958
3.869372606277466
3.875380754470825
3.8682806491851807
2.766956329345703
2.7566680908203125
2.749073028564453
2.7328786849975586
2.7388670444488525
2.746344566345215
2.6835622787475586
2.7390685081481934
2.727120876312256
2.7316770553588867
2.707033395767212
2.715466022491455
2.6548945903778076
2.704275369644165
2.653233051300049
2.6561191082000732
2.6786084175109863
2.634605884552002
2.6481289863586426
2.6690256595611572
2.733841896057129
2.724498987197876
2.7244248390197754
2.705596685409546
2.7012627124786377
2.685570240020752
2.7180631160736084
2.6660706996917725
2.6974072456359863
2.6789660453796387
2.7470510005950928
2.754995822906494
2.730997323989868
2.7168726921081543
2.755383014678955
2.7183656692504883
2.709510564804077
2.7127127647399902
2.7270255088806152
2.7152204513549805
2.883553981781006
2.8544600009918213
2.872136116027832
2.872678518295288
2.8712615966796875
2.8153772354125977
2.8830771446228027
2.838505983352661
2.848708152770996
2.8414714336395264
2.9438607692718506
2.9588327407836914
2.9283013343811035
2.9155502319335938
2.955606460571289
2.944498300552368
2.928539514541626
2.8871283531188965
2.947134256362915
2.8968100547790527
3.146817207336426
3.1602280139923096
3.164858102798462
3.144315481185913
3.1230599880218506
3.096238613128662
3.0960707664489746
3.1212716102600098
3.163019895553589
3.109861373901367
3.4028937816619873
3.3853847980499268
3.3806111812591553
3.384347915649414
3.3546395301818848
3.3556699752807617
3.348783016204834
3.34063458442688
3.321075916290283
3.3530666828155518
3.545616626739502
3.525733470916748
3.542941093444824
3.5405783653259277
3.4799180030822754
3.5342423915863037
3.4584851264953613
3.485492467880249
3.4705183506011963
3.5000693798065186
2.4964427947998047
2.4866220951080322
2.4715023040771484
2.4632227420806885
2.4471616744995117
2.4055216312408447
2.4593324661254883
2.4440717697143555
2.4171783924102783
2.4313952922821045
2.550699234008789
2.5471110343933105
2.518648147583008
2.5092713832855225
2.557478904724121
2.5120067596435547
2.55572247505188
2.5002715587615967
2.530351161956787
2.477269172668457
2.6330437660217285
2.617229461669922
2.6284520626068115
2.6222052574157715
2.6375744342803955
2.5941810607910156
2.5929458141326904
2.5927939414978027
2.6165637969970703
2.630399465560913
2.6882193088531494
2.645317554473877
2.6939480304718018
2.6659767627716064
2.65518856048584
2.6414384841918945
2.64776349067688
2.6421849727630615
2.6659247875213623
2.6575162410736084
2.8519577980041504
2.850714921951294
2.8558764457702637
2.8632595539093018
2.856241464614868
2.8678359985351562
2.841093063354492
2.84963321685791
2.8191261291503906
2.8252501487731934
3.149130344390869
3.1415445804595947
3.1071414947509766
3.116905450820923
3.1039371490478516
3.0946319103240967
3.1188862323760986
3.1332197189331055
3.0615835189819336
3.0556087493896484
3.471102237701416
3.4561774730682373
3.460604667663574
3.459986448287964
3.409865140914917
3.426140785217285
3.458982229232788
3.409806966781616
3.395761251449585
3.374196767807007
3.4035799503326416
3.375851631164551
3.3589868545532227
3.360236406326294
3.3154735565185547
3.3376858234405518
3.3422718048095703
3.3946051597595215
3.289968967437744
3.3707261085510254
3.489267349243164
3.447445869445801
3.4960858821868896
3.4769113063812256
3.4725348949432373
3.4655327796936035
3.4633870124816895
3.4387805461883545
3.47102427482605
3.4390945434570312
2.298255681991577
2.2654852867126465
2.2724971771240234
2.2994158267974854
2.264446973800659
2.276883363723755
2.2523045539855957
2.255598783493042
2.2439911365509033
2.261817455291748
2.3280248641967773
2.2957675457000732
2.3164403438568115
2.3189547061920166
2.3133013248443604
2.302799701690674
2.3277761936187744
2.2906949520111084
2.2914681434631348
2.2927474975585938
2.481466054916382
2.4671318531036377
2.4892170429229736
2.459439754486084
2.447702407836914
2.467332601547241
2.4509410858154297
2.4085750579833984
2.413954019546509
2.4199259281158447
2.6804161071777344
2.677853584289551
2.6614491939544678
2.6736111640930176
2.676060199737549
2.6717755794525146
2.647782802581787
2.643176317214966
2.6189334392547607
2.6723241806030273
2.961251735687256
2.983062505722046
2.9653406143188477
2.935229778289795
2.9573371410369873
2.9556949138641357
2.9328951835632324
2.8927481174468994
2.971801996231079
2.900836229324341
3.1413111686706543
3.1643152236938477
3.162156105041504
3.1367669105529785
3.126443386077881
3.0803158283233643
3.124741792678833
3.103177070617676
3.1307098865509033
3.090269088745117
3.0393893718719482
2.9818942546844482
2.9978878498077393
3.021395206451416
2.9812800884246826
3.006995439529419
2.974776268005371
2.970465898513794
2.976810932159424
2.924259662628174
3.2651214599609375
3.262178897857666
3.299159049987793
3.260199546813965
3.236941337585449
3.212745428085327
3.2517600059509277
3.2200469970703125
3.2228944301605225
3.134565830230713
3.648224115371704
3.6664228439331055
3.6335082054138184
3.5885560512542725
3.6089322566986084
3.6226062774658203
3.5836169719696045
3.593843936920166
3.579435348510742
3.5974814891815186
2.0509538650512695
2.0536413192749023
2.0680489540100098
2.0613694190979004
2.0525174140930176
2.012707233428955
2.0308938026428223
2.054954767227173
2.034487247467041
2.0471901893615723
2.1766374111175537
2.1668457984924316
2.1617536544799805
2.1916189193725586
2.151271104812622
2.1318211555480957
2.1378679275512695
2.159181833267212
2.156080484390259
2.1017303466796875
2.3108413219451904
2.3135621547698975
2.3020718097686768
2.2668440341949463
2.25801420211792
2.250291585922241
2.278130292892456
2.3151614665985107
2.273413896560669
2.2323553562164307
2.550165891647339
2.5790297985076904
2.4996235370635986
2.541181802749634
2.5123753547668457
2.527771472930908
2.5707149505615234
2.5188119411468506
2.5341732501983643
2.53346848487854
2.948296546936035
2.9052016735076904
2.928373098373413
2.922682523727417
2.891069173812866
2.924981117248535
2.873149871826172
2.8699803352355957
2.8801093101501465
2.859724760055542
3.098592519760132
3.0527150630950928
3.085716962814331
3.0435755252838135
3.07796311378479
3.076237916946411
3.0675172805786133
3.0691399574279785
3.024864912033081
3.02003812789917
3.3312535285949707
3.271195411682129
3.27063250541687
3.2896175384521484
3.2680933475494385
3.232673168182373
3.294661521911621
3.3282957077026367
3.2520387172698975
3.183938503265381
3.4074079990386963
3.3874592781066895
3.430953025817871
3.3875839710235596
3.339207410812378
3.361769914627075
3.325826644897461
3.3214704990386963
3.304260492324829
3.3342573642730713
3.4194607734680176
3.4432194232940674
3.4646670818328857
3.425246477127075
3.38991379737854
3.403674364089966
3.3944945335388184
3.3594958782196045
3.3365120887756348
3.376674175262451
