4.059075832366943
4.05460262298584
4.05034065246582
4.0575151443481445
4.058155536651611
4.0607781410217285
4.058514595031738
4.06008243560791
4.060746192932129
4.051177501678467
4.068304538726807
4.058524131774902
4.063165187835693
4.066912651062012
4.059295177459717
4.062777996063232
4.069696426391602
4.060523986816406
4.059122085571289
4.062740802764893
4.054624080657959
4.047996520996094
4.050472259521484
4.0603203773498535
4.05702543258667
4.053900718688965
4.0556640625
4.051140785217285
4.051452159881592
4.0542778968811035
4.017242431640625
4.021656036376953
4.020334243774414
4.012626647949219
4.017934799194336
4.019059181213379
4.016200065612793
4.015511989593506
4.019695281982422
4.025045394897461
4.026691436767578
4.028825759887695
4.024525165557861
4.025238990783691
4.021864414215088
4.0268964767456055
4.0203046798706055
4.020676136016846
4.033712387084961
4.02821159362793
4.028177261352539
4.030979633331299
4.034645080566406
4.019121170043945
4.031742572784424
4.038529396057129
4.0299577713012695
4.0295729637146
4.024637699127197
4.034936428070068
4.025087356567383
4.02527379989624
4.02869176864624
4.028131484985352
4.020744800567627
4.027585506439209
4.026253700256348
4.020750999450684
4.025299072265625
4.0232768058776855
4.0202717781066895
4.01405143737793
4.014914512634277
4.025985240936279
4.018220901489258
4.017545223236084
4.011285305023193
4.026811599731445
4.019309997558594
4.015708923339844
4.029576778411865
4.035984516143799
4.032961368560791
4.0325608253479
4.035189151763916
4.031991958618164
4.0356926918029785
4.034259796142578
4.033534049987793
4.035029888153076
3.813823699951172
3.8188138008117676
3.814883232116699
3.801811933517456
3.805096387863159
3.8028249740600586
3.8051724433898926
3.798739433288574
3.8062283992767334
3.803241729736328
3.809141159057617
3.814326286315918
3.818087577819824
3.8393521308898926
3.8155722618103027
3.82332181930542
3.821061611175537
3.7999117374420166
3.8101046085357666
3.81886625289917
3.821498155593872
3.8338990211486816
3.811190128326416
3.8161683082580566
3.8225412368774414
3.821336269378662
3.8282721042633057
3.8132970333099365
3.8163836002349854
3.8221137523651123
3.7789599895477295
3.7911081314086914
3.7941641807556152
3.7758893966674805
3.7882800102233887
3.77317476272583
3.7765462398529053
3.785900831222534
3.763842821121216
3.7717630863189697
3.8075783252716064
3.7882683277130127
3.7909021377563477
3.790231227874756
3.7924208641052246
3.781611680984497
3.782313346862793
3.78926157951355
3.7922778129577637
3.7781574726104736
3.773996353149414
3.780937671661377
3.7919912338256836
3.778733253479004
3.778099775314331
3.7842400074005127
3.7664968967437744
3.7827060222625732
3.7742953300476074
3.768955945968628
3.813854932785034
3.8065803050994873
3.8000524044036865
3.804230213165283
3.792907476425171
3.8295528888702393
3.8284413814544678
3.7972803115844727
3.824671983718872
3.807122230529785
3.8255882263183594
3.8327412605285645
3.835331916809082
3.8353183269500732
3.830000638961792
3.8236660957336426
3.825057029724121
3.836009979248047
3.8279361724853516
3.8155863285064697
3.869804859161377
3.8838388919830322
3.8761208057403564
3.8573992252349854
3.8689568042755127
3.8724100589752197
3.86393404006958
3.869372606277466
3.875380754470825
3.8682806491851807
