4.059075832366943
4.05460262298584
4.05034065246582
4.0575151443481445
4.058155536651611
4.0607781410217285
4.058514595031738
4.06008243560791
4.060746192932129
4.051177501678467
4.068304538726807
4.058524131774902
4.063165187835693
4.066912651062012
4.059295177459717
4.062777996063232
4.069696426391602
4.060523986816406
4.059122085571289
4.062740802764893
4.054624080657959
4.047996520996094
4.050472259521484
4.0603203773498535
4.05702543258667
4.053900718688965
4.0556640625
4.051140785217285
4.051452159881592
4.0542778968811035
4.017242431640625
4.021656036376953
4.020334243774414
4.012626647949219
4.017934799194336
4.019059181213379
4.016200065612793
4.015511989593506
4.019695281982422
4.025045394897461
4.026691436767578
4.028825759887695
4.024525165557861
4.025238990783691
4.021864414215088
4.0268964767456055
4.0203046798706055
4.020676136016846
4.033712387084961
4.02821159362793
4.028177261352539
4.030979633331299
4.034645080566406
4.019121170043945
4.031742572784424
4.038529396057129
4.0299577713012695
4.0295729637146
4.024637699127197
4.034936428070068
4.025087356567383
4.02527379989624
4.02869176864624
4.028131484985352
4.020744800567627
4.027585506439209
4.026253700256348
4.020750999450684
4.025299072265625
4.0232768058776855
4.0202717781066895
4.01405143737793
4.014914512634277
4.025985240936279
4.018220901489258
4.017545223236084
4.011285305023193
4.026811599731445
4.019309997558594
4.015708923339844
4.029576778411865
4.035984516143799
4.032961368560791
4.0325608253479
4.035189151763916
4.031991958618164
4.0356926918029785
4.034259796142578
4.033534049987793
4.035029888153076
3.813823699951172
3.8188138008117676
3.814883232116699
3.801811933517456
3.805096387863159
3.8028249740600586
3.8051724433898926
3.798739433288574
3.8062283992767334
3.803241729736328
3.809141159057617
3.814326286315918
3.818087577819824
3.8393521308898926
3.8155722618103027
3.82332181930542
3.821061611175537
3.7999117374420166
3.8101046085357666
3.81886625289917
3.821498155593872
3.8338990211486816
3.811190128326416
3.8161683082580566
3.8225412368774414
3.821336269378662
3.8282721042633057
3.8132970333099365
3.8163836002349854
3.8221137523651123
3.7789599895477295
3.7911081314086914
3.7941641807556152
3.7758893966674805
3.7882800102233887
3.77317476272583
3.7765462398529053
3.785900831222534
3.763842821121216
3.7717630863189697
3.8075783252716064
3.7882683277130127
3.7909021377563477
3.790231227874756
3.7924208641052246
3.781611680984497
3.782313346862793
3.78926157951355
3.7922778129577637
3.7781574726104736
3.773996353149414
3.780937671661377
3.7919912338256836
3.778733253479004
3.778099775314331
3.7842400074005127
3.7664968967437744
3.7827060222625732
3.7742953300476074
3.768955945968628
3.813854932785034
3.8065803050994873
3.8000524044036865
3.804230213165283
3.792907476425171
3.8295528888702393
3.8284413814544678
3.7972803115844727
3.824671983718872
3.807122230529785
3.8255882263183594
3.8327412605285645
3.835331916809082
3.8353183269500732
3.830000638961792
3.8236660957336426
3.825057029724121
3.836009979248047
3.8279361724853516
3.8155863285064697
3.869804859161377
3.8838388919830322
3.8761208057403564
3.8573992252349854
3.8689568042755127
3.8724100589752197
3.86393404006958
3.869372606277466
3.875380754470825
3.8682806491851807
2.766956329345703
2.7566680908203125
2.749073028564453
2.7328786849975586
2.7388670444488525
2.746344566345215
2.6835622787475586
2.7390685081481934
2.727120876312256
2.7316770553588867
2.707033395767212
2.715466022491455
2.6548945903778076
2.704275369644165
2.653233051300049
2.6561191082000732
2.6786084175109863
2.634605884552002
2.6481289863586426
2.6690256595611572
2.733841896057129
2.724498987197876
2.7244248390197754
2.705596685409546
2.7012627124786377
2.685570240020752
2.7180631160736084
2.6660706996917725
2.6974072456359863
2.6789660453796387
2.7470510005950928
2.754995822906494
2.730997323989868
2.7168726921081543
2.755383014678955
2.7183656692504883
2.709510564804077
2.7127127647399902
2.7270255088806152
2.7152204513549805
2.883553981781006
2.8544600009918213
2.872136116027832
2.872678518295288
2.8712615966796875
2.8153772354125977
2.8830771446228027
2.838505983352661
2.848708152770996
2.8414714336395264
2.9438607692718506
2.9588327407836914
2.9283013343811035
2.9155502319335938
2.955606460571289
2.944498300552368
2.928539514541626
2.8871283531188965
2.947134256362915
2.8968100547790527
3.146817207336426
3.1602280139923096
3.164858102798462
3.144315481185913
3.1230599880218506
3.096238613128662
3.0960707664489746
3.1212716102600098
3.163019895553589
3.109861373901367
3.4028937816619873
3.3853847980499268
3.3806111812591553
3.384347915649414
3.3546395301818848
3.3556699752807617
3.348783016204834
3.34063458442688
3.321075916290283
3.3530666828155518
3.545616626739502
3.525733470916748
3.542941093444824
3.5405783653259277
3.4799180030822754
3.5342423915863037
3.4584851264953613
3.485492467880249
3.4705183506011963
3.5000693798065186
2.4964427947998047
2.4866220951080322
2.4715023040771484
2.4632227420806885
2.4471616744995117
2.4055216312408447
2.4593324661254883
2.4440717697143555
2.4171783924102783
2.4313952922821045
2.550699234008789
2.5471110343933105
2.518648147583008
2.5092713832855225
2.557478904724121
2.5120067596435547
2.55572247505188
2.5002715587615967
2.530351161956787
2.477269172668457
2.6330437660217285
2.617229461669922
2.6284520626068115
2.6222052574157715
2.6375744342803955
2.5941810607910156
2.5929458141326904
2.5927939414978027
2.6165637969970703
2.630399465560913
2.6882193088531494
2.645317554473877
2.6939480304718018
2.6659767627716064
2.65518856048584
2.6414384841918945
2.64776349067688
2.6421849727630615
2.6659247875213623
2.6575162410736084
2.8519577980041504
2.850714921951294
2.8558764457702637
2.8632595539093018
2.856241464614868
2.8678359985351562
2.841093063354492
2.84963321685791
2.8191261291503906
2.8252501487731934
3.149130344390869
3.1415445804595947
3.1071414947509766
3.116905450820923
3.1039371490478516
3.0946319103240967
3.1188862323760986
3.1332197189331055
3.0615835189819336
3.0556087493896484
3.471102237701416
3.4561774730682373
3.460604667663574
3.459986448287964
3.409865140914917
3.426140785217285
3.458982229232788
3.409806966781616
3.395761251449585
3.374196767807007
3.4035799503326416
3.375851631164551
3.3589868545532227
3.360236406326294
3.3154735565185547
3.3376858234405518
3.3422718048095703
3.3946051597595215
3.289968967437744
3.3707261085510254
3.489267349243164
3.447445869445801
3.4960858821868896
3.4769113063812256
3.4725348949432373
3.4655327796936035
3.4633870124816895
3.4387805461883545
3.47102427482605
3.4390945434570312
2.298255681991577
2.2654852867126465
2.2724971771240234
2.2994158267974854
2.264446973800659
2.276883363723755
2.2523045539855957
2.255598783493042
2.2439911365509033
2.261817455291748
2.3280248641967773
2.2957675457000732
2.3164403438568115
2.3189547061920166
2.3133013248443604
2.302799701690674
2.3277761936187744
2.2906949520111084
2.2914681434631348
2.2927474975585938
2.481466054916382
2.4671318531036377
2.4892170429229736
2.459439754486084
2.447702407836914
2.467332601547241
2.4509410858154297
2.4085750579833984
2.413954019546509
2.4199259281158447
2.6804161071777344
2.677853584289551
2.6614491939544678
2.6736111640930176
2.676060199737549
2.6717755794525146
2.647782802581787
2.643176317214966
2.6189334392547607
2.6723241806030273
2.961251735687256
2.983062505722046
2.9653406143188477
2.935229778289795
2.9573371410369873
2.9556949138641357
2.9328951835632324
2.8927481174468994
2.971801996231079
2.900836229324341
3.1413111686706543
3.1643152236938477
3.162156105041504
3.1367669105529785
3.126443386077881
3.0803158283233643
3.124741792678833
3.103177070617676
3.1307098865509033
3.090269088745117
3.0393893718719482
2.9818942546844482
2.9978878498077393
3.021395206451416
2.9812800884246826
3.006995439529419
2.974776268005371
2.970465898513794
2.976810932159424
2.924259662628174
3.2651214599609375
3.262178897857666
3.299159049987793
3.260199546813965
3.236941337585449
3.212745428085327
3.2517600059509277
3.2200469970703125
3.2228944301605225
3.134565830230713
3.648224115371704
3.6664228439331055
3.6335082054138184
3.5885560512542725
3.6089322566986084
3.6226062774658203
3.5836169719696045
3.593843936920166
3.579435348510742
3.5974814891815186
2.0509538650512695
2.0536413192749023
2.0680489540100098
2.0613694190979004
2.0525174140930176
2.012707233428955
2.0308938026428223
2.054954767227173
2.034487247467041
2.0471901893615723
2.1766374111175537
2.1668457984924316
2.1617536544799805
2.1916189193725586
2.151271104812622
2.1318211555480957
2.1378679275512695
2.159181833267212
2.156080484390259
2.1017303466796875
2.3108413219451904
2.3135621547698975
2.3020718097686768
2.2668440341949463
2.25801420211792
2.250291585922241
2.278130292892456
2.3151614665985107
2.273413896560669
2.2323553562164307
2.550165891647339
2.5790297985076904
2.4996235370635986
2.541181802749634
2.5123753547668457
2.527771472930908
2.5707149505615234
2.5188119411468506
2.5341732501983643
2.53346848487854
2.948296546936035
2.9052016735076904
2.928373098373413
2.922682523727417
2.891069173812866
2.924981117248535
2.873149871826172
2.8699803352355957
2.8801093101501465
2.859724760055542
3.098592519760132
3.0527150630950928
3.085716962814331
3.0435755252838135
3.07796311378479
3.076237916946411
3.0675172805786133
3.0691399574279785
3.024864912033081
3.02003812789917
3.3312535285949707
3.271195411682129
3.27063250541687
3.2896175384521484
3.2680933475494385
3.232673168182373
3.294661521911621
3.3282957077026367
3.2520387172698975
3.183938503265381
3.4074079990386963
3.3874592781066895
3.430953025817871
3.3875839710235596
3.339207410812378
3.361769914627075
3.325826644897461
3.3214704990386963
3.304260492324829
3.3342573642730713
3.4194607734680176
3.4432194232940674
3.4646670818328857
3.425246477127075
3.38991379737854
3.403674364089966
3.3944945335388184
3.3594958782196045
3.3365120887756348
3.376674175262451
2.3321714401245117
2.3345320224761963
2.2965660095214844
2.327645778656006
2.2846806049346924
2.276919364929199
2.2886979579925537
2.2722368240356445
2.261207342147827
2.2461283206939697
2.3722152709960938
2.3993430137634277
2.3715524673461914
2.376772403717041
2.334846019744873
2.337207317352295
2.3706116676330566
2.3555452823638916
2.279390335083008
2.3247785568237305
2.512032985687256
2.474672794342041
2.4574649333953857
2.482285976409912
2.4388701915740967
2.413463592529297
2.4386370182037354
2.4211294651031494
2.437950611114502
2.4661505222320557
2.6443803310394287
2.6619465351104736
2.6166610717773438
2.665532112121582
2.639960527420044
2.6199841499328613
2.5985865592956543
2.6201155185699463
2.6109070777893066
2.616987943649292
2.9720029830932617
2.918916702270508
2.945636034011841
2.9318108558654785
2.907236337661743
2.945277214050293
2.88955020904541
2.884793519973755
2.8426644802093506
2.8721442222595215
3.1365761756896973
3.158170700073242
3.150848388671875
3.1289916038513184
3.090864896774292
3.130242347717285
3.0871024131774902
3.1041882038116455
3.0773282051086426
3.0494799613952637
3.3875691890716553
3.3815371990203857
3.3390278816223145
3.2918834686279297
3.2980191707611084
3.2884795665740967
3.3271257877349854
3.315166711807251
3.2780003547668457
3.2977294921875
3.3920633792877197
3.380706548690796
3.382725477218628
3.4011483192443848
3.3312103748321533
3.357099771499634
3.257996082305908
3.3799309730529785
3.333078145980835
3.236753225326538
3.8256161212921143
3.7921972274780273
3.7494139671325684
3.778482675552368
3.7652394771575928
3.8080129623413086
3.7826457023620605
3.6563374996185303
3.74804425239563
3.676800489425659
2.595350980758667
2.532058000564575
2.483266592025757
2.4825282096862793
2.5028343200683594
2.5050883293151855
2.448812961578369
2.3751401901245117
2.335983991622925
2.3337419033050537
2.534426212310791
2.4731810092926025
2.4263710975646973
2.3840649127960205
2.3890576362609863
2.3924002647399902
2.368630886077881
2.393211841583252
2.327996253967285
2.3210971355438232
2.5504486560821533
2.557129383087158
2.515404462814331
2.5193052291870117
2.4533910751342773
2.480663299560547
2.4317312240600586
2.4798097610473633
2.4362502098083496
2.4340546131134033
2.7751784324645996
2.6940786838531494
2.6967177391052246
2.69850492477417
2.690972089767456
2.6129579544067383
2.6311490535736084
2.611774444580078
2.5718536376953125
2.5715198516845703
3.1465072631835938
3.104033946990967
3.0892202854156494
3.133310317993164
3.1118240356445312
3.0448532104492188
3.071739435195923
2.9780921936035156
3.0102362632751465
3.012845277786255
3.089919328689575
3.151343584060669
3.1003494262695312
3.0384175777435303
2.9854555130004883
3.0176143646240234
3.0491957664489746
2.984585762023926
2.96878981590271
2.950223207473755
3.4344875812530518
3.457833766937256
3.4543023109436035
3.3408193588256836
3.3730063438415527
3.3837013244628906
3.312948226928711
3.3424625396728516
3.3203914165496826
3.288606643676758
3.100874662399292
3.1256496906280518
3.1252856254577637
3.052345037460327
3.0274910926818848
2.9767563343048096
3.0618343353271484
2.999126672744751
3.00862717628479
2.970275640487671
3.163193464279175
3.0793330669403076
3.082123279571533
3.0773119926452637
3.0095269680023193
3.048027515411377
3.005831480026245
2.9868648052215576
2.9443726539611816
2.955590009689331
2.4927737712860107
2.44509220123291
2.42085599899292
2.412810802459717
2.4430809020996094
2.3253231048583984
2.352471113204956
2.3414101600646973
2.2367074489593506
2.2282729148864746
2.4064652919769287
2.366136074066162
2.3358893394470215
2.313430070877075
2.3359410762786865
2.304232358932495
2.257995128631592
2.2727291584014893
2.246657609939575
2.282743453979492
2.404665946960449
2.413963556289673
2.3746583461761475
2.3745665550231934
2.312455892562866
2.329758882522583
2.3239569664001465
2.300551176071167
2.275635004043579
2.24153995513916
2.653743267059326
2.679460287094116
2.691019296646118
2.661179780960083
2.6643285751342773
2.618586778640747
2.5693519115448
2.5951197147369385
2.569352388381958
2.5519826412200928
2.814160108566284
2.8323283195495605
2.821899890899658
2.8075642585754395
2.8037161827087402
2.7222626209259033
2.8041205406188965
2.726412057876587
2.692129135131836
2.7149527072906494
3.0443882942199707
2.9910638332366943
2.9915707111358643
2.968982696533203
2.9791295528411865
2.921678066253662
2.968549966812134
2.8803224563598633
2.9166007041931152
2.8913235664367676
2.9565751552581787
2.9004273414611816
2.972498655319214
2.906843423843384
2.8997740745544434
2.8948395252227783
2.9100494384765625
2.9369888305664062
2.836289882659912
2.870917558670044
3.3017966747283936
3.2833666801452637
3.2122249603271484
3.245011806488037
3.2112905979156494
3.19606351852417
3.115509510040283
3.1476216316223145
3.1394453048706055
3.141315460205078
3.3260388374328613
3.3427889347076416
3.339650869369507
3.292694091796875
3.3084893226623535
3.3316094875335693
3.282837152481079
3.2708914279937744
3.3108654022216797
3.219282627105713
1.8704580068588257
1.8451205492019653
1.8004454374313354
1.8335801362991333
1.7762413024902344
1.785917043685913
1.7390198707580566
1.7204309701919556
1.6795775890350342
1.6650385856628418
1.928261160850525
1.906903862953186
1.8999861478805542
1.8597149848937988
1.8199799060821533
1.8451744318008423
1.8287968635559082
1.7891900539398193
1.8233875036239624
1.7724038362503052
2.1084213256835938
2.0921154022216797
2.100482702255249
2.0681416988372803
2.049391508102417
2.048146963119507
2.040493965148926
2.027622699737549
2.0427069664001465
2.019381046295166
2.5736587047576904
2.552590847015381
2.548882246017456
2.497812032699585
2.5455448627471924
2.4699056148529053
2.4524216651916504
2.4330742359161377
2.4198458194732666
2.3731157779693604
2.7395546436309814
2.7363836765289307
2.6999824047088623
2.6946120262145996
2.6557602882385254
2.615077495574951
2.6681580543518066
2.6537396907806396
2.584815263748169
2.5795576572418213
3.0939409732818604
3.118851661682129
3.0182182788848877
3.074756383895874
3.0162265300750732
2.998582363128662
3.0189208984375
2.951756000518799
3.0194509029388428
2.9345381259918213
3.0026705265045166
3.0273008346557617
2.9970057010650635
2.9714770317077637
2.9745030403137207
2.907421350479126
2.896712064743042
2.8646750450134277
2.8153867721557617
2.877350091934204
3.1070902347564697
3.069594621658325
3.0504136085510254
3.05511474609375
3.0501160621643066
3.0029845237731934
3.0353264808654785
2.9836623668670654
2.968472719192505
3.0144288539886475
3.2506747245788574
3.2570621967315674
3.24072003364563
3.1992952823638916
3.2094733715057373
3.162945032119751
3.10792875289917
3.1809935569763184
3.095576524734497
3.12467622756958
2.523843288421631
2.484774589538574
2.4133827686309814
2.3991494178771973
2.394108533859253
2.3351266384124756
2.327317714691162
2.254021167755127
2.218045711517334
2.155268669128418
2.294869899749756
2.321683883666992
2.1958978176116943
2.2483417987823486
2.1645944118499756
2.2175278663635254
2.1520233154296875
2.0976998805999756
2.095367908477783
2.0587093830108643
2.302577018737793
2.283203601837158
2.23699688911438
2.2593305110931396
2.2121376991271973
2.1328654289245605
2.102485418319702
2.1432852745056152
2.1297378540039062
2.0532166957855225
2.6408350467681885
2.555354595184326
2.426947593688965
2.4821364879608154
2.5260491371154785
2.4506921768188477
2.470510721206665
2.4062700271606445
2.362846851348877
2.3194916248321533
2.965965509414673
2.9185750484466553
2.84399676322937
2.8339662551879883
2.801815986633301
2.841204881668091
2.790477752685547
2.68314790725708
2.6675636768341064
2.67883038520813
2.620098829269409
2.5841715335845947
2.6177897453308105
2.5705337524414062
2.5191030502319336
2.4832119941711426
2.49267578125
2.413815498352051
2.422053813934326
2.4020371437072754
3.00540828704834
2.9760022163391113
2.9658031463623047
2.911275863647461
2.925666332244873
2.8846652507781982
2.8444817066192627
2.8267970085144043
2.8146674633026123
2.797553300857544
3.369047164916992
3.3532392978668213
3.2534897327423096
3.3416452407836914
3.259486675262451
3.242577314376831
3.165506362915039
3.1569368839263916
3.1739163398742676
3.1237125396728516
3.28379225730896
3.2090296745300293
3.1459591388702393
3.152155637741089
3.18343448638916
3.150541305541992
3.064941883087158
3.035943031311035
3.0428853034973145
3.0109517574310303
1.5437549352645874
1.5492217540740967
1.5145927667617798
1.4617729187011719
1.426537275314331
1.4099562168121338
1.406065583229065
1.365381121635437
1.3598312139511108
1.3439842462539673
1.464327335357666
1.4620579481124878
1.3981131315231323
1.4305833578109741
1.4278833866119385
1.40365731716156
1.3788502216339111
1.367727518081665
1.380009412765503
1.37644624710083
1.6322988271713257
1.6057554483413696
1.60984206199646
1.6020241975784302
1.5486196279525757
1.566851019859314
1.5712183713912964
1.5824222564697266
1.5637309551239014
1.5534768104553223
2.073514938354492
1.9917612075805664
2.0032482147216797
1.9876421689987183
2.012160062789917
1.963184118270874
1.9358458518981934
1.9196300506591797
1.922249674797058
1.946614146232605
2.6674137115478516
2.636110782623291
2.5950024127960205
2.579808473587036
2.535001039505005
2.514223337173462
2.501673460006714
2.4435486793518066
2.4733035564422607
2.5131959915161133
3.2118802070617676
3.177191972732544
3.1167023181915283
3.145798444747925
3.0913970470428467
3.150275707244873
3.0246338844299316
3.0011062622070312
2.97169828414917
2.9859461784362793
3.04010009765625
2.9791479110717773
2.9701387882232666
3.003373384475708
2.893352746963501
2.922025203704834
2.9179399013519287
2.867049217224121
2.8379814624786377
2.784133195877075
3.438767194747925
3.3889613151550293
3.3570313453674316
3.3733274936676025
3.2744078636169434
3.2734601497650146
3.1999258995056152
3.201244831085205
3.1869826316833496
3.153904438018799
3.3146300315856934
3.2638912200927734
3.2896888256073
3.215318441390991
3.262901782989502
3.156815767288208
3.0464894771575928
3.1335113048553467
3.136810779571533
3.052640914916992
2.1847984790802
2.088894844055176
2.0563032627105713
2.0063540935516357
1.9794073104858398
1.9202966690063477
1.8682314157485962
1.8088135719299316
1.7783691883087158
1.7425487041473389
1.926681637763977
1.887079119682312
1.875828504562378
1.814614176750183
1.7544325590133667
1.8028134107589722
1.767183780670166
1.7693490982055664
1.720343828201294
1.6563708782196045
2.009054183959961
1.9626206159591675
1.880759596824646
1.8505969047546387
1.8784085512161255
1.7875109910964966
1.7753909826278687
1.7785404920578003
1.7300479412078857
1.6986864805221558
2.2950918674468994
2.224461078643799
2.1703853607177734
2.0744216442108154
2.119905710220337
2.055934429168701
2.006725549697876
1.96881103515625
1.9555729627609253
1.8766571283340454
2.7443392276763916
2.7077860832214355
2.593693971633911
2.5902023315429688
2.547316312789917
2.4921183586120605
2.4550952911376953
2.394428253173828
2.4191153049468994
2.3879759311676025
2.9118752479553223
2.857909679412842
2.7514123916625977
2.7767398357391357
2.6997177600860596
2.689404010772705
2.621284246444702
2.569100856781006
2.5726616382598877
2.6269168853759766
2.8356997966766357
2.84731125831604
2.8142764568328857
2.793146848678589
2.707942247390747
2.7976648807525635
2.7091140747070312
2.647123098373413
2.584317207336426
2.5993833541870117
3.226759433746338
3.1986706256866455
3.231688976287842
3.1309010982513428
3.118873357772827
3.0784835815429688
3.0759449005126953
3.0600218772888184
3.036442279815674
2.9059767723083496
3.4305171966552734
3.42771577835083
3.3590826988220215
3.294049024581909
3.325162172317505
3.264913320541382
3.2369062900543213
3.179171562194824
3.163801670074463
3.107975721359253
1.0204880237579346
0.9720044732093811
0.9892937541007996
0.9711744785308838
0.9387161135673523
0.9111561179161072
0.8887112736701965
0.900080680847168
0.8678668737411499
0.8381561636924744
1.1738781929016113
1.1251964569091797
1.1341749429702759
1.1154030561447144
1.0850884914398193
1.0650033950805664
1.0459353923797607
1.0225579738616943
1.0550483465194702
1.0244812965393066
1.4463307857513428
1.4444693326950073
1.3983625173568726
1.3895255327224731
1.3721227645874023
1.3488669395446777
1.3575351238250732
1.3039206266403198
1.3190592527389526
1.3265758752822876
1.7862364053726196
1.7894784212112427
1.7465784549713135
1.795015573501587
1.7539539337158203
1.7644352912902832
1.7110987901687622
1.7229695320129395
1.6965912580490112
1.6919654607772827
2.48386287689209
2.46061635017395
2.4404215812683105
2.4109861850738525
2.3817944526672363
2.318735122680664
2.330833911895752
2.3222882747650146
2.356517791748047
2.2661750316619873
2.834010362625122
2.7985503673553467
2.8096704483032227
2.739640712738037
2.7393174171447754
2.6786551475524902
2.658944606781006
2.6989316940307617
2.6230461597442627
2.5982697010040283
3.3494060039520264
3.281707525253296
3.2429211139678955
3.2045907974243164
3.2048401832580566
3.227377414703369
3.110804557800293
3.07639479637146
3.0770857334136963
2.961678981781006
3.46475887298584
3.4351062774658203
3.3450376987457275
3.3588266372680664
3.262845754623413
3.228541135787964
3.1768295764923096
3.2018961906433105
3.127068042755127
3.0887043476104736
3.446746826171875
3.3775503635406494
3.353638172149658
3.325693130493164
3.2425079345703125
3.2895472049713135
3.183593273162842
3.1404266357421875
3.117953062057495
3.0679805278778076
2.1956422328948975
2.1371045112609863
2.03698468208313
2.029033899307251
1.9187476634979248
1.8869905471801758
1.8095815181732178
1.7387285232543945
1.7356330156326294
1.6700456142425537
1.986046314239502
2.021862268447876
1.9048612117767334
1.9010964632034302
1.8060784339904785
1.8316268920898438
1.8150652647018433
1.7168793678283691
1.7007611989974976
1.725605845451355
2.341113805770874
2.3096354007720947
2.253377914428711
2.1469814777374268
2.086069345474243
2.0274155139923096
2.020487070083618
1.981715202331543
1.9411345720291138
1.8830745220184326
2.755510091781616
2.6585206985473633
2.6735546588897705
2.5988738536834717
2.4875383377075195
2.4443359375
2.3840489387512207
2.343170404434204
2.2902889251708984
2.2750680446624756
2.9701433181762695
2.9298248291015625
2.8275725841522217
2.76663875579834
2.711395263671875
2.681014060974121
2.658642530441284
2.5480167865753174
2.521242618560791
2.48321270942688
3.2371017932891846
3.185115337371826
3.0704784393310547
3.0487782955169678
2.9383671283721924
2.966113567352295
2.8856515884399414
2.8699774742126465
2.7558205127716064
2.7945902347564697
2.9530599117279053
2.9055449962615967
2.8624393939971924
2.7687768936157227
2.7856743335723877
2.6782901287078857
2.7109665870666504
2.5967726707458496
2.560260534286499
2.5284340381622314
2.896421194076538
2.9395663738250732
2.888495683670044
2.843309164047241
2.7863712310791016
2.691357135772705
2.673797369003296
2.626399517059326
2.566744804382324
2.475800037384033
3.3228671550750732
3.3455843925476074
3.2126071453094482
3.161756753921509
3.1536142826080322
2.980153799057007
2.9989023208618164
2.894040584564209
2.8119149208068848
2.8369383811950684
1.05819833278656
1.0370476245880127
0.9782490134239197
0.9447890520095825
0.9176639318466187
0.8873577117919922
0.8579670786857605
0.8788691759109497
0.8621567487716675
0.7914410829544067
1.1713162660598755
1.1531381607055664
1.083008050918579
1.102268934249878
1.0498689413070679
1.0489935874938965
1.0104328393936157
1.011041283607483
0.9808105826377869
0.9931569695472717
1.4855715036392212
1.5008751153945923
1.463170051574707
1.4431452751159668
1.4296061992645264
1.3927843570709229
1.358955979347229
1.393807291984558
1.3391525745391846
1.3298296928405762
2.018742561340332
1.9387524127960205
1.9343695640563965
1.9396493434906006
1.851485252380371
1.8408558368682861
1.8179694414138794
1.803667664527893
1.793250560760498
1.731877088546753
2.6163477897644043
2.607030153274536
2.544280767440796
2.5120038986206055
2.4667017459869385
2.3769278526306152
2.3664956092834473
2.3463218212127686
2.337144136428833
2.296286106109619
3.0909018516540527
3.045335054397583
3.061114549636841
2.978271961212158
2.9227612018585205
2.924685478210449
2.877058267593384
2.863387107849121
2.782862663269043
2.7873260974884033
2.8951401710510254
2.9378225803375244
2.878862142562866
2.8011598587036133
2.7717721462249756
2.7936840057373047
2.8093678951263428
2.6839752197265625
2.684291362762451
2.606593608856201
3.246375560760498
3.254987955093384
3.1908936500549316
3.167005777359009
3.09806227684021
3.184410333633423
3.0087666511535645
2.9591121673583984
2.988818645477295
2.9430015087127686
3.1263041496276855
3.1088602542877197
3.0347211360931396
2.9920907020568848
2.8769173622131348
2.9299654960632324
2.828406810760498
2.81118106842041
2.7413463592529297
2.656599760055542
0.9027734994888306
0.8911324143409729
0.8454049229621887
0.8001369833946228
0.7784461379051208
0.7582089900970459
0.7329222559928894
0.6919753551483154
0.6802778840065002
0.6545783877372742
0.9987091422080994
0.9711290597915649
0.9207565784454346
0.8994269371032715
0.9020057320594788
0.8675780296325684
0.8517817854881287
0.8155199289321899
0.8202383518218994
0.8058058619499207
1.3540152311325073
1.3094329833984375
1.2512269020080566
1.257580041885376
1.2142655849456787
1.2040659189224243
1.192514181137085
1.1674457788467407
1.1092619895935059
1.105424404144287
1.9307304620742798
1.8288838863372803
1.8074039220809937
1.7969247102737427
1.7554179430007935
1.7428412437438965
1.7204768657684326
1.6301636695861816
1.6109267473220825
1.6360400915145874
2.416937828063965
2.418031930923462
2.3264265060424805
2.3278403282165527
2.285062313079834
2.228983163833618
2.168339729309082
2.210474729537964
2.160332679748535
2.1189353466033936
2.488980531692505
2.4620485305786133
2.411466360092163
2.329044818878174
2.3263206481933594
2.2713212966918945
2.220442056655884
2.2267374992370605
2.1396613121032715
2.1132545471191406
3.027329206466675
2.9766509532928467
2.8668625354766846
2.8635799884796143
2.79256272315979
2.740281105041504
2.6438679695129395
2.6938886642456055
2.5651848316192627
2.5092246532440186
2.897045612335205
2.860588550567627
2.798581123352051
2.747495412826538
2.734764814376831
2.719846725463867
2.6109120845794678
2.5866141319274902
2.545896053314209
2.5164616107940674
3.3920645713806152
3.3177313804626465
3.2455785274505615
3.228036880493164
3.1572678089141846
3.0972414016723633
3.0535993576049805
3.0430757999420166
2.9391677379608154
2.996729612350464
0.8153964877128601
0.7723197937011719
0.7282044291496277
0.72062748670578
0.6905573606491089
0.6770895719528198
0.6555142402648926
0.6261691451072693
0.6167247891426086
0.584428071975708
0.9591030478477478
0.920889139175415
0.9154343008995056
0.8762391805648804
0.8607169389724731
0.8309870958328247
0.8608270287513733
0.8404520750045776
0.7890936136245728
0.7631675004959106
1.2044429779052734
1.1729308366775513
1.1884045600891113
1.162156581878662
1.1184707880020142
1.085941195487976
1.0704665184020996
1.0668399333953857
1.0479220151901245
1.0291657447814941
1.6938202381134033
1.661995530128479
1.661022424697876
1.595463514328003
1.586229681968689
1.5681782960891724
1.5158674716949463
1.528900384902954
1.508076548576355
1.4922364950180054
2.297712802886963
2.25304913520813
2.2531580924987793
2.2461037635803223
2.1767799854278564
2.1137919425964355
2.035102605819702
1.9957927465438843
2.00791597366333
1.9775673151016235
2.858351945877075
2.782766103744507
2.7515060901641846
2.7470359802246094
2.7047743797302246
2.5729565620422363
2.5775396823883057
2.53269362449646
2.489839553833008
2.4349193572998047
2.9319217205047607
2.8932321071624756
2.8463900089263916
2.7943737506866455
2.724414348602295
2.712747812271118
2.6164698600769043
2.5822243690490723
2.5768909454345703
2.5459775924682617
3.5408310890197754
3.4882657527923584
3.419492721557617
3.3384850025177
3.3127219676971436
3.3049097061157227
3.2429773807525635
3.1594064235687256
3.132748603820801
3.1421847343444824
2.931532859802246
2.954702138900757
2.8668150901794434
2.7712583541870117
2.733354330062866
2.743022918701172
2.7116904258728027
2.6625022888183594
2.6000962257385254
2.5306131839752197
1.2569828033447266
1.1902567148208618
1.1708048582077026
1.1114908456802368
1.0702786445617676
1.0239481925964355
1.0101743936538696
0.9566031098365784
0.9639495611190796
0.9951503872871399
1.2943377494812012
1.259835124015808
1.2288258075714111
1.1552956104278564
1.1604136228561401
1.1821330785751343
1.138256549835205
1.0688674449920654
1.0828310251235962
1.094728946685791
1.528883695602417
1.5043303966522217
1.4506521224975586
1.4398574829101562
1.3830291032791138
1.3683104515075684
1.3498141765594482
1.3535161018371582
1.3326843976974487
1.3063163757324219
1.9445037841796875
1.9576928615570068
1.9331247806549072
1.8359841108322144
1.859529972076416
1.8401302099227905
1.7479512691497803
1.7647852897644043
1.7201294898986816
1.7015423774719238
2.6634116172790527
2.650020122528076
2.561187982559204
2.5096967220306396
2.499366044998169
2.46555233001709
2.383244037628174
2.377052068710327
2.289816379547119
2.243478775024414
3.029171943664551
2.955458879470825
2.9589407444000244
2.843376636505127
2.8252060413360596
2.7462737560272217
2.780538320541382
2.6956281661987305
2.651890754699707
2.6078832149505615
3.008882999420166
2.9720704555511475
2.9722819328308105
2.861403465270996
2.86611008644104
2.752312183380127
2.7523579597473145
2.7645959854125977
2.7079834938049316
2.638627290725708
3.281907081604004
3.235135078430176
3.1737709045410156
3.1243557929992676
3.1159451007843018
3.107640027999878
3.0214500427246094
3.0086424350738525
2.9918735027313232
2.930558681488037
3.400115728378296
3.3372108936309814
3.3380515575408936
3.304036855697632
3.2924482822418213
3.229299545288086
3.2050187587738037
3.1555800437927246
3.1233482360839844
3.0752358436584473
0.7550143599510193
0.7307790517807007
0.7047104835510254
0.686271607875824
0.6385412216186523
0.6407736539840698
0.6466760635375977
0.632300078868866
0.5909408926963806
0.5701372623443604
0.9097276926040649
0.9138588309288025
0.8877139687538147
0.8411038517951965
0.8453315496444702
0.8740052580833435
0.8050009608268738
0.8228873014450073
0.7961249351501465
0.7831376791000366
1.2479298114776611
1.2346036434173584
1.2017183303833008
1.2286750078201294
1.177667498588562
1.1212313175201416
1.1723016500473022
1.1289931535720825
1.1377941370010376
1.0794318914413452
1.7433234453201294
1.7033381462097168
1.6954717636108398
1.637002944946289
1.6215686798095703
1.589369297027588
1.6429734230041504
1.5915642976760864
1.5999141931533813
1.54389226436615
2.33457612991333
2.273387908935547
2.239712953567505
2.159634590148926
2.1940720081329346
2.1444168090820312
2.1019744873046875
2.061444044113159
2.001128911972046
2.021611452102661
3.0325520038604736
3.0473573207855225
2.9710516929626465
2.9143624305725098
2.854076385498047
2.7814249992370605
2.7426469326019287
2.7052969932556152
2.645616054534912
2.658046245574951
3.2375473976135254
3.1847379207611084
3.0832362174987793
3.0812506675720215
3.021392345428467
2.9319069385528564
2.9202189445495605
2.857975482940674
2.848897933959961
2.7447922229766846
3.0260748863220215
2.960547924041748
2.891214609146118
2.8401060104370117
2.7206757068634033
2.7638983726501465
2.7575652599334717
2.695965528488159
2.623704671859741
2.585899829864502
2.974926710128784
2.88757586479187
2.869014024734497
2.7904345989227295
2.7885334491729736
2.68530011177063
2.689673662185669
2.675976037979126
2.6472368240356445
2.623897075653076
0.4705023467540741
0.4559473991394043
0.4495960474014282
0.46925637125968933
0.42118382453918457
0.4047134816646576
0.4094581604003906
0.4141991436481476
0.370696097612381
0.4023972153663635
0.7012172937393188
0.6821251511573792
0.659247100353241
0.681769609451294
0.6609808206558228
0.6697260737419128
0.6157295107841492
0.6097873449325562
0.5795775055885315
0.5998137593269348
1.112220048904419
1.121226191520691
1.0807304382324219
1.105143666267395
1.0306243896484375
1.0607481002807617
0.994997501373291
0.9904706478118896
1.0273032188415527
1.0265159606933594
1.6583548784255981
1.6956506967544556
1.592840552330017
1.5651072263717651
1.5655372142791748
1.5552966594696045
1.5708105564117432
1.528098464012146
1.4761403799057007
1.503678798675537
2.414527416229248
2.367859363555908
2.340611696243286
2.285524845123291
2.2813146114349365
2.220099449157715
2.248008966445923
2.2517173290252686
2.173585891723633
2.1071815490722656
2.72312593460083
2.7674989700317383
2.6837260723114014
2.610170602798462
2.655710458755493
2.5525853633880615
2.5160961151123047
2.5240721702575684
2.4665493965148926
2.4547178745269775
2.7426486015319824
2.6697027683258057
2.6964104175567627
2.6757595539093018
2.656904458999634
2.5645828247070312
2.5883538722991943
2.5673375129699707
2.449557304382324
2.4573049545288086
3.1612868309020996
3.06120228767395
3.075035810470581
3.0182571411132812
3.0318491458892822
2.9330873489379883
2.914468288421631
2.871183156967163
2.8441336154937744
2.83402681350708
3.3039450645446777
3.297039031982422
3.2712721824645996
3.2660348415374756
3.24753737449646
3.1328883171081543
3.0523548126220703
3.04732084274292
3.0438170433044434
3.0282607078552246
0.9231094121932983
0.9139243960380554
0.861900269985199
0.8145585060119629
0.7844583988189697
0.7683162093162537
0.7464643716812134
0.7271865010261536
0.6746605634689331
0.6892953515052795
1.113423228263855
1.083597183227539
1.0215359926223755
1.019188642501831
0.98412024974823
0.9619523882865906
0.9170745015144348
1.0124249458312988
0.9118773341178894
0.9149686098098755
1.410842776298523
1.4086683988571167
1.3973109722137451
1.3559131622314453
1.3173402547836304
1.2666878700256348
1.2568615674972534
1.3211654424667358
1.264872670173645
1.2071455717086792
1.9182226657867432
1.9017906188964844
1.8619563579559326
1.8396084308624268
1.8127975463867188
1.7203031778335571
1.6954450607299805
1.6729227304458618
1.658710241317749
1.6589694023132324
2.7044436931610107
2.543752908706665
2.5172648429870605
2.499086618423462
2.501603603363037
2.4342570304870605
2.352055072784424
2.334517240524292
2.2707583904266357
2.214008331298828
2.8306751251220703
2.7768714427948
2.7522411346435547
2.6614415645599365
2.637143850326538
2.599217414855957
2.5327675342559814
2.5357699394226074
2.4585208892822266
2.446643829345703
3.0198543071746826
3.086815595626831
2.981550931930542
2.9520537853240967
2.893625497817993
2.834158182144165
2.834353446960449
2.812377691268921
2.8052587509155273
2.72173810005188
3.072235584259033
2.9431402683258057
2.9308884143829346
2.8697187900543213
2.802339553833008
2.7204089164733887
2.765026092529297
2.749185562133789
2.717710494995117
2.6670448780059814
2.815579414367676
2.8035049438476562
2.7624130249023438
2.717602252960205
2.6809639930725098
2.6956284046173096
2.581916093826294
2.538944959640503
2.507422924041748
2.550889492034912
0.4887947738170624
0.471040815114975
0.44919487833976746
0.4895455837249756
0.4269466698169708
0.4236973822116852
0.41481250524520874
0.39289140701293945
0.3824308216571808
0.4105607271194458
0.751121997833252
0.7360679507255554
0.7155120968818665
0.7380227446556091
0.6633062362670898
0.678378164768219
0.666090726852417
0.6401704549789429
0.6464988589286804
0.6407831311225891
1.1782065629959106
1.1206938028335571
1.1128355264663696
1.0922682285308838
1.0814404487609863
1.092446208000183
1.0496913194656372
1.054835319519043
1.0621455907821655
1.0583866834640503
1.7612982988357544
1.6567739248275757
1.6571950912475586
1.6352242231369019
1.623300313949585
1.5967259407043457
1.5638831853866577
1.5843576192855835
1.5330877304077148
1.531376838684082
2.492098093032837
2.3916172981262207
2.383538246154785
2.3286285400390625
2.317922830581665
2.2560763359069824
2.250758647918701
2.215425729751587
2.1758577823638916
2.143956422805786
3.005882978439331
2.8831610679626465
2.872614860534668
2.8312859535217285
2.811403274536133
2.7787585258483887
2.7388577461242676
2.7232837677001953
2.6446704864501953
2.6273550987243652
3.0882153511047363
2.956230640411377
2.9423139095306396
2.927393674850464
2.884340763092041
2.8411753177642822
2.836061954498291
2.768331527709961
2.821467638015747
2.7222325801849365
3.0819454193115234
3.0206947326660156
3.030609130859375
2.9817728996276855
2.959608793258667
2.938791513442993
2.869072914123535
2.839975118637085
2.8869519233703613
2.8464791774749756
2.8250813484191895
2.8021626472473145
2.7521772384643555
2.7622387409210205
2.742293357849121
2.7179906368255615
2.6480093002319336
2.66475772857666
2.6273677349090576
2.599973440170288
0.9834669232368469
0.9580996036529541
0.9122899174690247
0.8889029622077942
0.8461820483207703
0.8242666721343994
0.7521505951881409
0.7601708173751831
0.7343460321426392
0.6760960817337036
1.062322974205017
1.0475186109542847
1.0064811706542969
1.0051310062408447
0.933795154094696
0.9364405274391174
0.9558476805686951
0.8935590982437134
0.8884034752845764
0.8798412084579468
1.3889656066894531
1.4029415845870972
1.3265360593795776
1.3109909296035767
1.259416103363037
1.241132378578186
1.2177387475967407
1.2111411094665527
1.1841281652450562
1.1755362749099731
1.8458187580108643
1.792022705078125
1.756541132926941
1.7102272510528564
1.7031574249267578
1.6599082946777344
1.6012794971466064
1.5694807767868042
1.5968945026397705
1.5358655452728271
2.5634775161743164
2.5375137329101562
2.474215030670166
2.434448003768921
2.3905742168426514
2.3197762966156006
2.2586309909820557
2.2107067108154297
2.2148094177246094
2.16894793510437
2.9282050132751465
2.8229238986968994
2.8111884593963623
2.678816795349121
2.733215808868408
2.5929906368255615
2.5769832134246826
2.6247546672821045
2.4519357681274414
2.4417316913604736
3.0905990600585938
2.96209716796875
2.9686827659606934
2.849708080291748
2.888523578643799
2.799180507659912
2.772613525390625
2.7819082736968994
2.649475574493408
2.680690050125122
3.3157460689544678
3.2235050201416016
3.129446268081665
3.0669353008270264
3.0450901985168457
2.968459129333496
2.994478464126587
2.9256508350372314
2.9431405067443848
2.8532910346984863
3.403296947479248
3.388216972351074
3.2588019371032715
3.267817735671997
3.2203140258789062
3.1630935668945312
3.124133586883545
3.0618348121643066
3.0512161254882812
3.015252113342285
0.51963210105896
0.48808711767196655
0.4607246220111847
0.49365946650505066
0.456570565700531
0.46357405185699463
0.4215383529663086
0.42909976840019226
0.408039391040802
0.4175506830215454
0.7704702615737915
0.765985369682312
0.7539316415786743
0.7234119772911072
0.7162434458732605
0.717092752456665
0.6888959407806396
0.685746431350708
0.6555435657501221
0.640291154384613
1.2265851497650146
1.1903951168060303
1.178788185119629
1.1381633281707764
1.1171255111694336
1.1105657815933228
1.1194791793823242
1.1025307178497314
1.0467537641525269
1.0785917043685913
1.7766139507293701
1.690659523010254
1.7210144996643066
1.66879141330719
1.6657989025115967
1.6429476737976074
1.6211698055267334
1.615341305732727
1.5655361413955688
1.5565409660339355
2.5998129844665527
2.4337000846862793
2.4771358966827393
2.4255692958831787
2.3833351135253906
2.3678879737854004
2.3481509685516357
2.2644286155700684
2.218136787414551
2.1966192722320557
2.6039834022521973
2.5349981784820557
2.5084123611450195
2.504871368408203
2.420447587966919
2.406202554702759
2.426760673522949
2.358041763305664
2.3561229705810547
2.321565628051758
2.7859559059143066
2.7477028369903564
2.7421324253082275
2.7015743255615234
2.673224687576294
2.6478233337402344
2.6593704223632812
2.6294968128204346
2.589545726776123
2.494086980819702
2.3975720405578613
2.3442723751068115
2.378746509552002
2.243414878845215
2.2825117111206055
2.3082826137542725
2.2308523654937744
2.179802894592285
2.191859006881714
2.1924667358398438
2.9787912368774414
2.904242992401123
2.8710498809814453
2.916822671890259
2.8153562545776367
2.809648036956787
2.7074177265167236
2.6690173149108887
2.6583478450775146
2.6916816234588623
