3.5017201900482178
3.4876868724823
3.5117969512939453
3.4830353260040283
3.5010898113250732
3.4686546325683594
3.4526562690734863
3.4544761180877686
3.482999801635742
3.4811928272247314
3.6527822017669678
3.6070616245269775
3.599853277206421
3.6114907264709473
3.5704445838928223
3.5670838356018066
3.5780067443847656
3.6043171882629395
3.574371576309204
3.60414719581604
3.8134756088256836
3.806765079498291
3.8380579948425293
3.7781782150268555
3.766045570373535
3.804600715637207
3.780857563018799
3.7836787700653076
3.7491214275360107
3.780134677886963
4.305456161499023
4.323028564453125
4.277848720550537
4.273105621337891
4.331871509552002
4.236235618591309
4.3073530197143555
4.214393138885498
4.199062347412109
4.287654876708984
4.9427876472473145
4.809589862823486
4.850345134735107
4.87339973449707
4.844590663909912
4.801061153411865
4.7776007652282715
4.86618185043335
4.785507678985596
4.75828218460083
4.763383865356445
4.742181301116943
4.692811489105225
4.660921573638916
4.71482515335083
4.653622627258301
4.697178840637207
4.688019752502441
4.613490581512451
4.610537052154541
4.4077534675598145
4.369866371154785
4.329822063446045
4.347972869873047
4.3142313957214355
4.328904151916504
4.2874274253845215
4.232494354248047
4.2160234451293945
4.245024681091309
4.726393699645996
4.700191020965576
4.642282962799072
4.65983247756958
4.609272003173828
4.537585258483887
4.584403991699219
4.6300530433654785
4.581817626953125
4.5037078857421875
4.437073230743408
4.388442039489746
4.405306339263916
4.306838512420654
4.285989284515381
4.288723945617676
4.308991432189941
4.206426620483398
4.239092826843262
4.248661518096924
2.673542022705078
2.646204710006714
2.6806483268737793
2.638695001602173
2.652383804321289
2.587411642074585
2.643948554992676
2.611506700515747
2.671992301940918
2.6018049716949463
2.9100046157836914
2.908435583114624
2.9036648273468018
2.8768694400787354
2.897287368774414
2.8943488597869873
2.886118173599243
2.9251456260681152
2.864488363265991
2.848987340927124
3.433133363723755
3.473696708679199
3.4887349605560303
3.4655048847198486
3.4473233222961426
3.459315538406372
3.4380199909210205
3.454010486602783
3.447578191757202
3.400472640991211
4.3669891357421875
4.31634521484375
4.352081298828125
4.357248306274414
4.349356651306152
4.2781453132629395
4.295614242553711
4.290976047515869
4.308380603790283
4.316248893737793
3.829153537750244
3.8226521015167236
3.8422069549560547
3.8284835815429688
3.8080897331237793
3.804506778717041
3.7615091800689697
3.725342273712158
3.7741360664367676
3.7522997856140137
4.454740047454834
4.41815710067749
4.4049506187438965
4.434750556945801
4.369774341583252
4.429349422454834
4.39314603805542
4.387362957000732
4.384369850158691
4.387296199798584
4.7357497215271
4.699621677398682
4.721437931060791
4.675050735473633
4.627531051635742
4.683318614959717
4.613898277282715
4.672228813171387
4.623755931854248
4.606669902801514
4.155022144317627
4.179525375366211
4.162128448486328
4.139094829559326
4.135133743286133
4.135948657989502
4.063484191894531
4.0649919509887695
4.091063022613525
4.062548637390137
4.408364295959473
4.457613945007324
4.38612174987793
4.376370906829834
4.407829761505127
4.377366542816162
4.3548264503479
4.394655704498291
4.356135845184326
4.358742713928223
2.2868499755859375
2.154118776321411
2.248290538787842
2.161877393722534
2.2657876014709473
2.213101625442505
2.261274576187134
2.220698118209839
2.2213656902313232
2.208531141281128
2.457137107849121
2.410714626312256
2.4503753185272217
2.4516818523406982
2.4408493041992188
2.409137010574341
2.4371659755706787
2.432961940765381
2.415116310119629
2.417041301727295
3.098541736602783
3.1128108501434326
3.118163585662842
3.048541784286499
3.0496721267700195
3.0542593002319336
3.0583930015563965
3.0294933319091797
3.0378997325897217
3.0537145137786865
3.9281716346740723
3.9179940223693848
3.8697712421417236
3.856576442718506
3.850975751876831
3.838606834411621
3.8760039806365967
3.7910313606262207
3.787623643875122
3.791837692260742
3.850306987762451
3.8602495193481445
3.8456625938415527
3.78751802444458
3.7760119438171387
3.769357204437256
3.8081259727478027
3.752441644668579
3.726043462753296
3.7585763931274414
4.426610946655273
4.398366928100586
4.408768177032471
4.42289924621582
4.400379657745361
4.413208961486816
4.436126708984375
4.370629787445068
4.369171142578125
4.300482749938965
5.2782673835754395
5.180161476135254
5.212707042694092
5.13974666595459
5.151329040527344
5.174121379852295
5.2282843589782715
5.156890392303467
5.158602714538574
5.165639400482178
3.843043327331543
3.866334915161133
3.8174338340759277
3.8184099197387695
3.840728998184204
3.7958035469055176
3.7970340251922607
3.8574328422546387
3.784207582473755
3.7607421875
4.03084135055542
3.9415266513824463
3.986048936843872
3.9963061809539795
3.933957576751709
3.953171730041504
3.926224946975708
3.8674991130828857
3.869642972946167
3.91359543800354
1.890643835067749
1.8648675680160522
1.8051080703735352
1.8297200202941895
1.8574663400650024
1.8470112085342407
1.8152602910995483
1.7992011308670044
1.82785964012146
1.804207682609558
2.0652689933776855
2.129668712615967
2.0607101917266846
2.0721423625946045
2.0669195652008057
2.0368399620056152
2.080038070678711
2.0515050888061523
2.0572283267974854
2.0318520069122314
3.0473721027374268
3.035876750946045
2.987600803375244
2.9807355403900146
2.9944562911987305
2.9728341102600098
2.953781843185425
2.9582879543304443
2.943730115890503
2.929365873336792
3.9022910594940186
3.7943694591522217
3.8582370281219482
3.8064615726470947
3.8243319988250732
3.768355369567871
3.7929883003234863
3.7727673053741455
3.7710185050964355
3.7508223056793213
3.3910598754882812
3.436765670776367
3.4392263889312744
3.4051599502563477
3.4083664417266846
3.4240503311157227
3.339326858520508
3.3860862255096436
3.39829421043396
3.4092795848846436
4.065066337585449
4.078362464904785
4.076211929321289
4.083858489990234
4.069649696350098
4.099236488342285
4.017723083496094
4.076779365539551
4.052962303161621
4.05263614654541
4.031432628631592
3.9784107208251953
3.9877915382385254
4.002424240112305
4.009997367858887
3.9740240573883057
3.9115002155303955
3.936115264892578
3.959592342376709
3.8989834785461426
4.310364723205566
4.347497940063477
4.3218584060668945
4.288729667663574
4.256133556365967
4.267612457275391
4.280660152435303
4.237629413604736
4.28489351272583
4.272187232971191
4.97859525680542
4.9368085861206055
4.923230171203613
4.858545303344727
4.877322196960449
4.8883771896362305
4.893713474273682
4.844653606414795
4.850706100463867
4.828040599822998
1.567238450050354
1.5596166849136353
1.5216931104660034
1.552539348602295
1.5458556413650513
1.484909176826477
1.4944185018539429
1.5326327085494995
1.4860342741012573
1.4805415868759155
1.987736463546753
2.0047242641448975
1.9645216464996338
1.9689908027648926
1.9323174953460693
1.9639248847961426
1.8940469026565552
1.9570531845092773
1.9188529253005981
1.930866003036499
2.783613443374634
2.7495152950286865
2.7832794189453125
2.7108168601989746
2.797607898712158
2.722726345062256
2.766526699066162
2.758117198944092
2.7460718154907227
2.7684438228607178
3.6540820598602295
3.647902011871338
3.6835949420928955
3.664834499359131
3.7382829189300537
3.6342525482177734
3.582054376602173
3.5843544006347656
3.6328821182250977
3.6146833896636963
3.2526252269744873
3.2319579124450684
3.1629929542541504
3.1776585578918457
3.214726209640503
3.169670581817627
3.151531457901001
3.1554019451141357
3.161099910736084
3.182281732559204
3.3825266361236572
3.385911464691162
3.3462717533111572
3.39089298248291
3.321988344192505
3.347404718399048
3.2974190711975098
3.3319993019104004
3.3318793773651123
3.2830710411071777
4.377551555633545
4.354894638061523
4.342833518981934
4.3772172927856445
4.315013885498047
4.309736251831055
4.27933406829834
4.353611946105957
4.226099967956543
4.278314590454102
3.8446571826934814
3.839366912841797
3.852195978164673
3.816725492477417
3.7569706439971924
3.776350259780884
3.7898266315460205
3.7667510509490967
3.7446725368499756
3.7654223442077637
3.8425819873809814
3.877697467803955
3.822108268737793
3.8459317684173584
3.806537628173828
3.8319499492645264
3.878931760787964
3.80688738822937
3.765167474746704
3.8002264499664307
1.5144712924957275
1.497161626815796
1.4536535739898682
1.4264764785766602
1.4682835340499878
1.4684793949127197
1.4411180019378662
1.4220433235168457
1.4215086698532104
1.4182926416397095
1.9321194887161255
1.9324532747268677
1.9577809572219849
1.9053353071212769
1.9126728773117065
1.9280312061309814
1.8739758729934692
1.877319574356079
1.8692998886108398
1.8650604486465454
3.031674861907959
3.0208301544189453
3.039213180541992
3.0493710041046143
2.9889934062957764
3.02763032913208
3.037196636199951
2.9779481887817383
3.030635118484497
2.9914791584014893
4.1335883140563965
4.136497974395752
4.1482343673706055
4.15858268737793
4.090427875518799
4.109912872314453
4.1272101402282715
4.107508659362793
4.0572919845581055
4.039363384246826
3.45998215675354
3.456514835357666
3.4524049758911133
3.374675989151001
3.4391472339630127
3.4363961219787598
3.3922488689422607
3.4276065826416016
3.3713717460632324
3.3967466354370117
4.074570655822754
4.120184421539307
4.045812129974365
4.039055824279785
4.010571479797363
3.9746317863464355
4.042154788970947
4.023049831390381
3.980558395385742
3.9796841144561768
3.8442540168762207
3.77262806892395
3.7768499851226807
3.7757022380828857
3.7273287773132324
3.764918327331543
3.727926015853882
3.7328333854675293
3.7363476753234863
3.710871696472168
3.7258267402648926
3.746922016143799
3.7469682693481445
3.7252962589263916
3.676734685897827
3.702045202255249
3.646165609359741
3.714848279953003
3.6784849166870117
3.6375691890716553
4.637650489807129
4.6440863609313965
4.646430492401123
4.625184535980225
4.6372270584106445
4.583958625793457
4.636898517608643
4.554534435272217
4.595203876495361
4.50964879989624
1.2588403224945068
1.2554718255996704
1.2389881610870361
1.2126178741455078
1.2299113273620605
1.206728219985962
1.1647685766220093
1.2022894620895386
1.1803213357925415
1.157573938369751
1.7157652378082275
1.7220842838287354
1.6835545301437378
1.7493184804916382
1.7353944778442383
1.7288895845413208
1.682071328163147
1.6722432374954224
1.6876431703567505
1.6979382038116455
2.7848739624023438
2.715343952178955
2.7056145668029785
2.7612550258636475
2.7370874881744385
2.77112078666687
2.677168607711792
2.733703136444092
2.6962766647338867
2.7025644779205322
3.3500216007232666
3.288606882095337
3.3218228816986084
3.332047700881958
3.2762649059295654
3.2897512912750244
3.293058156967163
3.3202288150787354
3.2550084590911865
3.2362492084503174
3.6594674587249756
3.691739559173584
3.6118361949920654
3.6647565364837646
3.643157482147217
3.6181113719940186
3.6220054626464844
3.5478105545043945
3.609381675720215
3.5678725242614746
3.417729139328003
3.403230905532837
3.3971567153930664
3.397047281265259
3.4402432441711426
3.3715555667877197
3.363436698913574
3.373370885848999
3.404000759124756
3.3477892875671387
4.600529670715332
4.6197099685668945
4.654183387756348
4.649928569793701
4.608793258666992
4.562762260437012
4.620780944824219
4.58830451965332
4.5951361656188965
4.5009541511535645
3.906895637512207
3.928050994873047
3.859588384628296
3.9293763637542725
3.8610305786132812
3.8635878562927246
3.819394111633301
3.8388822078704834
3.8382580280303955
3.832669734954834
3.3577756881713867
3.3089804649353027
3.280954599380493
3.3297085762023926
3.3467822074890137
3.3230366706848145
3.350891590118408
3.2913641929626465
3.269883394241333
3.2267367839813232
1.034670114517212
0.9975318908691406
1.0121296644210815
0.9533547759056091
0.9470290541648865
0.9368911981582642
0.9220201373100281
0.9151579737663269
0.912574052810669
0.9201862812042236
1.549850583076477
1.53646719455719
1.5600639581680298
1.5454204082489014
1.503471851348877
1.480243444442749
1.4877982139587402
1.4809472560882568
1.4817662239074707
1.4723734855651855
2.4347105026245117
2.43462872505188
2.399780750274658
2.341994524002075
2.349555015563965
2.3822648525238037
2.3504526615142822
2.3566863536834717
2.3196280002593994
2.3578317165374756
3.494387626647949
3.459897518157959
3.4417741298675537
3.388315439224243
3.4170327186584473
3.408586263656616
3.420734167098999
3.433371067047119
3.3687779903411865
3.325187921524048
3.288719415664673
3.2687387466430664
3.240264892578125
3.203374147415161
3.175926685333252
3.203490972518921
3.1936004161834717
3.1986162662506104
3.1781363487243652
3.1707069873809814
4.59994649887085
4.613976001739502
4.568999290466309
4.580544471740723
4.594402313232422
4.600179672241211
4.5823259353637695
4.580263614654541
4.532690525054932
4.558639049530029
3.815284252166748
3.8242146968841553
3.8048784732818604
3.816065788269043
3.8538851737976074
3.741203546524048
3.7849669456481934
3.7269017696380615
3.7793869972229004
3.729698657989502
4.175249099731445
4.161045074462891
4.151424407958984
4.144376754760742
4.118106842041016
4.117454528808594
4.070596694946289
4.13214635848999
4.070586204528809
4.121692657470703
3.851745128631592
3.808582305908203
3.79116153717041
3.7774176597595215
3.770130157470703
3.810858964920044
3.7464547157287598
3.7332544326782227
3.7467000484466553
3.780003309249878
0.7420042753219604
0.7246745824813843
0.6922417879104614
0.6913297772407532
0.6561380624771118
0.6865440607070923
0.680249035358429
0.6589096188545227
0.6463944911956787
0.6419048309326172
1.234823226928711
1.2538785934448242
1.180785894393921
1.1265251636505127
1.1777400970458984
1.1653673648834229
1.1885348558425903
1.1481586694717407
1.1327954530715942
1.1164010763168335
2.20493221282959
2.209625720977783
2.2017271518707275
2.2368593215942383
2.1678476333618164
2.18149471282959
2.177046298980713
2.187734842300415
2.1771605014801025
2.2268242835998535
3.8105251789093018
3.8437161445617676
3.8288581371307373
3.8360238075256348
3.769315481185913
3.8328447341918945
3.726799488067627
3.776111364364624
3.774595260620117
3.739917039871216
3.425309419631958
3.434396505355835
3.382463216781616
3.3953771591186523
3.3537585735321045
3.365105152130127
3.3635177612304688
3.284320116043091
3.344221591949463
3.3804163932800293
3.9868533611297607
4.031171798706055
3.9197163581848145
3.9510085582733154
3.9860634803771973
3.9361627101898193
3.889922857284546
3.9283456802368164
3.9450724124908447
3.8380911350250244
3.0907931327819824
3.0327248573303223
3.054590940475464
3.036609411239624
2.9649016857147217
3.0393385887145996
2.9693520069122314
2.894479990005493
2.9679460525512695
2.946920394897461
4.855565071105957
4.900144577026367
4.800616264343262
4.824109077453613
4.807799339294434
4.7571210861206055
4.7343621253967285
4.770573139190674
4.733789443969727
4.758148670196533
3.7810287475585938
3.7919435501098633
3.7382354736328125
3.6798899173736572
3.6785502433776855
3.6502184867858887
3.6341755390167236
3.6133012771606445
3.5957577228546143
3.610769271850586
0.5990482568740845
0.590632975101471
0.5634936690330505
0.5384690165519714
0.5291584730148315
0.5182832479476929
0.5149927735328674
0.5082243084907532
0.5049031972885132
0.49935635924339294
1.240722894668579
1.2318360805511475
1.2201350927352905
1.1363803148269653
1.1642451286315918
1.1418646574020386
1.1797587871551514
1.1310871839523315
1.1297130584716797
1.0938102006912231
2.219852924346924
2.1766035556793213
2.15684175491333
2.142789840698242
2.155144214630127
2.118192434310913
2.137176990509033
2.160114049911499
2.172351360321045
2.1874606609344482
3.609001398086548
3.582209825515747
3.5615596771240234
3.5406076908111572
3.488767385482788
3.4845457077026367
3.4972269535064697
3.4788644313812256
3.4468514919281006
3.467344284057617
4.6788530349731445
4.699282169342041
4.6363935470581055
4.699153900146484
4.664854526519775
4.6307878494262695
4.573655128479004
4.584179878234863
4.5711541175842285
4.52508020401001
2.8945040702819824
2.879451036453247
2.8861284255981445
2.8319923877716064
2.9155945777893066
2.84578800201416
2.851346969604492
2.7990710735321045
2.7764463424682617
2.787895917892456
3.9829070568084717
3.9865856170654297
4.014978885650635
3.957923173904419
3.945446014404297
3.925567865371704
3.917618751525879
3.960261821746826
3.872584581375122
3.840510845184326
4.426751613616943
4.481468200683594
4.488224983215332
4.455316543579102
4.425802230834961
4.341654300689697
4.3400068283081055
4.362942695617676
4.32179069519043
4.290046691894531
4.117794990539551
4.127867698669434
4.07659387588501
4.0577392578125
4.010856628417969
4.018787384033203
4.005510330200195
3.972806692123413
3.9592885971069336
3.9262070655822754
0.5625268816947937
0.5651199221611023
0.5226540565490723
0.5076144933700562
0.520707905292511
0.468655526638031
0.44893303513526917
0.49134010076522827
0.4268035888671875
0.4662461280822754
1.0217753648757935
1.0706380605697632
1.0071992874145508
1.0209826231002808
1.01292884349823
0.9995709657669067
0.9828755855560303
0.9646095633506775
0.9071220755577087
0.969558596611023
1.989755630493164
1.9536296129226685
1.9720079898834229
2.012852191925049
1.9370836019515991
1.8922823667526245
1.9117803573608398
1.87552011013031
1.9076851606369019
1.8726506233215332
3.5332751274108887
3.602267026901245
3.582850217819214
3.6032705307006836
3.5030176639556885
3.4590542316436768
3.5034067630767822
3.447175979614258
3.4541447162628174
3.444685697555542
3.364412307739258
3.369249105453491
3.393889904022217
3.3924272060394287
3.354658365249634
3.3899998664855957
3.3530991077423096
3.340639591217041
3.26973819732666
3.329531192779541
3.500748872756958
3.420346975326538
3.4529240131378174
3.41127347946167
3.410405158996582
3.4163858890533447
3.352323055267334
3.3345205783843994
3.3038721084594727
3.3316287994384766
3.2000439167022705
3.231635093688965
3.1913857460021973
3.2203574180603027
3.198482036590576
3.1137866973876953
3.131878614425659
3.1183383464813232
3.059596061706543
3.078226327896118
4.449812889099121
4.515927314758301
4.465206146240234
4.493014812469482
4.465940952301025
4.35437536239624
4.334858417510986
4.333914279937744
4.3073601722717285
4.288335800170898
3.821352243423462
3.9078876972198486
3.8159937858581543
3.839313268661499
3.7668378353118896
3.71822452545166
3.703037738800049
3.762193441390991
3.669743061065674
3.649284601211548
0.4707885682582855
0.44815874099731445
0.43618735671043396
0.3930528163909912
0.4151873290538788
0.38922083377838135
0.3918614089488983
0.41024965047836304
0.3707459568977356
0.37421855330467224
1.0126267671585083
0.992995023727417
0.9402714967727661
0.9406005144119263
0.89818274974823
0.940678060054779
0.9097838401794434
0.8829946517944336
0.8789037466049194
0.8994735479354858
1.9335412979125977
1.9104527235031128
1.9541395902633667
1.9423820972442627
1.9426627159118652
1.8746212720870972
1.8597115278244019
1.8246002197265625
1.8922232389450073
1.8136132955551147
3.8489205837249756
3.785606861114502
3.7630975246429443
3.819108486175537
3.749652147293091
3.6664721965789795
3.778730869293213
3.7257440090179443
3.693613052368164
3.681105613708496
2.9664371013641357
2.9087297916412354
2.931624412536621
2.973722457885742
2.9749627113342285
2.9174416065216064
2.915271520614624
2.940196990966797
2.9375784397125244
2.9028332233428955
4.1030473709106445
4.180095672607422
4.160340785980225
4.089634895324707
4.179872035980225
4.077418327331543
4.036529064178467
4.094455718994141
4.045022964477539
4.04416036605835
4.037507057189941
3.9688854217529297
3.9983901977539062
3.9347763061523438
3.9359259605407715
4.005022048950195
3.9247848987579346
3.9528510570526123
3.9049124717712402
3.892951488494873
3.1103031635284424
3.1151742935180664
3.135047435760498
3.119255781173706
3.107511520385742
3.1292924880981445
3.0740485191345215
3.101006269454956
3.057663917541504
3.087381601333618
4.3915276527404785
4.355008125305176
4.295241832733154
4.329190254211426
4.276346206665039
4.266464710235596
4.204700946807861
4.2496256828308105
4.193097114562988
4.187073707580566
0.24018444120883942
0.2443869709968567
0.24422352015972137
0.21434827148914337
0.22159066796302795
0.22652755677700043
0.21611428260803223
0.20784492790699005
0.207741379737854
0.20738986134529114
0.7821868062019348
0.7521468997001648
0.725875198841095
0.7226548194885254
0.7026578187942505
0.7092214822769165
0.6663079261779785
0.6707375049591064
0.7017666101455688
0.6352609395980835
1.5301343202590942
1.4924904108047485
1.464194655418396
1.4328536987304688
1.3891754150390625
1.407088279724121
1.4518895149230957
1.379853367805481
1.4051408767700195
1.4080657958984375
3.228687047958374
3.1518518924713135
3.148683786392212
3.1881585121154785
3.129876136779785
3.1309807300567627
3.134655237197876
3.072935104370117
3.0791399478912354
3.070629835128784
3.035442590713501
3.082214832305908
3.0012409687042236
3.042754650115967
2.974850654602051
2.9924983978271484
2.971496343612671
3.016904830932617
3.0032780170440674
2.9711310863494873
4.059059143066406
4.039536952972412
4.031960964202881
4.028324604034424
4.082373142242432
4.017177104949951
3.9440207481384277
3.994947671890259
4.003842353820801
4.06047248840332
3.0458898544311523
3.0568556785583496
3.0350639820098877
3.00162935256958
3.1118125915527344
2.984764575958252
3.0274462699890137
3.045743227005005
2.9848365783691406
2.9502060413360596
5.0988922119140625
5.141437530517578
5.069147109985352
5.067449569702148
5.057687282562256
5.04543399810791
5.027100086212158
4.963894844055176
4.918885707855225
4.880862236022949
3.8232362270355225
3.7146825790405273
3.71626877784729
3.709331512451172
3.639327049255371
3.5951831340789795
3.6740384101867676
3.595416784286499
3.596872329711914
3.5668604373931885
