3.5017201900482178
3.4876868724823
3.5117969512939453
3.4830353260040283
3.5010898113250732
3.4686546325683594
3.4526562690734863
3.4544761180877686
3.482999801635742
3.4811928272247314
3.6527822017669678
3.6070616245269775
3.599853277206421
3.6114907264709473
3.5704445838928223
3.5670838356018066
3.5780067443847656
3.6043171882629395
3.574371576309204
3.60414719581604
3.8134756088256836
3.806765079498291
3.8380579948425293
3.7781782150268555
3.766045570373535
3.804600715637207
3.780857563018799
3.7836787700653076
3.7491214275360107
3.780134677886963
4.305456161499023
4.323028564453125
4.277848720550537
4.273105621337891
4.331871509552002
4.236235618591309
4.3073530197143555
4.214393138885498
4.199062347412109
4.287654876708984
4.9427876472473145
4.809589862823486
4.850345134735107
4.87339973449707
4.844590663909912
4.801061153411865
4.7776007652282715
4.86618185043335
4.785507678985596
4.75828218460083
4.763383865356445
4.742181301116943
4.692811489105225
4.660921573638916
4.71482515335083
4.653622627258301
4.697178840637207
4.688019752502441
4.613490581512451
4.610537052154541
4.4077534675598145
4.369866371154785
4.329822063446045
4.347972869873047
4.3142313957214355
4.328904151916504
4.2874274253845215
4.232494354248047
4.2160234451293945
4.245024681091309
4.726393699645996
4.700191020965576
4.642282962799072
4.65983247756958
4.609272003173828
4.537585258483887
4.584403991699219
4.6300530433654785
4.581817626953125
4.5037078857421875
4.437073230743408
4.388442039489746
4.405306339263916
4.306838512420654
4.285989284515381
4.288723945617676
4.308991432189941
4.206426620483398
4.239092826843262
4.248661518096924
2.673542022705078
2.646204710006714
2.6806483268737793
2.638695001602173
2.652383804321289
2.587411642074585
2.643948554992676
2.611506700515747
2.671992301940918
2.6018049716949463
2.9100046157836914
2.908435583114624
2.9036648273468018
2.8768694400787354
2.897287368774414
2.8943488597869873
2.886118173599243
2.9251456260681152
2.864488363265991
2.848987340927124
3.433133363723755
3.473696708679199
3.4887349605560303
3.4655048847198486
3.4473233222961426
3.459315538406372
3.4380199909210205
3.454010486602783
3.447578191757202
3.400472640991211
4.3669891357421875
4.31634521484375
4.352081298828125
4.357248306274414
4.349356651306152
4.2781453132629395
4.295614242553711
4.290976047515869
4.308380603790283
4.316248893737793
3.829153537750244
3.8226521015167236
3.8422069549560547
3.8284835815429688
3.8080897331237793
3.804506778717041
3.7615091800689697
3.725342273712158
3.7741360664367676
3.7522997856140137
4.454740047454834
4.41815710067749
4.4049506187438965
4.434750556945801
4.369774341583252
4.429349422454834
4.39314603805542
4.387362957000732
4.384369850158691
4.387296199798584
4.7357497215271
4.699621677398682
4.721437931060791
4.675050735473633
4.627531051635742
4.683318614959717
4.613898277282715
4.672228813171387
4.623755931854248
4.606669902801514
4.155022144317627
4.179525375366211
4.162128448486328
4.139094829559326
4.135133743286133
4.135948657989502
4.063484191894531
4.0649919509887695
4.091063022613525
4.062548637390137
4.408364295959473
4.457613945007324
4.38612174987793
4.376370906829834
4.407829761505127
4.377366542816162
4.3548264503479
4.394655704498291
4.356135845184326
4.358742713928223
