3.5017201900482178
3.4876868724823
3.5117969512939453
3.4830353260040283
3.5010898113250732
3.4686546325683594
3.4526562690734863
3.4544761180877686
3.482999801635742
3.4811928272247314
3.6527822017669678
3.6070616245269775
3.599853277206421
3.6114907264709473
3.5704445838928223
3.5670838356018066
3.5780067443847656
3.6043171882629395
3.574371576309204
3.60414719581604
3.8134756088256836
3.806765079498291
3.8380579948425293
3.7781782150268555
3.766045570373535
3.804600715637207
3.780857563018799
3.7836787700653076
3.7491214275360107
3.780134677886963
4.305456161499023
4.323028564453125
4.277848720550537
4.273105621337891
4.331871509552002
4.236235618591309
4.3073530197143555
4.214393138885498
4.199062347412109
4.287654876708984
4.9427876472473145
4.809589862823486
4.850345134735107
4.87339973449707
4.844590663909912
4.801061153411865
4.7776007652282715
4.86618185043335
4.785507678985596
4.75828218460083
4.763383865356445
4.742181301116943
4.692811489105225
4.660921573638916
4.71482515335083
4.653622627258301
4.697178840637207
4.688019752502441
4.613490581512451
4.610537052154541
4.4077534675598145
4.369866371154785
4.329822063446045
4.347972869873047
4.3142313957214355
4.328904151916504
4.2874274253845215
4.232494354248047
4.2160234451293945
4.245024681091309
4.726393699645996
4.700191020965576
4.642282962799072
4.65983247756958
4.609272003173828
4.537585258483887
4.584403991699219
4.6300530433654785
4.581817626953125
4.5037078857421875
4.437073230743408
4.388442039489746
4.405306339263916
4.306838512420654
4.285989284515381
4.288723945617676
4.308991432189941
4.206426620483398
4.239092826843262
4.248661518096924
2.673542022705078
2.646204710006714
2.6806483268737793
2.638695001602173
2.652383804321289
2.587411642074585
2.643948554992676
2.611506700515747
2.671992301940918
2.6018049716949463
2.9100046157836914
2.908435583114624
2.9036648273468018
2.8768694400787354
2.897287368774414
2.8943488597869873
2.886118173599243
2.9251456260681152
2.864488363265991
2.848987340927124
3.433133363723755
3.473696708679199
3.4887349605560303
3.4655048847198486
3.4473233222961426
3.459315538406372
3.4380199909210205
3.454010486602783
3.447578191757202
3.400472640991211
4.3669891357421875
4.31634521484375
4.352081298828125
4.357248306274414
4.349356651306152
4.2781453132629395
4.295614242553711
4.290976047515869
4.308380603790283
4.316248893737793
3.829153537750244
3.8226521015167236
3.8422069549560547
3.8284835815429688
3.8080897331237793
3.804506778717041
3.7615091800689697
3.725342273712158
3.7741360664367676
3.7522997856140137
4.454740047454834
4.41815710067749
4.4049506187438965
4.434750556945801
4.369774341583252
4.429349422454834
4.39314603805542
4.387362957000732
4.384369850158691
4.387296199798584
4.7357497215271
4.699621677398682
4.721437931060791
4.675050735473633
4.627531051635742
4.683318614959717
4.613898277282715
4.672228813171387
4.623755931854248
4.606669902801514
4.155022144317627
4.179525375366211
4.162128448486328
4.139094829559326
4.135133743286133
4.135948657989502
4.063484191894531
4.0649919509887695
4.091063022613525
4.062548637390137
4.408364295959473
4.457613945007324
4.38612174987793
4.376370906829834
4.407829761505127
4.377366542816162
4.3548264503479
4.394655704498291
4.356135845184326
4.358742713928223
2.2868499755859375
2.154118776321411
2.248290538787842
2.161877393722534
2.2657876014709473
2.213101625442505
2.261274576187134
2.220698118209839
2.2213656902313232
2.208531141281128
2.457137107849121
2.410714626312256
2.4503753185272217
2.4516818523406982
2.4408493041992188
2.409137010574341
2.4371659755706787
2.432961940765381
2.415116310119629
2.417041301727295
3.098541736602783
3.1128108501434326
3.118163585662842
3.048541784286499
3.0496721267700195
3.0542593002319336
3.0583930015563965
3.0294933319091797
3.0378997325897217
3.0537145137786865
3.9281716346740723
3.9179940223693848
3.8697712421417236
3.856576442718506
3.850975751876831
3.838606834411621
3.8760039806365967
3.7910313606262207
3.787623643875122
3.791837692260742
3.850306987762451
3.8602495193481445
3.8456625938415527
3.78751802444458
3.7760119438171387
3.769357204437256
3.8081259727478027
3.752441644668579
3.726043462753296
3.7585763931274414
4.426610946655273
4.398366928100586
4.408768177032471
4.42289924621582
4.400379657745361
4.413208961486816
4.436126708984375
4.370629787445068
4.369171142578125
4.300482749938965
5.2782673835754395
5.180161476135254
5.212707042694092
5.13974666595459
5.151329040527344
5.174121379852295
5.2282843589782715
5.156890392303467
5.158602714538574
5.165639400482178
3.843043327331543
3.866334915161133
3.8174338340759277
3.8184099197387695
3.840728998184204
3.7958035469055176
3.7970340251922607
3.8574328422546387
3.784207582473755
3.7607421875
4.03084135055542
3.9415266513824463
3.986048936843872
3.9963061809539795
3.933957576751709
3.953171730041504
3.926224946975708
3.8674991130828857
3.869642972946167
3.91359543800354
1.890643835067749
1.8648675680160522
1.8051080703735352
1.8297200202941895
1.8574663400650024
1.8470112085342407
1.8152602910995483
1.7992011308670044
1.82785964012146
1.804207682609558
2.0652689933776855
2.129668712615967
2.0607101917266846
2.0721423625946045
2.0669195652008057
2.0368399620056152
2.080038070678711
2.0515050888061523
2.0572283267974854
2.0318520069122314
3.0473721027374268
3.035876750946045
2.987600803375244
2.9807355403900146
2.9944562911987305
2.9728341102600098
2.953781843185425
2.9582879543304443
2.943730115890503
2.929365873336792
3.9022910594940186
3.7943694591522217
3.8582370281219482
3.8064615726470947
3.8243319988250732
3.768355369567871
3.7929883003234863
3.7727673053741455
3.7710185050964355
3.7508223056793213
3.3910598754882812
3.436765670776367
3.4392263889312744
3.4051599502563477
3.4083664417266846
3.4240503311157227
3.339326858520508
3.3860862255096436
3.39829421043396
3.4092795848846436
4.065066337585449
4.078362464904785
4.076211929321289
4.083858489990234
4.069649696350098
4.099236488342285
4.017723083496094
4.076779365539551
4.052962303161621
4.05263614654541
4.031432628631592
3.9784107208251953
3.9877915382385254
4.002424240112305
4.009997367858887
3.9740240573883057
3.9115002155303955
3.936115264892578
3.959592342376709
3.8989834785461426
4.310364723205566
4.347497940063477
4.3218584060668945
4.288729667663574
4.256133556365967
4.267612457275391
4.280660152435303
4.237629413604736
4.28489351272583
4.272187232971191
4.97859525680542
4.9368085861206055
4.923230171203613
4.858545303344727
4.877322196960449
4.8883771896362305
4.893713474273682
4.844653606414795
4.850706100463867
4.828040599822998
1.567238450050354
1.5596166849136353
1.5216931104660034
1.552539348602295
1.5458556413650513
1.484909176826477
1.4944185018539429
1.5326327085494995
1.4860342741012573
1.4805415868759155
1.987736463546753
2.0047242641448975
1.9645216464996338
1.9689908027648926
1.9323174953460693
1.9639248847961426
1.8940469026565552
1.9570531845092773
1.9188529253005981
1.930866003036499
2.783613443374634
2.7495152950286865
2.7832794189453125
2.7108168601989746
2.797607898712158
2.722726345062256
2.766526699066162
2.758117198944092
2.7460718154907227
2.7684438228607178
3.6540820598602295
3.647902011871338
3.6835949420928955
3.664834499359131
3.7382829189300537
3.6342525482177734
3.582054376602173
3.5843544006347656
3.6328821182250977
3.6146833896636963
3.2526252269744873
3.2319579124450684
3.1629929542541504
3.1776585578918457
3.214726209640503
3.169670581817627
3.151531457901001
3.1554019451141357
3.161099910736084
3.182281732559204
3.3825266361236572
3.385911464691162
3.3462717533111572
3.39089298248291
3.321988344192505
3.347404718399048
3.2974190711975098
3.3319993019104004
3.3318793773651123
3.2830710411071777
4.377551555633545
4.354894638061523
4.342833518981934
4.3772172927856445
4.315013885498047
4.309736251831055
4.27933406829834
4.353611946105957
4.226099967956543
4.278314590454102
3.8446571826934814
3.839366912841797
3.852195978164673
3.816725492477417
3.7569706439971924
3.776350259780884
3.7898266315460205
3.7667510509490967
3.7446725368499756
3.7654223442077637
3.8425819873809814
3.877697467803955
3.822108268737793
3.8459317684173584
3.806537628173828
3.8319499492645264
3.878931760787964
3.80688738822937
3.765167474746704
3.8002264499664307
1.5144712924957275
1.497161626815796
1.4536535739898682
1.4264764785766602
1.4682835340499878
1.4684793949127197
1.4411180019378662
1.4220433235168457
1.4215086698532104
1.4182926416397095
1.9321194887161255
1.9324532747268677
1.9577809572219849
1.9053353071212769
1.9126728773117065
1.9280312061309814
1.8739758729934692
1.877319574356079
1.8692998886108398
1.8650604486465454
3.031674861907959
3.0208301544189453
3.039213180541992
3.0493710041046143
2.9889934062957764
3.02763032913208
3.037196636199951
2.9779481887817383
3.030635118484497
2.9914791584014893
4.1335883140563965
4.136497974395752
4.1482343673706055
4.15858268737793
4.090427875518799
4.109912872314453
4.1272101402282715
4.107508659362793
4.0572919845581055
4.039363384246826
3.45998215675354
3.456514835357666
3.4524049758911133
3.374675989151001
3.4391472339630127
3.4363961219787598
3.3922488689422607
3.4276065826416016
3.3713717460632324
3.3967466354370117
4.074570655822754
4.120184421539307
4.045812129974365
4.039055824279785
4.010571479797363
3.9746317863464355
4.042154788970947
4.023049831390381
3.980558395385742
3.9796841144561768
3.8442540168762207
3.77262806892395
3.7768499851226807
3.7757022380828857
3.7273287773132324
3.764918327331543
3.727926015853882
3.7328333854675293
3.7363476753234863
3.710871696472168
3.7258267402648926
3.746922016143799
3.7469682693481445
3.7252962589263916
3.676734685897827
3.702045202255249
3.646165609359741
3.714848279953003
3.6784849166870117
3.6375691890716553
4.637650489807129
4.6440863609313965
4.646430492401123
4.625184535980225
4.6372270584106445
4.583958625793457
4.636898517608643
4.554534435272217
4.595203876495361
4.50964879989624
1.2588403224945068
1.2554718255996704
1.2389881610870361
1.2126178741455078
1.2299113273620605
1.206728219985962
1.1647685766220093
1.2022894620895386
1.1803213357925415
1.157573938369751
1.7157652378082275
1.7220842838287354
1.6835545301437378
1.7493184804916382
1.7353944778442383
1.7288895845413208
1.682071328163147
1.6722432374954224
1.6876431703567505
1.6979382038116455
2.7848739624023438
2.715343952178955
2.7056145668029785
2.7612550258636475
2.7370874881744385
2.77112078666687
2.677168607711792
2.733703136444092
2.6962766647338867
2.7025644779205322
3.3500216007232666
3.288606882095337
3.3218228816986084
3.332047700881958
3.2762649059295654
3.2897512912750244
3.293058156967163
3.3202288150787354
3.2550084590911865
3.2362492084503174
3.6594674587249756
3.691739559173584
3.6118361949920654
3.6647565364837646
3.643157482147217
3.6181113719940186
3.6220054626464844
3.5478105545043945
3.609381675720215
3.5678725242614746
3.417729139328003
3.403230905532837
3.3971567153930664
3.397047281265259
3.4402432441711426
3.3715555667877197
3.363436698913574
3.373370885848999
3.404000759124756
3.3477892875671387
4.600529670715332
4.6197099685668945
4.654183387756348
4.649928569793701
4.608793258666992
4.562762260437012
4.620780944824219
4.58830451965332
4.5951361656188965
4.5009541511535645
3.906895637512207
3.928050994873047
3.859588384628296
3.9293763637542725
3.8610305786132812
3.8635878562927246
3.819394111633301
3.8388822078704834
3.8382580280303955
3.832669734954834
3.3577756881713867
3.3089804649353027
3.280954599380493
3.3297085762023926
3.3467822074890137
3.3230366706848145
3.350891590118408
3.2913641929626465
3.269883394241333
3.2267367839813232
1.034670114517212
0.9975318908691406
1.0121296644210815
0.9533547759056091
0.9470290541648865
0.9368911981582642
0.9220201373100281
0.9151579737663269
0.912574052810669
0.9201862812042236
1.549850583076477
1.53646719455719
1.5600639581680298
1.5454204082489014
1.503471851348877
1.480243444442749
1.4877982139587402
1.4809472560882568
1.4817662239074707
1.4723734855651855
2.4347105026245117
2.43462872505188
2.399780750274658
2.341994524002075
2.349555015563965
2.3822648525238037
2.3504526615142822
2.3566863536834717
2.3196280002593994
2.3578317165374756
3.494387626647949
3.459897518157959
3.4417741298675537
3.388315439224243
3.4170327186584473
3.408586263656616
3.420734167098999
3.433371067047119
3.3687779903411865
3.325187921524048
3.288719415664673
3.2687387466430664
3.240264892578125
3.203374147415161
3.175926685333252
3.203490972518921
3.1936004161834717
3.1986162662506104
3.1781363487243652
3.1707069873809814
4.59994649887085
4.613976001739502
4.568999290466309
4.580544471740723
4.594402313232422
4.600179672241211
4.5823259353637695
4.580263614654541
4.532690525054932
4.558639049530029
3.815284252166748
3.8242146968841553
3.8048784732818604
3.816065788269043
3.8538851737976074
3.741203546524048
3.7849669456481934
3.7269017696380615
3.7793869972229004
3.729698657989502
4.175249099731445
4.161045074462891
4.151424407958984
4.144376754760742
4.118106842041016
4.117454528808594
4.070596694946289
4.13214635848999
4.070586204528809
4.121692657470703
3.851745128631592
3.808582305908203
3.79116153717041
3.7774176597595215
3.770130157470703
3.810858964920044
3.7464547157287598
3.7332544326782227
3.7467000484466553
3.780003309249878
0.7420042753219604
0.7246745824813843
0.6922417879104614
0.6913297772407532
0.6561380624771118
0.6865440607070923
0.680249035358429
0.6589096188545227
0.6463944911956787
0.6419048309326172
1.234823226928711
1.2538785934448242
1.180785894393921
1.1265251636505127
1.1777400970458984
1.1653673648834229
1.1885348558425903
1.1481586694717407
1.1327954530715942
1.1164010763168335
2.20493221282959
2.209625720977783
2.2017271518707275
2.2368593215942383
2.1678476333618164
2.18149471282959
2.177046298980713
2.187734842300415
2.1771605014801025
2.2268242835998535
3.8105251789093018
3.8437161445617676
3.8288581371307373
3.8360238075256348
3.769315481185913
3.8328447341918945
3.726799488067627
3.776111364364624
3.774595260620117
3.739917039871216
3.425309419631958
3.434396505355835
3.382463216781616
3.3953771591186523
3.3537585735321045
3.365105152130127
3.3635177612304688
3.284320116043091
3.344221591949463
3.3804163932800293
3.9868533611297607
4.031171798706055
3.9197163581848145
3.9510085582733154
3.9860634803771973
3.9361627101898193
3.889922857284546
3.9283456802368164
3.9450724124908447
3.8380911350250244
3.0907931327819824
3.0327248573303223
3.054590940475464
3.036609411239624
2.9649016857147217
3.0393385887145996
2.9693520069122314
2.894479990005493
2.9679460525512695
2.946920394897461
4.855565071105957
4.900144577026367
4.800616264343262
4.824109077453613
4.807799339294434
4.7571210861206055
4.7343621253967285
4.770573139190674
4.733789443969727
4.758148670196533
3.7810287475585938
3.7919435501098633
3.7382354736328125
3.6798899173736572
3.6785502433776855
3.6502184867858887
3.6341755390167236
3.6133012771606445
3.5957577228546143
3.610769271850586
0.5990482568740845
0.590632975101471
0.5634936690330505
0.5384690165519714
0.5291584730148315
0.5182832479476929
0.5149927735328674
0.5082243084907532
0.5049031972885132
0.49935635924339294
1.240722894668579
1.2318360805511475
1.2201350927352905
1.1363803148269653
1.1642451286315918
1.1418646574020386
1.1797587871551514
1.1310871839523315
1.1297130584716797
1.0938102006912231
2.219852924346924
2.1766035556793213
2.15684175491333
2.142789840698242
2.155144214630127
2.118192434310913
2.137176990509033
2.160114049911499
2.172351360321045
2.1874606609344482
3.609001398086548
3.582209825515747
3.5615596771240234
3.5406076908111572
3.488767385482788
3.4845457077026367
3.4972269535064697
3.4788644313812256
3.4468514919281006
3.467344284057617
4.6788530349731445
4.699282169342041
4.6363935470581055
4.699153900146484
4.664854526519775
4.6307878494262695
4.573655128479004
4.584179878234863
4.5711541175842285
4.52508020401001
2.8945040702819824
2.879451036453247
2.8861284255981445
2.8319923877716064
2.9155945777893066
2.84578800201416
2.851346969604492
2.7990710735321045
2.7764463424682617
2.787895917892456
3.9829070568084717
3.9865856170654297
4.014978885650635
3.957923173904419
3.945446014404297
3.925567865371704
3.917618751525879
3.960261821746826
3.872584581375122
3.840510845184326
4.426751613616943
4.481468200683594
4.488224983215332
4.455316543579102
4.425802230834961
4.341654300689697
4.3400068283081055
4.362942695617676
4.32179069519043
4.290046691894531
4.117794990539551
4.127867698669434
4.07659387588501
4.0577392578125
4.010856628417969
4.018787384033203
4.005510330200195
3.972806692123413
3.9592885971069336
3.9262070655822754
0.5625268816947937
0.5651199221611023
0.5226540565490723
0.5076144933700562
0.520707905292511
0.468655526638031
0.44893303513526917
0.49134010076522827
0.4268035888671875
0.4662461280822754
1.0217753648757935
1.0706380605697632
1.0071992874145508
1.0209826231002808
1.01292884349823
0.9995709657669067
0.9828755855560303
0.9646095633506775
0.9071220755577087
0.969558596611023
1.989755630493164
1.9536296129226685
1.9720079898834229
2.012852191925049
1.9370836019515991
1.8922823667526245
1.9117803573608398
1.87552011013031
1.9076851606369019
1.8726506233215332
3.5332751274108887
3.602267026901245
3.582850217819214
3.6032705307006836
3.5030176639556885
3.4590542316436768
3.5034067630767822
3.447175979614258
3.4541447162628174
3.444685697555542
3.364412307739258
3.369249105453491
3.393889904022217
3.3924272060394287
3.354658365249634
3.3899998664855957
3.3530991077423096
3.340639591217041
3.26973819732666
3.329531192779541
3.500748872756958
3.420346975326538
3.4529240131378174
3.41127347946167
3.410405158996582
3.4163858890533447
3.352323055267334
3.3345205783843994
3.3038721084594727
3.3316287994384766
3.2000439167022705
3.231635093688965
3.1913857460021973
3.2203574180603027
3.198482036590576
3.1137866973876953
3.131878614425659
3.1183383464813232
3.059596061706543
3.078226327896118
4.449812889099121
4.515927314758301
4.465206146240234
4.493014812469482
4.465940952301025
4.35437536239624
4.334858417510986
4.333914279937744
4.3073601722717285
4.288335800170898
3.821352243423462
3.9078876972198486
3.8159937858581543
3.839313268661499
3.7668378353118896
3.71822452545166
3.703037738800049
3.762193441390991
3.669743061065674
3.649284601211548
0.4707885682582855
0.44815874099731445
0.43618735671043396
0.3930528163909912
0.4151873290538788
0.38922083377838135
0.3918614089488983
0.41024965047836304
0.3707459568977356
0.37421855330467224
1.0126267671585083
0.992995023727417
0.9402714967727661
0.9406005144119263
0.89818274974823
0.940678060054779
0.9097838401794434
0.8829946517944336
0.8789037466049194
0.8994735479354858
1.9335412979125977
1.9104527235031128
1.9541395902633667
1.9423820972442627
1.9426627159118652
1.8746212720870972
1.8597115278244019
1.8246002197265625
1.8922232389450073
1.8136132955551147
3.8489205837249756
3.785606861114502
3.7630975246429443
3.819108486175537
3.749652147293091
3.6664721965789795
3.778730869293213
3.7257440090179443
3.693613052368164
3.681105613708496
2.9664371013641357
2.9087297916412354
2.931624412536621
2.973722457885742
2.9749627113342285
2.9174416065216064
2.915271520614624
2.940196990966797
2.9375784397125244
2.9028332233428955
4.1030473709106445
4.180095672607422
4.160340785980225
4.089634895324707
4.179872035980225
4.077418327331543
4.036529064178467
4.094455718994141
4.045022964477539
4.04416036605835
4.037507057189941
3.9688854217529297
3.9983901977539062
3.9347763061523438
3.9359259605407715
4.005022048950195
3.9247848987579346
3.9528510570526123
3.9049124717712402
3.892951488494873
3.1103031635284424
3.1151742935180664
3.135047435760498
3.119255781173706
3.107511520385742
3.1292924880981445
3.0740485191345215
3.101006269454956
3.057663917541504
3.087381601333618
4.3915276527404785
4.355008125305176
4.295241832733154
4.329190254211426
4.276346206665039
4.266464710235596
4.204700946807861
4.2496256828308105
4.193097114562988
4.187073707580566
0.24018444120883942
0.2443869709968567
0.24422352015972137
0.21434827148914337
0.22159066796302795
0.22652755677700043
0.21611428260803223
0.20784492790699005
0.207741379737854
0.20738986134529114
0.7821868062019348
0.7521468997001648
0.725875198841095
0.7226548194885254
0.7026578187942505
0.7092214822769165
0.6663079261779785
0.6707375049591064
0.7017666101455688
0.6352609395980835
1.5301343202590942
1.4924904108047485
1.464194655418396
1.4328536987304688
1.3891754150390625
1.407088279724121
1.4518895149230957
1.379853367805481
1.4051408767700195
1.4080657958984375
3.228687047958374
3.1518518924713135
3.148683786392212
3.1881585121154785
3.129876136779785
3.1309807300567627
3.134655237197876
3.072935104370117
3.0791399478912354
3.070629835128784
3.035442590713501
3.082214832305908
3.0012409687042236
3.042754650115967
2.974850654602051
2.9924983978271484
2.971496343612671
3.016904830932617
3.0032780170440674
2.9711310863494873
4.059059143066406
4.039536952972412
4.031960964202881
4.028324604034424
4.082373142242432
4.017177104949951
3.9440207481384277
3.994947671890259
4.003842353820801
4.06047248840332
3.0458898544311523
3.0568556785583496
3.0350639820098877
3.00162935256958
3.1118125915527344
2.984764575958252
3.0274462699890137
3.045743227005005
2.9848365783691406
2.9502060413360596
5.0988922119140625
5.141437530517578
5.069147109985352
5.067449569702148
5.057687282562256
5.04543399810791
5.027100086212158
4.963894844055176
4.918885707855225
4.880862236022949
3.8232362270355225
3.7146825790405273
3.71626877784729
3.709331512451172
3.639327049255371
3.5951831340789795
3.6740384101867676
3.595416784286499
3.596872329711914
3.5668604373931885
0.22595196962356567
0.23581840097904205
0.21516770124435425
0.22333604097366333
0.21966078877449036
0.20037098228931427
0.20585788786411285
0.19981655478477478
0.18952496349811554
0.1981782615184784
0.7470474243164062
0.7156966328620911
0.7206616401672363
0.7127240300178528
0.6777467131614685
0.6844597458839417
0.6645755171775818
0.6677595376968384
0.6387185454368591
0.6204582452774048
1.5790069103240967
1.5348200798034668
1.560902714729309
1.53669273853302
1.5342037677764893
1.566507339477539
1.482332468032837
1.495836615562439
1.4802882671356201
1.4928146600723267
3.5453426837921143
3.516796350479126
3.4234859943389893
3.419267416000366
3.4342095851898193
3.43936824798584
3.3638439178466797
3.34271502494812
3.3850154876708984
3.3071701526641846
3.4043376445770264
3.3966503143310547
3.3946475982666016
3.434588670730591
3.371626853942871
3.4020535945892334
3.324685573577881
3.3241162300109863
3.3000259399414062
3.323808193206787
3.2033307552337646
3.213252544403076
3.1786086559295654
3.164675712585449
3.1571502685546875
3.150265693664551
3.1254982948303223
3.132859230041504
3.162912607192993
3.1475918292999268
4.3123040199279785
4.351714134216309
4.270105361938477
4.311336994171143
4.234395980834961
4.232378005981445
4.262561798095703
4.210990905761719
4.1899847984313965
4.163672924041748
3.7742533683776855
3.7856006622314453
3.7533187866210938
3.7197206020355225
3.733123779296875
3.7230923175811768
3.6790990829467773
3.658249855041504
3.707235336303711
3.6927459239959717
3.8472859859466553
3.85672926902771
3.8633663654327393
3.8166022300720215
3.704558849334717
3.6689646244049072
3.7343108654022217
3.6796317100524902
3.6538784503936768
3.5940170288085938
0.1256943792104721
0.11683793365955353
0.11098207533359528
0.1106453612446785
0.10710343718528748
0.10189269483089447
0.1218167170882225
0.10477560758590698
0.09700334817171097
0.09895610809326172
0.531856894493103
0.5001674294471741
0.5262243747711182
0.4844692647457123
0.48558488488197327
0.4236312210559845
0.4521353840827942
0.40661466121673584
0.414478600025177
0.41035640239715576
1.3160595893859863
1.2781128883361816
1.2721925973892212
1.2460308074951172
1.2919033765792847
1.2679239511489868
1.2307146787643433
1.2134621143341064
1.2163888216018677
1.1994292736053467
3.3067383766174316
3.2090611457824707
3.094038248062134
3.081090211868286
3.0573174953460693
3.0751445293426514
3.0378270149230957
2.964160680770874
3.0062196254730225
2.9503707885742188
2.696594476699829
2.723102331161499
2.718353509902954
2.765407085418701
2.6734349727630615
2.689039468765259
2.634949207305908
2.7039263248443604
2.680173873901367
2.593193769454956
4.56205415725708
4.507257461547852
4.531903266906738
4.467092990875244
4.437526226043701
4.439020156860352
4.439887046813965
4.402287006378174
4.391750812530518
4.399826526641846
3.9152140617370605
3.8506839275360107
3.7965283393859863
3.806112289428711
3.87434983253479
3.7882566452026367
3.7728488445281982
3.7437551021575928
3.813046932220459
3.728397846221924
4.394285678863525
4.431597709655762
4.3184661865234375
4.250809669494629
4.191754341125488
4.192498683929443
4.282480239868164
4.161458969116211
4.121655464172363
4.066773414611816
2.551767349243164
2.497718572616577
2.5182762145996094
2.5010828971862793
2.4890317916870117
2.421937942504883
2.4394967555999756
2.4413864612579346
2.317012071609497
2.350454330444336
0.1265517622232437
0.11941087245941162
0.11089468747377396
0.11768174916505814
0.10276296734809875
0.10682722181081772
0.10906771570444107
0.10299236327409744
0.10136755555868149
0.1108846366405487
0.5363690853118896
0.5118981003761292
0.5079054832458496
0.4744798243045807
0.4644330143928528
0.46186795830726624
0.41512981057167053
0.43077123165130615
0.4186718165874481
0.4119940996170044
1.4237234592437744
1.4308996200561523
1.3837794065475464
1.3726422786712646
1.3771352767944336
1.3597915172576904
1.2826329469680786
1.2774020433425903
1.2832890748977661
1.3237501382827759
3.5864343643188477
3.5433568954467773
3.462960720062256
3.5061118602752686
3.4052820205688477
3.3465487957000732
3.422154188156128
3.335233449935913
3.3260560035705566
3.3153176307678223
3.3154518604278564
3.331953525543213
3.311318874359131
3.3216354846954346
3.379340410232544
3.279989242553711
3.233020544052124
3.2799694538116455
3.208970785140991
3.232963800430298
3.140925884246826
3.1278443336486816
3.109788656234741
3.0567402839660645
3.1024551391601562
3.115842342376709
3.032027244567871
3.059798002243042
3.094306230545044
3.0543932914733887
5.615243434906006
5.629470348358154
5.626321792602539
5.58029842376709
5.546640396118164
5.499279499053955
5.510274410247803
5.512385368347168
5.467199802398682
5.454843521118164
4.396218299865723
4.370813846588135
4.4056315422058105
4.355821132659912
4.403407096862793
4.259669303894043
4.291062355041504
4.302759647369385
4.215819358825684
4.2054548263549805
2.502594470977783
2.4531493186950684
2.4597723484039307
2.4718551635742188
2.429323434829712
2.3861207962036133
2.418172597885132
2.342278003692627
2.287106990814209
2.3064956665039062
0.09349208325147629
0.0760003849864006
0.09480387717485428
0.08212895691394806
0.0858829915523529
0.083725206553936
0.09027935564517975
0.08268243074417114
0.08152999728918076
0.07695944607257843
0.43007808923721313
0.42594587802886963
0.39719158411026
0.3992847204208374
0.35497963428497314
0.3537365198135376
0.363888144493103
0.37510696053504944
0.3600374460220337
0.3320713937282562
1.319993495941162
1.2480775117874146
1.2240118980407715
1.2774322032928467
1.2299433946609497
1.1895806789398193
1.180330753326416
1.144364595413208
1.1451666355133057
1.1085878610610962
3.635578155517578
3.6492059230804443
3.583552598953247
3.501063108444214
3.458735704421997
3.365257740020752
3.4053282737731934
3.3686132431030273
3.40212345123291
3.377300500869751
3.3685052394866943
3.367633819580078
3.3098208904266357
3.334097385406494
3.2989158630371094
3.202540636062622
3.2287752628326416
3.1988813877105713
3.2531638145446777
3.169682264328003
3.516833782196045
3.497746229171753
3.5152997970581055
3.463209867477417
3.3997745513916016
3.476034164428711
3.360408067703247
3.3797786235809326
3.3527770042419434
3.309551477432251
3.186980724334717
3.1425223350524902
3.1581757068634033
3.08815598487854
3.062864303588867
3.0436770915985107
3.032188892364502
3.0151660442352295
2.9290904998779297
3.0131866931915283
5.474240303039551
5.398805618286133
5.413846969604492
5.360042572021484
5.336349964141846
5.280007839202881
5.256784439086914
5.170787334442139
5.200990200042725
5.188907146453857
3.340449571609497
3.337998151779175
3.3551952838897705
3.31095552444458
3.179274797439575
3.292900800704956
3.1610610485076904
3.1352779865264893
3.0896241664886475
3.0627036094665527
0.15513630211353302
0.16380421817302704
0.16381223499774933
0.1461724042892456
0.1442127823829651
0.13972477614879608
0.1401766836643219
0.1306966096162796
0.13885098695755005
0.12001442164182663
0.6107962727546692
0.5947099328041077
0.5901123881340027
0.5433074235916138
0.49982962012290955
0.5039629340171814
0.45108914375305176
0.4677891731262207
0.42971333861351013
0.4464397430419922
1.550187349319458
1.5182862281799316
1.4832206964492798
1.444509744644165
1.4434549808502197
1.3605855703353882
1.3611557483673096
1.3213601112365723
1.326436161994934
1.2861789464950562
3.9519248008728027
3.877418279647827
3.855700731277466
3.7638425827026367
3.705108404159546
3.607449531555176
3.595139980316162
3.6356379985809326
3.5693159103393555
3.4811623096466064
3.0575807094573975
3.0393242835998535
2.971952199935913
2.908313751220703
2.933349847793579
2.958108425140381
2.8822479248046875
2.8634860515594482
2.8708369731903076
2.798630714416504
5.264731407165527
5.126806735992432
5.148909568786621
5.0893378257751465
5.109838485717773
5.076513767242432
5.089812755584717
5.0185322761535645
4.965712070465088
4.906933307647705
4.343256950378418
4.264391899108887
4.16793155670166
4.1885271072387695
4.1827616691589355
4.211250305175781
4.152819633483887
4.135879039764404
4.101556301116943
4.070854663848877
4.847569942474365
4.782598495483398
4.748952865600586
4.743702411651611
4.763097286224365
4.727812767028809
4.660393238067627
4.649900436401367
4.587592601776123
4.575440406799316
3.5376315116882324
3.4485487937927246
3.439607620239258
3.4209163188934326
3.4142065048217773
3.4150118827819824
3.4240517616271973
3.3700053691864014
3.3529880046844482
3.337007522583008
0.09176024049520493
0.07332661747932434
0.08044101297855377
0.07799267768859863
0.07845883816480637
0.08467503637075424
0.07803885638713837
0.08024149388074875
0.06738171726465225
0.08106863498687744
0.3909680247306824
0.40427178144454956
0.35595133900642395
0.3204262852668762
0.3386112153530121
0.3076417148113251
0.29255327582359314
0.32558777928352356
0.3013487458229065
0.26407620310783386
1.2993437051773071
1.2499083280563354
1.2231285572052002
1.15542471408844
1.142200231552124
1.1542881727218628
1.0724848508834839
1.0729464292526245
1.0134886503219604
1.0155797004699707
3.7627077102661133
3.6594531536102295
3.553755521774292
3.4687016010284424
3.4931843280792236
3.4395065307617188
3.2919087409973145
3.4198508262634277
3.258047342300415
3.175769090652466
5.405075550079346
5.359177589416504
5.3259968757629395
5.254647731781006
5.192471027374268
5.149601936340332
5.12056303024292
5.053615093231201
5.008068084716797
4.981843948364258
3.19984769821167
3.0784757137298584
3.1046619415283203
3.0544629096984863
3.140754461288452
3.0223727226257324
2.977231502532959
3.073641538619995
2.9738993644714355
2.917391538619995
3.703601837158203
3.693895101547241
3.703580379486084
3.637490749359131
3.6905226707458496
3.5855250358581543
3.571347713470459
3.5035171508789062
3.440406084060669
3.4162614345550537
3.662022113800049
3.638787269592285
3.59458589553833
3.5262258052825928
3.469928741455078
3.487682342529297
3.4182074069976807
3.3203773498535156
3.3627991676330566
3.351261615753174
4.262264251708984
4.279036998748779
4.268614292144775
4.196569442749023
4.0978102684021
4.1107282638549805
4.047669410705566
4.0837483406066895
3.9085853099823
3.9280714988708496
0.12430602312088013
0.11730094999074936
0.10749407112598419
0.1027042418718338
0.0988243967294693
0.10014990717172623
0.09009439498186111
0.08833151310682297
0.08571028709411621
0.10489003360271454
0.44146648049354553
0.4539901912212372
0.4137692451477051
0.38369715213775635
0.3683179020881653
0.3491744101047516
0.3247489333152771
0.32405245304107666
0.312506765127182
0.28860121965408325
1.3107390403747559
1.1903910636901855
1.2463685274124146
1.132395625114441
1.1528881788253784
1.0835983753204346
1.0071744918823242
1.0099635124206543
1.0028889179229736
0.944084644317627
3.7034831047058105
3.6842830181121826
3.5030529499053955
3.4234044551849365
3.42087459564209
3.3034660816192627
3.245028495788574
3.222492218017578
3.1598780155181885
3.1152727603912354
5.3162841796875
5.243943214416504
5.124647617340088
5.015272617340088
5.018159866333008
4.965341567993164
4.882859230041504
4.799026966094971
4.7508111000061035
4.651984214782715
2.3963494300842285
2.276524543762207
2.2985551357269287
2.216298818588257
2.241044759750366
2.20639705657959
2.13478422164917
2.10939359664917
2.109097480773926
2.0753674507141113
4.106329917907715
4.059200286865234
3.987225294113159
3.9971446990966797
3.89729905128479
3.835228443145752
3.8275561332702637
3.824392795562744
3.8088338375091553
3.739856243133545
5.102659702301025
4.929011821746826
4.947892665863037
4.920062065124512
4.859501361846924
4.871537208557129
4.834477424621582
4.785254001617432
4.6697258949279785
4.644289016723633
3.1076152324676514
3.015432834625244
2.967751979827881
2.921818733215332
2.822859525680542
2.761528491973877
2.822312831878662
2.797281265258789
2.7043328285217285
2.607720375061035
0.0716484859585762
0.07584007829427719
0.07013057917356491
0.06527724117040634
0.10408484935760498
0.05719498172402382
0.06449320912361145
0.0638294517993927
0.05877044051885605
0.0597112700343132
0.3755277395248413
0.3810071349143982
0.3311220407485962
0.30323123931884766
0.3095371127128601
0.28572216629981995
0.2657572329044342
0.25822004675865173
0.2708393633365631
0.26351985335350037
1.619887351989746
1.5620776414871216
1.6191272735595703
1.4008963108062744
1.4398678541183472
1.355769157409668
1.3258421421051025
1.269700527191162
1.2364730834960938
1.2463512420654297
4.414459228515625
4.324705123901367
4.226358413696289
4.195422172546387
4.164936542510986
4.121893405914307
4.100545406341553
4.016056060791016
4.053284168243408
3.92810320854187
2.5307469367980957
2.4844954013824463
2.47041916847229
2.4471654891967773
2.401331663131714
2.3965673446655273
2.414006233215332
2.334287643432617
2.3149337768554688
2.264855146408081
4.471471786499023
4.367751598358154
4.2515058517456055
4.23992919921875
4.192044258117676
4.141357898712158
4.066302299499512
3.9801483154296875
3.9866995811462402
3.911580801010132
2.9959254264831543
2.934098482131958
2.965447187423706
2.9484784603118896
2.893220901489258
2.83917236328125
2.7943921089172363
2.7679507732391357
2.77152156829834
2.7707600593566895
4.880293369293213
4.9074883460998535
4.786352634429932
4.761585235595703
4.634418487548828
4.583014011383057
4.554418563842773
4.49975061416626
4.52093505859375
4.407634735107422
2.3009204864501953
2.1532468795776367
2.1904032230377197
2.15035080909729
2.0966169834136963
2.0695629119873047
2.0374221801757812
2.0023581981658936
1.9705837965011597
1.9256260395050049
0.04639896750450134
0.05295393243432045
0.051135770976543427
0.0495527945458889
0.041214827448129654
0.0407707616686821
0.040709931403398514
0.046361155807971954
0.045756444334983826
0.04205862432718277
0.3227541446685791
0.2831527590751648
0.2612707018852234
0.28241854906082153
0.23175442218780518
0.23312000930309296
0.21929247677326202
0.21756909787654877
0.20640642940998077
0.20180800557136536
1.0848674774169922
0.9842463135719299
0.9198212623596191
0.8981413245201111
0.8892319798469543
0.8042721748352051
0.7872027158737183
0.7382726073265076
0.7623046040534973
0.7289133667945862
3.4671199321746826
3.2869114875793457
3.1972153186798096
3.0550856590270996
2.9895992279052734
3.0328478813171387
2.893509864807129
2.8397419452667236
2.743690013885498
2.714884042739868
5.745568752288818
5.6269659996032715
5.478862762451172
5.392274379730225
5.284390926361084
5.210074424743652
5.179690837860107
4.993570327758789
4.923506259918213
4.8002729415893555
2.7577266693115234
2.671238660812378
2.658841848373413
2.604182243347168
2.5151329040527344
2.4807393550872803
2.438190460205078
2.4566941261291504
2.4388842582702637
2.4140632152557373
2.6988508701324463
2.7001638412475586
2.695866107940674
2.647289752960205
2.592395782470703
2.6232502460479736
2.484030246734619
2.4945120811462402
2.4796886444091797
2.446772813796997
4.3152947425842285
4.226102352142334
4.173018455505371
4.125904083251953
4.223404884338379
4.054740905761719
3.9983572959899902
4.008235931396484
4.014572620391846
3.9306211471557617
3.71022367477417
3.6662020683288574
3.614567756652832
3.597317934036255
3.561464309692383
3.5175421237945557
3.533320426940918
3.5166897773742676
3.401149034500122
3.4100711345672607
0.033873070031404495
0.032795436680316925
0.03227190673351288
0.03392236679792404
0.03627285733819008
0.028271818533539772
0.03660199046134949
0.029776299372315407
0.0337284654378891
0.029710210859775543
0.21125911176204681
0.20796023309230804
0.18227465450763702
0.17588789761066437
0.16476643085479736
0.15505239367485046
0.14590328931808472
0.15592092275619507
0.12567909061908722
0.16943520307540894
0.8727282881736755
0.8154337406158447
0.7601534724235535
0.7321533560752869
0.7434796094894409
0.6547828316688538
0.6161237359046936
0.6386019587516785
0.5716403722763062
0.5288418531417847
3.3595645427703857
3.1270313262939453
3.1387341022491455
3.0263099670410156
2.9655721187591553
3.066026449203491
2.8837931156158447
2.8278658390045166
2.7570719718933105
2.6772990226745605
4.2599077224731445
4.240218639373779
4.152353763580322
4.104129314422607
4.100607872009277
4.019007205963135
3.9769742488861084
3.9288887977600098
3.86332368850708
3.825014591217041
1.9539891481399536
1.911034345626831
1.821881890296936
1.8729499578475952
1.8578639030456543
1.7971537113189697
1.8619252443313599
1.7536287307739258
1.6916921138763428
1.7355579137802124
5.2501444816589355
5.2471160888671875
5.1578569412231445
5.1302595138549805
5.123306751251221
5.0804762840271
5.010817527770996
4.949990272521973
4.9708991050720215
4.892585754394531
3.0228891372680664
2.9736571311950684
2.9020097255706787
2.8639659881591797
2.910532236099243
2.8222460746765137
2.7967584133148193
2.8204269409179688
2.7605643272399902
2.744166374206543
5.275256156921387
5.233483791351318
5.236373424530029
5.120090007781982
5.0973920822143555
5.088027000427246
5.030354976654053
4.96043586730957
4.9537858963012695
4.970711708068848
0.055632270872592926
0.059857454150915146
0.04221455380320549
0.04077620804309845
0.0512145459651947
0.03425972908735275
0.03386470675468445
0.04429025948047638
0.030764270573854446
0.0367765799164772
0.24216532707214355
0.2542956471443176
0.22526545822620392
0.22580452263355255
0.19229167699813843
0.17839248478412628
0.20326067507266998
0.17891374230384827
0.19631794095039368
0.16794703900814056
0.9373185634613037
0.8067890405654907
0.7223984599113464
0.7142225503921509
0.65730220079422
0.621675431728363
0.6227573156356812
0.5438953042030334
0.5498268604278564
0.5378587245941162
3.295114040374756
3.086968183517456
2.909968852996826
2.7999353408813477
2.7995858192443848
2.7355263233184814
2.6204538345336914
2.570063591003418
2.5245580673217773
2.54205322265625
3.026449680328369
2.9647998809814453
2.9436473846435547
2.843188762664795
2.7908480167388916
2.6655845642089844
2.6077911853790283
2.632033586502075
2.5328001976013184
2.489100933074951
4.354514122009277
4.268624305725098
4.285208702087402
4.221307277679443
4.170882225036621
4.15526819229126
4.165696144104004
4.005305767059326
4.099874019622803
3.9792981147766113
2.794203758239746
2.7960238456726074
2.7589991092681885
2.687073230743408
2.62608003616333
2.62608003616333
2.6328279972076416
2.6404175758361816
2.59519100189209
2.5275588035583496
3.5691075325012207
3.4985604286193848
3.4898998737335205
3.505450487136841
3.5151126384735107
3.4568448066711426
3.3848390579223633
3.40466570854187
3.358118772506714
3.305560350418091
3.657766819000244
3.6518218517303467
3.5615761280059814
3.5424766540527344
3.510948657989502
3.463285446166992
3.438951253890991
3.463716745376587
3.3997628688812256
3.320063829421997
0.06963136047124863
0.07043179124593735
0.06376472115516663
0.04812822490930557
0.04662465304136276
0.09083468466997147
0.05002328008413315
0.04499584808945656
0.06616570055484772
0.03492886200547218
0.32833898067474365
0.35192838311195374
0.24796031415462494
0.23479770123958588
0.21499492228031158
0.21183569729328156
0.1950712352991104
0.19405174255371094
0.18695996701717377
0.1804560273885727
1.144169569015503
1.1483439207077026
1.070543646812439
0.9189454913139343
0.9131293892860413
0.8990266919136047
0.8624851703643799
0.8255478143692017
0.7908710837364197
0.7503682971000671
3.9468796253204346
3.874323606491089
3.7126591205596924
3.5976617336273193
3.6004528999328613
3.4987223148345947
3.4770350456237793
3.3457911014556885
3.327763319015503
3.3542144298553467
2.55165433883667
2.4828319549560547
2.5290396213531494
2.435826301574707
2.400155782699585
2.432375192642212
2.3841445446014404
2.369720458984375
2.3275036811828613
2.403756618499756
3.8511219024658203
3.7171428203582764
3.67336368560791
3.667196035385132
3.6712729930877686
3.5983524322509766
3.606563091278076
3.559863805770874
3.5107884407043457
3.441232919692993
2.186060905456543
2.114036798477173
2.133859872817993
2.0748040676116943
2.079594850540161
2.0185773372650146
1.9699950218200684
1.9714100360870361
1.992793083190918
1.9373189210891724
4.920933246612549
4.86716890335083
4.880289077758789
4.815966606140137
4.833808422088623
4.7893500328063965
4.6768646240234375
4.734132766723633
4.636917591094971
4.614395618438721
2.557620048522949
2.53816819190979
2.438854694366455
2.4079997539520264
2.37038516998291
2.3148446083068848
2.3159239292144775
2.2778480052948
2.2201945781707764
2.2370402812957764
0.01722845807671547
0.016568077728152275
0.014855414628982544
0.01157479826360941
0.011510639451444149
0.014944829978048801
0.011499270796775818
0.013165649026632309
0.011062957346439362
0.011131004430353642
0.11417341977357864
0.08469671756029129
0.09680809080600739
0.08880264312028885
0.08695541322231293
0.08173752576112747
0.08767203986644745
0.09123028069734573
0.10646788030862808
0.07116153091192245
0.594202995300293
0.5150032043457031
0.4742457866668701
0.40958458185195923
0.4189099073410034
0.4023938477039337
0.39885836839675903
0.33119872212409973
0.33371609449386597
0.3721869885921478
3.0221893787384033
2.574500560760498
2.5155701637268066
2.385964870452881
2.3569209575653076
2.2075979709625244
2.1528568267822266
2.146432876586914
2.081885814666748
1.9904810190200806
4.671280384063721
4.521917819976807
4.392937660217285
4.310361862182617
4.229384899139404
4.108982563018799
4.060577869415283
4.01472282409668
3.9833614826202393
3.898430585861206
1.9300976991653442
1.8830736875534058
1.8877619504928589
1.8520101308822632
1.816819190979004
1.7805538177490234
1.747824788093567
1.8088438510894775
1.747979998588562
1.7020165920257568
3.372378349304199
3.3921773433685303
3.2781484127044678
3.2643277645111084
3.2760884761810303
3.216134548187256
3.2040836811065674
3.3628642559051514
3.117668390274048
3.110020160675049
3.1525330543518066
3.139719009399414
3.0647239685058594
3.040670871734619
3.02221417427063
3.0062644481658936
2.9407641887664795
2.956028461456299
2.9338443279266357
2.886512279510498
5.113708972930908
5.097585201263428
5.089061737060547
5.094332218170166
5.040781497955322
4.980667591094971
4.845323085784912
4.865668296813965
4.809764862060547
4.806357383728027
0.026544252410531044
0.026888668537139893
0.022480053827166557
0.030283117666840553
0.026380082592368126
0.026989715173840523
0.032144948840141296
0.027631554752588272
0.023324310779571533
0.02573535591363907
0.18903537094593048
0.16649484634399414
0.139604851603508
0.14649304747581482
0.1340779960155487
0.11513693630695343
0.12560363113880157
0.11764471232891083
0.09341678768396378
0.08885906636714935
0.6901241540908813
0.6363551616668701
0.5669692754745483
0.5354896783828735
0.4979545772075653
0.4216933250427246
0.4232354462146759
0.37718960642814636
0.3703092038631439
0.30794060230255127
3.2363758087158203
2.8930907249450684
2.8562774658203125
2.698223829269409
2.634528398513794
2.5764200687408447
2.492833137512207
2.4435760974884033
2.5364270210266113
2.472158908843994
1.6387780904769897
1.6438262462615967
1.560804009437561
1.5020407438278198
1.5797821283340454
1.4436850547790527
1.4432868957519531
1.4759223461151123
1.4342167377471924
1.4424798488616943
5.078132629394531
5.018798828125
4.974675178527832
4.9533843994140625
5.014432907104492
4.961924076080322
4.8565778732299805
4.7960286140441895
4.6982574462890625
4.807841777801514
4.185759544372559
4.1109724044799805
4.097972393035889
4.052320957183838
4.009790897369385
3.966367483139038
3.907634973526001
3.9271721839904785
3.8684439659118652
3.7947983741760254
4.112401485443115
4.05122709274292
3.9907608032226562
4.027745723724365
3.939911127090454
3.8935840129852295
3.7808146476745605
3.7910878658294678
3.7674243450164795
3.767583131790161
4.487161636352539
4.42570686340332
4.379774570465088
4.367346286773682
4.291478633880615
4.16082239151001
4.198099613189697
4.137668609619141
4.102232456207275
4.054935932159424
0.015537931583821774
0.020231954753398895
0.012167699635028839
0.016675138846039772
0.011932555586099625
0.014634066261351109
0.011822032742202282
0.01344939973205328
0.03856014087796211
0.013650120235979557
0.11674176901578903
0.11370016634464264
0.1024412214756012
0.08955875784158707
0.11226315796375275
0.08107360452413559
0.09826047718524933
0.09004831314086914
0.09113158285617828
0.07410522550344467
0.6354138851165771
0.54252028465271
0.5099700689315796
0.4789167046546936
0.44018104672431946
0.4229769706726074
0.34109029173851013
0.3225455582141876
0.30280664563179016
0.31702739000320435
3.11562442779541
2.85127854347229
2.6016368865966797
2.459653377532959
2.3807220458984375
2.149160146713257
2.1431753635406494
2.080289602279663
1.9671027660369873
1.9416661262512207
5.077256202697754
4.993337631225586
4.770704746246338
4.660131931304932
4.631572246551514
4.5283522605896
4.445832252502441
4.389342784881592
4.357267379760742
4.233682632446289
3.9182121753692627
3.892815113067627
3.804117441177368
3.763015031814575
3.7685675621032715
3.703697443008423
3.69765305519104
3.6590700149536133
3.6241226196289062
3.6558499336242676
2.210294723510742
2.215517282485962
2.139392137527466
2.1279187202453613
2.142536163330078
2.1365225315093994
2.1360230445861816
2.1028904914855957
2.0850117206573486
2.0849838256835938
5.8850579261779785
5.777763366699219
5.778225421905518
5.781593322753906
5.744037628173828
5.715541362762451
5.685184001922607
5.6270976066589355
5.587948322296143
5.582282066345215
3.177262306213379
3.1782970428466797
3.1382133960723877
3.1094322204589844
3.1127400398254395
2.9989876747131348
3.0693159103393555
3.005368709564209
3.0382919311523438
2.9567201137542725
0.014146224595606327
0.012450817041099072
0.012316117994487286
0.011873427778482437
0.011638444848358631
0.012876000255346298
0.011825408786535263
0.011064944788813591
0.010687674395740032
0.010085794143378735
0.09342733025550842
0.10226838290691376
0.08281280100345612
0.07813394069671631
0.08076988160610199
0.08187863230705261
0.06901024281978607
0.06364491581916809
0.07266169786453247
0.059331201016902924
0.5915823578834534
0.47295767068862915
0.43761250376701355
0.45281392335891724
0.4401220679283142
0.3612385094165802
0.38415640592575073
0.35402199625968933
0.30164968967437744
0.30344581604003906
3.2192344665527344
2.9721016883850098
2.8935706615448
2.7576591968536377
2.8897833824157715
2.7260961532592773
2.6649599075317383
2.6429924964904785
2.6015851497650146
2.6400411128997803
2.1256372928619385
2.158259391784668
2.156913995742798
2.096980571746826
2.036980152130127
1.940799593925476
1.950315237045288
1.8422863483428955
1.8355443477630615
1.8200225830078125
5.079781532287598
4.974408149719238
4.962275981903076
4.8581929206848145
4.868447303771973
4.7816972732543945
4.771181583404541
4.749843120574951
4.647713661193848
4.577479362487793
2.0411529541015625
1.9403156042099
1.9907485246658325
1.9391889572143555
1.8592439889907837
1.802256464958191
1.8036011457443237
1.7523753643035889
1.7300503253936768
1.7279659509658813
4.341978073120117
4.29304838180542
4.2239580154418945
4.2021660804748535
4.08743143081665
4.067556858062744
4.024313926696777
4.012951374053955
3.8920600414276123
3.841604471206665
2.536362886428833
2.536449909210205
2.4242279529571533
2.467198133468628
2.40433406829834
2.3729209899902344
2.3492801189422607
2.300354242324829
2.263070583343506
2.213545799255371
0.006120531354099512
0.004990793764591217
0.005637351423501968
0.005934379529207945
0.005425454117357731
0.0061639538034796715
0.00732286786660552
0.0051024844869971275
0.01012817770242691
0.004357294179499149
0.04872552677989006
0.06181440129876137
0.04727176949381828
0.041441574692726135
0.05002804845571518
0.04541785642504692
0.059343308210372925
0.04238453879952431
0.03742850571870804
0.0372905433177948
0.3404567241668701
0.31379926204681396
0.2591484487056732
0.2958225905895233
0.26203081011772156
0.2711472511291504
0.195156529545784
0.18511442840099335
0.19325721263885498
0.16947312653064728
2.3097429275512695
1.9585775136947632
1.7363996505737305
1.5585877895355225
1.4062732458114624
1.3590192794799805
1.211667776107788
1.2045855522155762
1.0918854475021362
1.053497552871704
4.639156341552734
4.475120544433594
4.281216621398926
4.352652072906494
4.268349647521973
3.873215436935425
3.770616054534912
3.6863200664520264
3.614103078842163
3.5357580184936523
3.976297378540039
3.8069801330566406
3.876167058944702
3.7182044982910156
3.7176544666290283
3.622063398361206
3.597398042678833
3.5154757499694824
3.5544183254241943
3.513370990753174
3.8879973888397217
3.7751388549804688
3.7940444946289062
3.770753860473633
3.8055825233459473
3.7090179920196533
3.74155855178833
3.6854569911956787
3.6794185638427734
3.62448787689209
5.723394870758057
5.692202568054199
5.65730094909668
5.6168646812438965
5.5378570556640625
5.5134758949279785
5.554525375366211
5.497733116149902
5.425853252410889
5.476027488708496
3.4930191040039062
3.541140556335449
3.457543134689331
3.417393922805786
3.408616304397583
3.347151756286621
3.3243520259857178
3.333199977874756
3.3063836097717285
3.3344786167144775
0.0098935691639781
0.009202931076288223
0.010432375594973564
0.008006050251424313
0.011089136824011803
0.007268641609698534
0.009104701690375805
0.009581771679222584
0.007614525500684977
0.008083557710051537
0.07994507998228073
0.08262031525373459
0.08669286966323853
0.07690746337175369
0.07441055774688721
0.0816950649023056
0.06324277073144913
0.06389762461185455
0.06672244518995285
0.06463164836168289
0.48130545020103455
0.4114782512187958
0.37196797132492065
0.3572656810283661
0.33728113770484924
0.2594308853149414
0.24254582822322845
0.2022218406200409
0.22245566546916962
0.22811414301395416
2.210902214050293
2.0824241638183594
1.9386934041976929
1.8811190128326416
1.7602834701538086
1.6922717094421387
1.6050631999969482
1.6160414218902588
1.4662771224975586
1.4956170320510864
5.782154560089111
5.653715133666992
5.488827705383301
5.487349987030029
5.444032669067383
5.278163909912109
5.222828388214111
5.1404852867126465
5.104498863220215
4.935338020324707
3.4665873050689697
3.352518320083618
3.334690809249878
3.2855517864227295
3.2656283378601074
3.1536858081817627
3.1039137840270996
3.0489859580993652
3.074321746826172
2.9171061515808105
3.9110107421875
3.9129457473754883
3.7901601791381836
3.7770559787750244
3.7051339149475098
3.598172903060913
3.5124542713165283
3.523653507232666
3.3829305171966553
3.375251054763794
1.936152696609497
1.9048569202423096
1.8804919719696045
1.8516720533370972
1.833036184310913
1.8254585266113281
1.781122088432312
1.7351173162460327
1.6521304845809937
1.6510705947875977
5.848447322845459
5.718850135803223
5.690146446228027
5.67287540435791
5.588067054748535
5.5722150802612305
5.5338239669799805
5.491546630859375
5.387907028198242
5.305919170379639
0.011174586601555347
0.02314033918082714
0.014168242923915386
0.010563870891928673
0.013343490660190582
0.013820748776197433
0.010339346714317799
0.010837696492671967
0.014208975248038769
0.017066961154341698
0.10372427105903625
0.10425620526075363
0.10110211372375488
0.09942028671503067
0.08059343695640564
0.07131526619195938
0.07171808183193207
0.07726063579320908
0.0731264054775238
0.06680537015199661
0.6064062714576721
0.49477267265319824
0.4047847092151642
0.3313402533531189
0.3303060233592987
0.2776659429073334
0.2665615975856781
0.23380063474178314
0.22301697731018066
0.20223137736320496
2.6672518253326416
2.2367992401123047
1.9748777151107788
1.7553576231002808
1.6414566040039062
1.4032000303268433
1.32337486743927
1.1568437814712524
1.0817360877990723
1.0577386617660522
5.377741813659668
5.09807014465332
4.899423599243164
4.7268195152282715
4.557253837585449
4.386101722717285
4.262086868286133
4.097763538360596
4.0149078369140625
3.809170961380005
2.5706191062927246
2.515176773071289
2.456756591796875
2.3978188037872314
2.3876659870147705
2.374621868133545
2.314734935760498
2.33599853515625
2.258124589920044
2.208672046661377
5.881728172302246
5.798643589019775
5.668356418609619
5.662840366363525
5.586572647094727
5.507376670837402
5.510006904602051
5.513479232788086
5.440842628479004
5.39553689956665
3.4580559730529785
3.4307844638824463
3.419996500015259
3.424060106277466
3.342179536819458
3.336587905883789
3.247272491455078
3.2078542709350586
3.2165164947509766
3.1825623512268066
3.224231719970703
3.110182285308838
2.921440601348877
2.9601383209228516
2.8774831295013428
2.946580410003662
2.8349251747131348
2.8476383686065674
2.848691463470459
2.7916526794433594
0.004553729202598333
0.005363811738789082
0.0040389071218669415
0.004007651004940271
0.003745231544598937
0.003863314399495721
0.004860824905335903
0.004900610540062189
0.007074924185872078
0.0047111487947404385
0.06036374345421791
0.047254517674446106
0.046570878475904465
0.045062288641929626
0.04344275966286659
0.044101912528276443
0.04412094131112099
0.046269409358501434
0.04013208672404289
0.03709990531206131
0.4416045844554901
0.36919885873794556
0.31583184003829956
0.2888398766517639
0.261403352022171
0.2511494755744934
0.21174998581409454
0.21963052451610565
0.2378179281949997
0.19160357117652893
2.438720464706421
2.354635715484619
2.179025888442993
2.072401762008667
1.9615916013717651
1.8900638818740845
1.7778096199035645
1.9227466583251953
1.6786977052688599
1.6914246082305908
3.7793681621551514
3.7231082916259766
3.5831024646759033
3.470386028289795
3.368023157119751
3.253248453140259
3.221193552017212
3.2131292819976807
2.9948058128356934
2.9611618518829346
2.943983554840088
2.810986042022705
2.767223834991455
2.6356937885284424
2.5063037872314453
2.5297646522521973
2.3971688747406006
2.3606653213500977
2.2478833198547363
2.19972825050354
5.6920485496521
5.579186916351318
5.489987373352051
5.378523826599121
5.22550630569458
5.133967876434326
5.002233505249023
4.910370349884033
4.859475135803223
4.710500240325928
3.3212456703186035
3.310999631881714
3.227621078491211
3.1748435497283936
3.1157898902893066
3.058030605316162
3.1054341793060303
2.9836266040802
2.9425771236419678
2.9285597801208496
4.792799949645996
4.789791107177734
4.722766399383545
4.672783374786377
4.538962364196777
4.4954023361206055
4.486823081970215
4.439429759979248
4.373019218444824
4.341609001159668
0.034236177802085876
0.02933354862034321
0.03185855224728584
0.029334286227822304
0.029465507715940475
0.031974077224731445
0.028151825070381165
0.02648916095495224
0.03306058049201965
0.046029798686504364
0.22466759383678436
0.20709089934825897
0.19303344190120697
0.18953049182891846
0.147488534450531
0.13764595985412598
0.127333402633667
0.13500170409679413
0.10330861806869507
0.09305289387702942
0.9306665062904358
0.7473905086517334
0.6401439309120178
0.555124044418335
0.47337886691093445
0.4560725688934326
0.4014529585838318
0.36618125438690186
0.3555546998977661
0.3189171850681305
3.771164655685425
3.4183130264282227
3.3189752101898193
3.29103946685791
3.2908055782318115
2.9447922706604004
2.6584672927856445
2.381662607192993
2.2428245544433594
2.0458016395568848
3.2716898918151855
3.1592283248901367
2.981226921081543
2.8599541187286377
2.76031494140625
2.68642258644104
2.498286247253418
2.4549741744995117
2.436131477355957
2.256304979324341
5.726604461669922
5.672248840332031
5.529814720153809
5.547727108001709
5.500492095947266
5.406087398529053
5.342692852020264
5.312406539916992
5.29923677444458
5.223033905029297
3.6746840476989746
3.629117488861084
3.6313958168029785
3.5201151371002197
3.5069777965545654
3.5716850757598877
3.4708378314971924
3.408524751663208
3.3403544425964355
3.4235057830810547
2.955073833465576
2.9566075801849365
2.925421714782715
2.7968568801879883
2.865229845046997
2.788881301879883
2.76896071434021
2.7504377365112305
2.7529659271240234
2.694533109664917
3.602504253387451
3.6299808025360107
3.545029878616333
3.4759681224823
3.48115873336792
3.3543689250946045
3.4479284286499023
3.357085704803467
3.3875091075897217
3.2908523082733154
0.008202577941119671
0.008643995970487595
0.009830114431679249
0.00854714959859848
0.007756471633911133
0.00923496950417757
0.0074867247603833675
0.008995883166790009
0.009774299338459969
0.007447040174156427
0.09197299182415009
0.08016327023506165
0.07391089200973511
0.06925880908966064
0.06245926022529602
0.06288712471723557
0.06757191568613052
0.05573202297091484
0.05114409700036049
0.04813075810670853
0.4951753318309784
0.4778456389904022
0.33478865027427673
0.30989372730255127
0.2800600528717041
0.2421342432498932
0.21984827518463135
0.22215308248996735
0.2012961506843567
0.19463607668876648
2.6054835319519043
2.3659839630126953
2.262758731842041
2.2034215927124023
2.1072001457214355
2.0409653186798096
2.0386416912078857
1.973453164100647
1.8776100873947144
1.861256718635559
2.7602248191833496
2.5479066371917725
2.588200569152832
2.457923173904419
2.390658140182495
2.3082714080810547
2.319307804107666
2.1914315223693848
2.2513608932495117
2.102468729019165
3.0455546379089355
2.961484670639038
2.92057466506958
2.8080546855926514
2.7897746562957764
2.6879775524139404
2.5949597358703613
2.541604995727539
2.4629921913146973
2.429082155227661
5.808805465698242
5.650259017944336
5.551138877868652
5.434848308563232
5.363371849060059
5.289409637451172
5.166901111602783
5.10136604309082
5.061954498291016
4.945695877075195
5.56954288482666
5.467734336853027
5.411969184875488
5.3193488121032715
5.24300479888916
5.1460371017456055
5.097350120544434
5.003015518188477
4.914086818695068
4.890412330627441
2.447434663772583
2.404026985168457
2.393782615661621
2.385577440261841
2.275207042694092
2.3422443866729736
2.2741737365722656
2.3066792488098145
2.2200801372528076
2.191016435623169
0.020924102514982224
0.01890482008457184
0.0172980148345232
0.018530523404479027
0.01902836002409458
0.02140176109969616
0.01732703112065792
0.016741719096899033
0.01606445387005806
0.017458796501159668
0.17606304585933685
0.13556420803070068
0.12564748525619507
0.11423976719379425
0.1085059717297554
0.09289705008268356
0.09088454395532608
0.08322006464004517
0.07538618892431259
0.07207494974136353
0.6978148818016052
0.5524991154670715
0.435915470123291
0.37599319219589233
0.3266359865665436
0.2909606397151947
0.25358933210372925
0.2414800077676773
0.24722972512245178
0.22012819349765778
3.0853428840637207
2.6324079036712646
2.388029098510742
2.280747652053833
2.073537826538086
1.8018507957458496
1.6494507789611816
1.503920316696167
1.386900544166565
1.2203270196914673
4.784249305725098
4.58250617980957
4.313276290893555
4.0605998039245605
3.921332836151123
3.758479118347168
3.6163525581359863
3.385521411895752
3.4234368801116943
3.263615608215332
3.4252548217773438
3.399526596069336
3.252699613571167
3.2527050971984863
3.2196173667907715
3.1169376373291016
3.193269968032837
3.084881544113159
3.085477828979492
2.9981441497802734
5.398483753204346
5.330728054046631
5.260059833526611
5.233258247375488
5.264003276824951
5.217741966247559
5.188212871551514
5.051034450531006
5.058272361755371
5.029881477355957
2.2439939975738525
2.231701374053955
2.1952009201049805
2.179349899291992
2.1790006160736084
2.100818634033203
2.117206573486328
2.023183822631836
2.048382043838501
2.082676887512207
5.371805667877197
5.3664116859436035
5.366987705230713
5.253170967102051
5.252838611602783
5.231105804443359
5.188582897186279
5.187801837921143
5.128011703491211
5.1040425300598145
0.00206309137865901
0.0021720523945987225
0.0025152883026748896
0.0024862915743142366
0.002182951895520091
0.0026765402872115374
0.002903210697695613
0.002646510023623705
0.0024903444573283195
0.0028832945972681046
0.023269126191735268
0.025601651519536972
0.021920273080468178
0.025015022605657578
0.027050310745835304
0.024061867967247963
0.01889926753938198
0.018627110868692398
0.02114054001867771
0.018208591267466545
0.19727852940559387
0.1532803624868393
0.13645140826702118
0.13180997967720032
0.10799596458673477
0.10629112273454666
0.15915395319461823
0.08984307944774628
0.0766492486000061
0.0821911096572876
1.4548985958099365
1.2645246982574463
1.1524312496185303
1.042349100112915
0.9517967700958252
0.8969777822494507
0.8370974063873291
0.8400245308876038
0.72032630443573
0.7131185531616211
4.767208099365234
4.53649377822876
4.435067653656006
4.280522346496582
4.244948863983154
4.051122188568115
3.9300074577331543
3.8476381301879883
3.730319023132324
3.62886905670166
3.78468656539917
3.669126033782959
3.591008186340332
3.5078680515289307
3.3920092582702637
3.3148109912872314
3.166153907775879
3.1133456230163574
2.9877984523773193
2.889718770980835
5.882997512817383
5.649565696716309
5.452777862548828
5.2837371826171875
5.1955647468566895
5.0783233642578125
4.852088928222656
4.730439186096191
4.670341968536377
4.580594062805176
6.877146244049072
6.700769901275635
6.622809886932373
6.50221061706543
6.358964443206787
6.2862043380737305
6.2246270179748535
6.122593879699707
6.10166072845459
6.016291618347168
3.6102797985076904
3.5419301986694336
3.5826008319854736
3.5111165046691895
3.366353988647461
3.353085994720459
3.3170621395111084
3.269547939300537
3.2805893421173096
3.2282423973083496
0.02241101674735546
0.023151777684688568
0.02311987616121769
0.029873749241232872
0.027243897318840027
0.02069183811545372
0.018218979239463806
0.021134033799171448
0.021867996081709862
0.021610498428344727
0.21518366038799286
0.18757574260234833
0.174385204911232
0.14326892793178558
0.14528857171535492
0.11916422843933105
0.09858186542987823
0.10407976061105728
0.09679995477199554
0.09173652529716492
0.6109684109687805
0.4509129524230957
0.3556532859802246
0.3121771514415741
0.3051782548427582
0.2367965430021286
0.2148110270500183
0.17945057153701782
0.17063389718532562
0.15962406992912292
2.2276830673217773
1.746971607208252
1.5799217224121094
1.3306093215942383
1.155295968055725
1.0418736934661865
0.8877924680709839
0.7955127358436584
0.7020431756973267
0.6293749809265137
4.726051330566406
4.222824573516846
4.162945747375488
3.955383777618408
3.384685754776001
2.949176549911499
2.7894833087921143
2.489511728286743
2.32417368888855
2.3268096446990967
4.048221111297607
3.9698829650878906
3.844371795654297
3.7729344367980957
3.670532464981079
3.675807237625122
3.6036734580993652
3.5111660957336426
3.4439797401428223
3.385540723800659
4.7914719581604
4.705862522125244
4.593771934509277
4.530232906341553
4.5089240074157715
4.502396583557129
4.471741199493408
4.490582466125488
4.403337478637695
4.383274555206299
2.41013240814209
2.424233913421631
2.3434488773345947
2.302529811859131
2.337869882583618
2.3200583457946777
2.221642255783081
2.2565805912017822
2.2016258239746094
2.187105894088745
4.980973243713379
4.920499324798584
4.989289283752441
4.861601829528809
4.864731788635254
4.809970855712891
4.777548313140869
4.6390910148620605
4.630335330963135
4.642759799957275
0.0022306484170258045
0.0019908673129975796
0.002198191359639168
0.001714569516479969
0.0024942606687545776
0.0016762189334258437
0.0018473544623702765
0.0019809561781585217
0.002061978681012988
0.0016606641001999378
0.02142951264977455
0.021131625398993492
0.021432437002658844
0.028784342110157013
0.017444418743252754
0.018136071041226387
0.0207603070884943
0.019704099744558334
0.017198333516716957
0.01736159436404705
0.24297592043876648
0.17992553114891052
0.1422095149755478
0.1482013761997223
0.12299105525016785
0.12862949073314667
0.11056364327669144
0.10197868198156357
0.09544142335653305
0.08783192187547684
1.997340440750122
1.8393707275390625
1.6460717916488647
1.481661319732666
1.4838829040527344
1.3601826429367065
1.2541170120239258
1.195745587348938
1.135353922843933
1.0727214813232422
5.501906871795654
5.325200080871582
5.199216365814209
5.078361511230469
4.94177770614624
4.785401821136475
4.596989631652832
4.484804153442383
4.413931369781494
4.251649379730225
6.530625343322754
6.3159074783325195
6.175462245941162
5.962276935577393
5.746826171875
5.626674652099609
5.413774490356445
5.2593536376953125
5.11588716506958
4.98149299621582
2.604130506515503
2.4893181324005127
2.4496426582336426
2.4556639194488525
2.3842761516571045
2.3081412315368652
2.2760446071624756
2.1904659271240234
2.172558546066284
2.1898703575134277
6.199082374572754
6.0881524085998535
5.99494743347168
5.843286037445068
5.836984157562256
5.746689796447754
5.66435432434082
5.614462852478027
5.540403366088867
5.512214660644531
3.5899877548217773
3.5358731746673584
3.407620429992676
3.3551790714263916
3.3248767852783203
3.2755355834960938
3.296717643737793
3.2457094192504883
3.217963218688965
3.148452043533325
0.026129139587283134
0.021169112995266914
0.02316528744995594
0.01626179926097393
0.019788770005106926
0.018420308828353882
0.017075035721063614
0.017003074288368225
0.017802026122808456
0.01718156971037388
0.2026084065437317
0.1717396378517151
0.13351355493068695
0.13040848076343536
0.1054062470793724
0.09543535858392715
0.09549394249916077
0.08301319926977158
0.0858248919248581
0.08211998641490936
0.6751586198806763
0.5769092440605164
0.47199681401252747
0.4110048711299896
0.34296491742134094
0.30827829241752625
0.2809225916862488
0.29936549067497253
0.22389985620975494
0.20772847533226013
3.4682939052581787
3.1056063175201416
2.925344944000244
2.903033494949341
2.476346969604492
2.2293496131896973
2.0564515590667725
1.8752182722091675
1.7107975482940674
1.5503519773483276
6.066333293914795
5.7959370613098145
5.594147682189941
5.521584987640381
5.324977397918701
5.103272914886475
4.965026378631592
4.817192554473877
4.744287967681885
4.604772090911865
3.161733865737915
3.100311756134033
3.0018444061279297
2.9008078575134277
2.8620400428771973
2.846436023712158
2.7705233097076416
2.7626147270202637
2.712766408920288
2.719524383544922
4.392033576965332
4.324700832366943
4.221775531768799
4.21274995803833
4.208225727081299
4.129093647003174
4.021279335021973
4.035388469696045
3.997840642929077
3.893446445465088
1.0693014860153198
1.0740227699279785
1.0700364112854004
1.0008984804153442
0.9597528576850891
0.9944872856140137
1.0497218370437622
0.9315168261528015
0.9458426833152771
0.9306334853172302
5.944957256317139
5.9312639236450195
5.790000915527344
5.783080577850342
5.756041049957275
5.781573295593262
5.780697822570801
5.6995439529418945
5.599579334259033
5.69095516204834
0.012751225382089615
0.012113555334508419
0.011793551035225391
0.01192749198526144
0.009916833601891994
0.010116297751665115
0.01057889498770237
0.011402642354369164
0.010770809836685658
0.009703120216727257
0.095516636967659
0.0782829225063324
0.07558995485305786
0.07215951383113861
0.05497876554727554
0.053730785846710205
0.049879290163517
0.04216716066002846
0.04319760203361511
0.03904666379094124
0.5064019560813904
0.4092634320259094
0.39017823338508606
0.330940306186676
0.3063775300979614
0.2727871239185333
0.26127877831459045
0.2633973956108093
0.24111613631248474
0.22411713004112244
3.7573111057281494
3.4779679775238037
3.233645439147949
3.106904983520508
3.0129342079162598
2.8938333988189697
2.8488872051239014
2.756531000137329
2.6578426361083984
2.5629899501800537
6.382844924926758
6.235202312469482
6.113890171051025
6.000607967376709
5.7739105224609375
5.654866695404053
5.52786111831665
5.427491664886475
5.249944686889648
5.084352970123291
2.8706462383270264
2.6208982467651367
2.571568489074707
2.6457643508911133
2.497065782546997
2.3977527618408203
2.4894442558288574
2.321685314178467
2.3090851306915283
2.279787540435791
5.054357528686523
4.966226100921631
4.908492565155029
4.888058662414551
4.7837653160095215
4.7352399826049805
4.603310585021973
4.632149696350098
4.575350284576416
4.4730987548828125
3.9624485969543457
3.909025192260742
3.9255692958831787
3.8182969093322754
3.741093873977661
3.7321529388427734
3.6490859985351562
3.6208250522613525
3.569291830062866
3.4577670097351074
6.6732988357543945
6.583853244781494
6.553229808807373
6.5035858154296875
6.436504364013672
6.318305969238281
6.366952896118164
6.203492164611816
6.176088333129883
6.096691131591797
0.043404292315244675
0.04021561145782471
0.03532615303993225
0.03384234383702278
0.035083431750535965
0.03376892954111099
0.03168252110481262
0.03397059440612793
0.02973034232854843
0.030141664668917656
0.279543399810791
0.20651690661907196
0.16750790178775787
0.1447322815656662
0.13374438881874084
0.11748352646827698
0.11751700937747955
0.09746319055557251
0.08879430592060089
0.10175152122974396
0.6517054438591003
0.5401641726493835
0.4664757549762726
0.35078099370002747
0.3451959490776062
0.29862773418426514
0.2579318881034851
0.2501748204231262
0.2511308789253235
0.20013892650604248
3.330148696899414
2.968039035797119
2.7082114219665527
2.507387161254883
2.205050230026245
2.161012887954712
1.7532249689102173
1.587405800819397
1.5181078910827637
1.3587356805801392
6.058562755584717
5.855922698974609
5.712522029876709
5.626810550689697
5.435194969177246
5.288888931274414
5.191864490509033
5.083592414855957
4.964641094207764
4.881580829620361
2.578244686126709
2.469818115234375
2.4323270320892334
2.4689955711364746
2.3652806282043457
2.3171632289886475
2.316216230392456
2.2143826484680176
2.293684720993042
2.225447177886963
5.613559722900391
5.5801801681518555
5.493832111358643
5.457271575927734
5.407073020935059
5.356640338897705
5.324548721313477
5.288552761077881
5.159605026245117
5.214331150054932
3.1188385486602783
3.0676302909851074
2.9940683841705322
3.0321412086486816
2.939868450164795
2.9954373836517334
2.9251997470855713
2.878376007080078
2.905440330505371
2.892479658126831
5.7510199546813965
5.698411464691162
5.665828704833984
5.68100643157959
5.581430912017822
5.579872131347656
5.499492645263672
5.448563098907471
5.445510387420654
5.42337703704834
0.024253925308585167
0.02086629346013069
0.025398025289177895
0.019287515431642532
0.021728066727519035
0.020765185356140137
0.019820550456643105
0.018710479140281677
0.018198419362306595
0.015497418120503426
0.2195846140384674
0.13648957014083862
0.11646142601966858
0.09154006093740463
0.08284309506416321
0.07269090414047241
0.07492471486330032
0.06385853886604309
0.06641872972249985
0.05396921932697296
0.6183762550354004
0.5115426778793335
0.46028023958206177
0.40368983149528503
0.3973105549812317
0.3313879370689392
0.3146266043186188
0.2994441092014313
0.29811882972717285
0.264126181602478
4.024137020111084
3.6532273292541504
3.497776508331299
3.3985531330108643
3.1939961910247803
3.1080257892608643
2.924208164215088
2.90456485748291
2.7956044673919678
2.570215940475464
3.0049591064453125
3.010195732116699
2.8683273792266846
2.7445006370544434
2.6573190689086914
2.6063802242279053
2.4780123233795166
2.4589192867279053
2.2679738998413086
2.1914706230163574
6.087795257568359
5.871181011199951
5.811687469482422
5.596585750579834
5.526046276092529
5.4756317138671875
5.286573886871338
5.176843166351318
5.0986738204956055
5.029407024383545
4.096137046813965
4.114102840423584
4.002567768096924
4.007853031158447
3.8762311935424805
3.909719467163086
3.8684298992156982
3.7772350311279297
3.762930154800415
3.7088499069213867
5.707401752471924
5.645201206207275
5.550077438354492
5.539167404174805
5.496609687805176
5.445484161376953
5.356546401977539
5.308318138122559
5.241913318634033
5.248001575469971
2.7465715408325195
2.66961669921875
2.6040637493133545
2.5953586101531982
2.4907164573669434
2.4905645847320557
2.488534927368164
2.4407403469085693
2.3579671382904053
2.383056640625
