3.5017201900482178
3.4876868724823
3.5117969512939453
3.4830353260040283
3.5010898113250732
3.4686546325683594
3.4526562690734863
3.4544761180877686
3.482999801635742
3.4811928272247314
3.6527822017669678
3.6070616245269775
3.599853277206421
3.6114907264709473
3.5704445838928223
3.5670838356018066
3.5780067443847656
3.6043171882629395
3.574371576309204
3.60414719581604
3.8134756088256836
3.806765079498291
3.8380579948425293
3.7781782150268555
3.766045570373535
3.804600715637207
3.780857563018799
3.7836787700653076
3.7491214275360107
3.780134677886963
4.305456161499023
4.323028564453125
4.277848720550537
4.273105621337891
4.331871509552002
4.236235618591309
4.3073530197143555
4.214393138885498
4.199062347412109
4.287654876708984
4.9427876472473145
4.809589862823486
4.850345134735107
4.87339973449707
4.844590663909912
4.801061153411865
4.7776007652282715
4.86618185043335
4.785507678985596
4.75828218460083
4.763383865356445
4.742181301116943
4.692811489105225
4.660921573638916
4.71482515335083
4.653622627258301
4.697178840637207
4.688019752502441
4.613490581512451
4.610537052154541
4.4077534675598145
4.369866371154785
4.329822063446045
4.347972869873047
4.3142313957214355
4.328904151916504
4.2874274253845215
4.232494354248047
4.2160234451293945
4.245024681091309
4.726393699645996
4.700191020965576
4.642282962799072
4.65983247756958
4.609272003173828
4.537585258483887
4.584403991699219
4.6300530433654785
4.581817626953125
4.5037078857421875
4.437073230743408
4.388442039489746
4.405306339263916
4.306838512420654
4.285989284515381
4.288723945617676
4.308991432189941
4.206426620483398
4.239092826843262
4.248661518096924
