4.237472057342529
4.219699382781982
4.237641334533691
4.207138538360596
4.180343151092529
4.178501605987549
4.167738437652588
4.1900129318237305
4.240746974945068
4.223247528076172
77.15909576416016
75.50437927246094
74.51615905761719
73.48152923583984
72.85779571533203
72.3654556274414
71.20579528808594
70.40843200683594
69.54351806640625
68.84794616699219
3.686406373977661
3.6884751319885254
3.6901745796203613
3.6931560039520264
3.689361333847046
3.6891672611236572
3.6798198223114014
3.6834278106689453
3.686095952987671
3.684473991394043
12.1292142868042
11.945603370666504
12.002481460571289
11.954202651977539
11.82088851928711
11.810101509094238
11.837471008300781
11.718390464782715
11.715497016906738
11.689265251159668
3.596877336502075
3.5970425605773926
3.5963900089263916
3.5976274013519287
3.595457077026367
3.5949864387512207
3.5952818393707275
3.594095468521118
3.5942797660827637
3.5939652919769287
4.115933418273926
4.116792678833008
4.116916179656982
4.117147445678711
4.1165080070495605
4.115748405456543
4.1154608726501465
4.116132736206055
4.115187644958496
4.115622043609619
3.312309741973877
3.310856580734253
3.310760259628296
3.3017499446868896
3.3052282333374023
3.3062758445739746
3.301602363586426
3.299748182296753
3.302229642868042
3.299084186553955
20.56377601623535
20.44110107421875
20.350074768066406
20.302303314208984
20.17152214050293
20.026586532592773
19.950592041015625
19.87809944152832
19.722558975219727
19.7283935546875
3.8941240310668945
3.8928213119506836
3.893810987472534
3.8943045139312744
3.8925514221191406
3.894111156463623
3.893101930618286
3.8940563201904297
3.8935511112213135
3.8945276737213135
3.806715965270996
3.806148052215576
3.8063955307006836
3.8066747188568115
3.8050453662872314
3.8066246509552
3.8061258792877197
3.8052425384521484
3.8067824840545654
3.806500196456909
10.04666519165039
9.953961372375488
9.910140037536621
9.907388687133789
9.839656829833984
9.745073318481445
9.790860176086426
9.762914657592773
9.662424087524414
9.605730056762695
3.781073808670044
3.782125949859619
3.779853582382202
3.7805607318878174
3.781926155090332
3.7803781032562256
3.7828421592712402
3.78228759765625
3.7821669578552246
3.781338930130005
86.74811553955078
83.3497085571289
77.54081726074219
67.18445587158203
56.10557556152344
48.66047286987305
42.45508575439453
38.128517150878906
34.39719772338867
30.614025115966797
2.4922993183135986
2.4939653873443604
2.4864425659179688
2.4901394844055176
2.4897971153259277
2.482232093811035
2.480010509490967
2.4722230434417725
2.4760348796844482
2.4688451290130615
16.48470115661621
16.39356231689453
16.28781509399414
16.38846206665039
16.299726486206055
16.34528160095215
16.224184036254883
16.12296485900879
15.962166786193848
15.879907608032227
14.167571067810059
14.072904586791992
13.837316513061523
13.619645118713379
13.391167640686035
12.967843055725098
12.567863464355469
12.157208442687988
11.569101333618164
11.058897018432617
7.011015892028809
6.711675643920898
6.445093631744385
6.164881229400635
5.905858039855957
5.66629695892334
5.421623229980469
5.167491912841797
4.9989705085754395
4.841399669647217
31.621517181396484
31.16973114013672
30.61331558227539
29.71685028076172
28.911806106567383
27.559600830078125
26.0732421875
24.108779907226562
22.09034538269043
20.107559204101562
3.5293445587158203
3.5482964515686035
3.548410177230835
3.5429470539093018
3.5463297367095947
3.5357937812805176
3.538451910018921
3.542985439300537
3.5358922481536865
3.5396957397460938
23.449295043945312
23.34872817993164
23.251625061035156
23.04901885986328
22.974164962768555
22.903579711914062
22.756155014038086
22.6998348236084
22.648101806640625
22.59031867980957
3.1484005451202393
3.1613776683807373
3.14473032951355
3.161731243133545
3.152313709259033
3.1551907062530518
3.1337573528289795
3.144338607788086
3.140328884124756
3.1476006507873535
15.726520538330078
15.699295043945312
15.640639305114746
15.556930541992188
15.485004425048828
15.412490844726562
15.375669479370117
15.334074020385742
15.258949279785156
15.193765640258789
3.508963108062744
3.5154476165771484
3.5199785232543945
3.5102505683898926
3.514150857925415
3.5155134201049805
3.504368305206299
3.4984183311462402
3.4952173233032227
3.5011281967163086
24.640438079833984
24.342628479003906
24.028963088989258
23.86014175415039
23.515113830566406
23.287752151489258
22.77942657470703
22.422761917114258
21.869630813598633
21.267934799194336
5.289656639099121
4.09596061706543
3.338453769683838
2.7254562377929688
2.4709057807922363
2.246370315551758
2.1167469024658203
1.9888062477111816
1.977317214012146
1.9563891887664795
49.817291259765625
49.40242004394531
49.085365295410156
48.733951568603516
48.36354064941406
47.960594177246094
47.7516975402832
47.3634147644043
46.966529846191406
46.60068893432617
3.6884231567382812
3.684917449951172
3.6860246658325195
3.6824917793273926
3.6832516193389893
3.684596300125122
3.6826419830322266
3.6844675540924072
3.6843512058258057
3.6842844486236572
14.864755630493164
14.472034454345703
13.981916427612305
13.654481887817383
13.345769882202148
12.925714492797852
12.573310852050781
12.367542266845703
11.946672439575195
11.67280387878418
3.8612515926361084
3.861952304840088
3.8613736629486084
3.8627309799194336
3.8624978065490723
3.8620710372924805
3.862010955810547
3.8627026081085205
3.861455202102661
3.8621973991394043
5.658567905426025
5.64777135848999
5.633232116699219
5.63167142868042
5.652900218963623
5.636385440826416
5.6228132247924805
5.626652717590332
5.618001461029053
5.615264892578125
3.241755247116089
3.2190816402435303
3.2053961753845215
3.2088725566864014
3.205638885498047
3.2069246768951416
3.1821744441986084
3.151784896850586
3.157344341278076
3.143522024154663
20.048114776611328
19.750520706176758
19.460031509399414
19.330320358276367
19.048490524291992
18.849437713623047
18.825775146484375
18.587242126464844
18.418441772460938
18.16200065612793
3.3669984340667725
3.346787929534912
3.3102550506591797
3.3147494792938232
3.3197381496429443
3.321342706680298
3.3254847526550293
3.308189868927002
3.2867915630340576
3.255443572998047
5.305080413818359
5.326597690582275
5.289656162261963
5.283435821533203
5.296016693115234
5.241238117218018
5.279053211212158
5.237668991088867
5.247853755950928
5.171764850616455
2.6143553256988525
2.5867137908935547
2.5872416496276855
2.5814616680145264
2.587049722671509
2.5820343494415283
2.5884547233581543
2.5847625732421875
2.56398344039917
2.5786097049713135
9.4791841506958
9.411134719848633
9.23306941986084
9.188244819641113
9.109207153320312
8.97817611694336
8.872974395751953
8.834024429321289
8.782819747924805
8.556849479675293
3.703911304473877
3.703455924987793
3.7035791873931885
3.7035703659057617
3.7033987045288086
3.7038381099700928
3.7038629055023193
3.703787326812744
3.7035763263702393
3.7034146785736084
3.674717664718628
3.6744680404663086
3.6745944023132324
3.674565076828003
3.6746623516082764
3.67454195022583
3.6746182441711426
3.674541711807251
3.674760103225708
3.6746885776519775
3.9618968963623047
3.9615957736968994
3.9617912769317627
3.961528778076172
3.9617292881011963
3.9616236686706543
3.9614431858062744
3.9617247581481934
3.961793899536133
3.9618186950683594
3.9690418243408203
3.9679088592529297
3.9667770862579346
3.967866897583008
3.9661378860473633
3.9680216312408447
3.9669973850250244
3.966341972351074
3.9681763648986816
3.967315435409546
3.8230247497558594
3.822693347930908
3.818385124206543
3.822782516479492
3.824294090270996
3.820596694946289
3.824244499206543
3.824157953262329
3.824035882949829
3.8221945762634277
4.448808193206787
4.430825233459473
4.402635097503662
4.372983932495117
4.357357978820801
4.3473052978515625
4.3464155197143555
4.301302433013916
4.304245471954346
4.283175468444824
3.411166191101074
3.420628786087036
3.3929824829101562
3.360278367996216
3.3753929138183594
3.3441855907440186
3.3317935466766357
3.336026191711426
3.3201138973236084
3.3122174739837646
14.988664627075195
14.999198913574219
14.797465324401855
14.599588394165039
14.444499015808105
14.232465744018555
14.268512725830078
14.114039421081543
13.944568634033203
13.865297317504883
3.6627817153930664
3.6738312244415283
3.6403894424438477
3.6169323921203613
3.6043736934661865
3.6423823833465576
3.591096878051758
3.592836856842041
3.5993547439575195
3.5913543701171875
6.677113056182861
6.723844051361084
6.681792259216309
6.689594745635986
6.662947177886963
6.604501247406006
6.584540843963623
6.576745986938477
6.564964771270752
6.538238048553467
3.059006452560425
3.076648235321045
3.080383062362671
3.046055793762207
3.0609099864959717
3.0547943115234375
3.057114601135254
3.0705740451812744
3.0472445487976074
3.0434389114379883
7.234960556030273
7.174736022949219
7.1421027183532715
7.059670448303223
7.000417709350586
6.940227508544922
6.898125648498535
6.951479911804199
6.828022003173828
6.797396659851074
3.0918073654174805
3.0851049423217773
3.0722250938415527
3.071626901626587
3.0753695964813232
3.0786173343658447
3.070964813232422
3.0793251991271973
3.066801071166992
3.0728652477264404
5.865901947021484
5.8282084465026855
5.821164131164551
5.7956438064575195
5.768757343292236
5.76658821105957
5.745540618896484
5.74329137802124
5.695314407348633
5.68418025970459
3.0574097633361816
3.0595593452453613
3.058520793914795
3.0574159622192383
3.054133176803589
3.0571346282958984
3.052483081817627
3.0512728691101074
3.056867837905884
3.0546998977661133
7.6813740730285645
7.619183540344238
7.558796405792236
7.521060943603516
7.4290666580200195
7.398844242095947
7.338393211364746
7.3321213722229
7.253155708312988
7.242829322814941
3.2126147747039795
3.210871458053589
3.220057487487793
3.2058699131011963
3.216604709625244
3.215524673461914
3.216066598892212
3.207392930984497
3.2067372798919678
3.2050468921661377
5.861572742462158
5.8588385581970215
5.767367362976074
5.727392673492432
5.711658954620361
5.621684551239014
5.595268249511719
5.5584282875061035
5.520334720611572
5.4330854415893555
3.3100075721740723
3.301673173904419
3.2917768955230713
3.256826400756836
3.249871253967285
3.2560224533081055
3.261964797973633
3.2393665313720703
3.2224907875061035
3.2033374309539795
11.326416015625
11.198185920715332
10.911023139953613
10.744385719299316
10.601028442382812
10.561695098876953
10.34312915802002
10.12111759185791
10.090911865234375
9.926090240478516
2.802022933959961
2.747317314147949
2.7432408332824707
2.752249240875244
2.6878910064697266
2.7017266750335693
2.6974668502807617
2.6715304851531982
2.672670841217041
2.624692440032959
3.2911276817321777
3.286497116088867
3.2932281494140625
3.2769224643707275
3.270098924636841
3.294931173324585
3.256260633468628
3.2563021183013916
3.249093532562256
3.2315804958343506
5.286150932312012
5.329977989196777
5.18041467666626
5.242189884185791
5.155121326446533
5.113941669464111
5.122135639190674
5.013770580291748
4.997335433959961
4.949240207672119
12.475966453552246
12.39052963256836
12.351527214050293
12.224710464477539
12.1946439743042
12.034269332885742
12.068707466125488
12.024654388427734
11.911179542541504
11.8826265335083
3.0941543579101562
3.091278314590454
3.0872864723205566
3.084364175796509
3.0919175148010254
3.0827715396881104
3.097477912902832
3.0898051261901855
3.0860981941223145
3.0877902507781982
7.400774002075195
7.326204776763916
7.257193088531494
7.1954569816589355
7.175440311431885
7.075500011444092
7.018383502960205
6.9587883949279785
6.909814357757568
6.838991641998291
3.2988381385803223
3.3000895977020264
3.2863829135894775
3.29500150680542
3.2878963947296143
3.298252820968628
3.290484666824341
3.2920124530792236
3.294041395187378
3.2939672470092773
13.646343231201172
13.6024808883667
13.536612510681152
13.578936576843262
13.536954879760742
13.487154006958008
13.4459810256958
13.33996868133545
13.335140228271484
13.25187873840332
3.3175652027130127
3.3134512901306152
3.3235280513763428
3.3013839721679688
3.3084099292755127
3.305007219314575
3.3021154403686523
3.309659719467163
3.3111863136291504
3.311063051223755
10.673466682434082
10.428943634033203
10.235234260559082
9.938963890075684
9.808231353759766
9.75797176361084
9.580903053283691
9.440924644470215
9.270326614379883
9.185304641723633
3.097749710083008
3.079129934310913
3.0785770416259766
3.048821210861206
3.0001885890960693
3.0050387382507324
3.0051612854003906
2.9987597465515137
3.015326738357544
2.980343818664551
13.758597373962402
13.527318954467773
13.245382308959961
12.883301734924316
12.52056884765625
12.285884857177734
12.063946723937988
11.674666404724121
11.573667526245117
11.288538932800293
2.861985683441162
2.9043619632720947
2.8822219371795654
2.8625001907348633
2.8265862464904785
2.8140182495117188
2.805173873901367
2.7980151176452637
2.7895758152008057
2.7326529026031494
2.8157997131347656
2.806705951690674
2.809696912765503
2.8281819820404053
2.798551321029663
2.81325626373291
2.7898757457733154
2.7807769775390625
2.770705223083496
2.782665252685547
32.42942428588867
31.767244338989258
31.063785552978516
30.4653377532959
29.65104103088379
29.046091079711914
28.23910903930664
27.518739700317383
26.663097381591797
25.69219970703125
2.437199354171753
2.45241117477417
2.367305278778076
2.3111281394958496
2.305797576904297
2.253019094467163
2.2547457218170166
2.178778648376465
2.168527841567993
2.110213041305542
2.9673943519592285
2.9763524532318115
2.9735281467437744
2.967926025390625
2.95776629447937
2.9604971408843994
2.966045379638672
2.961688756942749
2.9595260620117188
2.9543333053588867
22.847461700439453
22.827838897705078
22.731876373291016
22.521343231201172
22.326810836791992
22.191537857055664
21.9679012298584
21.859130859375
21.514633178710938
21.404691696166992
2.801281213760376
2.788600444793701
2.78041934967041
2.7448906898498535
2.7589335441589355
2.762380599975586
2.7594640254974365
2.74635648727417
2.7206037044525146
2.7248904705047607
4.322066783905029
4.328223705291748
4.323843955993652
4.32420015335083
4.320539474487305
4.297926425933838
4.275720596313477
4.296375751495361
4.2610931396484375
4.274775981903076
3.2465364933013916
3.209913492202759
3.218090772628784
3.19392466545105
3.1868813037872314
3.1449925899505615
3.1676886081695557
3.1569418907165527
3.1370062828063965
3.1269588470458984
18.04740333557129
14.37829875946045
12.975419044494629
12.454166412353516
12.14013957977295
11.80606746673584
11.52707576751709
11.261588096618652
11.018014907836914
10.643250465393066
3.5133612155914307
3.5209732055664062
3.513380527496338
3.461168050765991
3.4269964694976807
3.4619100093841553
3.4060139656066895
3.4196274280548096
3.410912275314331
3.4005305767059326
13.10391616821289
12.876651763916016
12.41683292388916
12.102170944213867
11.735079765319824
11.432157516479492
11.360694885253906
10.945301055908203
10.665223121643066
10.381719589233398
2.9336647987365723
2.93650221824646
2.9167909622192383
2.8815207481384277
2.8683948516845703
2.7966973781585693
2.7970781326293945
2.788989543914795
2.7676637172698975
2.7224791049957275
6.835168361663818
6.674463748931885
6.6346211433410645
6.596785068511963
6.484795570373535
6.385473728179932
6.381341934204102
6.295358657836914
6.209510326385498
6.1752824783325195
3.156935930252075
3.1863772869110107
3.154759645462036
3.1395437717437744
3.0978636741638184
3.0665929317474365
3.034282922744751
3.068225145339966
3.022559881210327
2.989783525466919
8.951557159423828
8.7888822555542
8.677165031433105
8.50499153137207
8.299227714538574
8.158912658691406
7.952402591705322
7.845325946807861
7.581689357757568
7.4831671714782715
2.6402926445007324
2.633410692214966
2.6313366889953613
2.5766751766204834
2.6129841804504395
2.5803234577178955
2.5736536979675293
2.5734493732452393
2.574470043182373
2.572050094604492
3.852041006088257
3.8312876224517822
3.843722343444824
3.8104593753814697
3.828610420227051
3.7939016819000244
3.807267189025879
3.7896628379821777
3.7953310012817383
3.779467821121216
18.403066635131836
17.12828254699707
15.640832901000977
14.21800708770752
13.422768592834473
12.987051010131836
12.297469139099121
11.742361068725586
11.31309700012207
10.684659957885742
2.4257307052612305
2.4408035278320312
2.376798629760742
2.3913378715515137
2.3526899814605713
2.3959341049194336
2.359482765197754
2.3579015731811523
2.3376996517181396
2.3394503593444824
4.252956867218018
4.153189182281494
4.056589126586914
3.9779155254364014
3.8726606369018555
3.7999932765960693
3.722038745880127
3.6273419857025146
3.6217849254608154
3.5606837272644043
18.531591415405273
17.112417221069336
15.797801971435547
14.911593437194824
14.316512107849121
13.555062294006348
12.931933403015137
12.345039367675781
11.536172866821289
10.993422508239746
3.103245735168457
3.0949814319610596
3.127760410308838
2.9958956241607666
3.0775156021118164
3.083861827850342
3.0755882263183594
2.992542028427124
2.924344539642334
2.958137035369873
22.466001510620117
21.196659088134766
20.04159927368164
19.25735855102539
17.97251319885254
17.459674835205078
16.659774780273438
16.1262264251709
15.391963005065918
15.202749252319336
1.6080451011657715
1.5597492456436157
1.5945948362350464
1.5369826555252075
1.4356777667999268
1.3734599351882935
1.2750836610794067
1.2550207376480103
1.1941778659820557
1.1975891590118408
11.731348991394043
11.207695960998535
10.909223556518555
10.537869453430176
10.233993530273438
9.90202522277832
9.556392669677734
9.383166313171387
9.022672653198242
8.872979164123535
2.2021596431732178
2.10294508934021
2.1221022605895996
2.14976167678833
2.027135133743286
1.9532005786895752
1.9384355545043945
1.864984393119812
1.8796005249023438
1.8982343673706055
15.957864761352539
15.585175514221191
15.304577827453613
15.081387519836426
14.50735855102539
14.249518394470215
13.932600975036621
13.691880226135254
13.383761405944824
13.298648834228516
3.1611487865448
3.164299488067627
3.139679431915283
3.1373291015625
3.1284492015838623
3.1330626010894775
3.1357972621917725
3.1161108016967773
3.0937917232513428
3.113466262817383
12.63554573059082
12.156655311584473
11.953399658203125
11.8965425491333
11.408515930175781
11.16020393371582
10.585456848144531
10.183451652526855
9.606269836425781
9.087432861328125
3.105660915374756
3.1047747135162354
3.098679542541504
3.105745553970337
3.091820478439331
3.067822217941284
3.0460023880004883
3.059946298599243
3.051069974899292
3.0411550998687744
19.75611114501953
19.279451370239258
18.953886032104492
18.61504554748535
18.223751068115234
17.955137252807617
17.552366256713867
17.157041549682617
16.917057037353516
16.42845344543457
2.047909736633301
2.0131263732910156
1.9921143054962158
1.9826374053955078
1.9561525583267212
1.9757578372955322
1.9213486909866333
1.9048593044281006
1.9029911756515503
1.902892827987671
4.144893646240234
4.126275539398193
4.168238639831543
4.137396812438965
4.13018274307251
4.1412506103515625
4.126460075378418
4.105896949768066
4.139772891998291
4.1355366706848145
2.986882209777832
2.9518702030181885
2.9258360862731934
2.9222609996795654
2.8978850841522217
2.8795177936553955
2.844434976577759
2.828185558319092
2.8097684383392334
2.7730584144592285
14.034199714660645
13.755633354187012
13.779215812683105
13.42704963684082
13.094099044799805
12.971351623535156
12.86042594909668
12.476812362670898
12.366847038269043
12.225362777709961
3.06900691986084
3.016187906265259
2.938072681427002
2.9869470596313477
2.8972744941711426
2.899322748184204
2.8707005977630615
2.8454244136810303
2.903642177581787
2.7245442867279053
11.517017364501953
11.163677215576172
11.099577903747559
10.85917854309082
10.653020858764648
10.396438598632812
10.276378631591797
10.121602058410645
9.94888687133789
9.868032455444336
2.2526261806488037
2.2376229763031006
2.210742235183716
2.1567795276641846
2.1698198318481445
2.0801782608032227
2.0347485542297363
2.075045108795166
2.0027432441711426
1.9679559469223022
7.794684410095215
7.743161201477051
7.577436447143555
7.519781112670898
7.3870530128479
7.332025051116943
7.212972164154053
7.156607151031494
7.063446044921875
6.937312126159668
2.3997511863708496
2.404879570007324
2.3313417434692383
2.3355588912963867
2.3496031761169434
2.348618745803833
2.291752815246582
2.300751209259033
2.264718532562256
2.2904622554779053
11.727824211120605
11.6337890625
11.500372886657715
11.368430137634277
11.24755859375
11.091697692871094
10.992918014526367
10.757781028747559
10.57964038848877
10.431987762451172
3.0815138816833496
3.044189453125
3.047058343887329
3.0714473724365234
3.051877498626709
3.0116071701049805
3.0325167179107666
3.0359528064727783
2.9940712451934814
3.0065619945526123
8.1278076171875
8.027482032775879
7.8910908699035645
7.747256278991699
7.631772041320801
7.546678066253662
7.366217136383057
7.259767055511475
7.0492329597473145
6.9550862312316895
1.4964847564697266
1.4240014553070068
1.3727892637252808
1.2874380350112915
1.255760908126831
1.2384755611419678
1.1329209804534912
1.0870522260665894
1.0636540651321411
1.020241618156433
4.969358921051025
4.921286582946777
4.925713539123535
4.88713264465332
4.907342433929443
4.869899749755859
4.868577480316162
4.83358907699585
4.817282676696777
4.813565254211426
3.0762369632720947
3.0110762119293213
3.035512685775757
2.994697332382202
2.977857828140259
2.997166633605957
2.9140377044677734
2.889066457748413
2.892427444458008
2.934375762939453
10.06784725189209
9.93145751953125
9.564553260803223
9.641721725463867
9.384735107421875
9.240913391113281
9.147660255432129
8.915369987487793
8.820789337158203
8.637598037719727
2.9459829330444336
2.9449751377105713
2.7870187759399414
2.8161404132843018
2.6811299324035645
2.656473159790039
2.5711007118225098
2.6110591888427734
2.5050885677337646
2.42527437210083
7.839619159698486
7.705295562744141
7.487424850463867
7.317290782928467
7.233403205871582
7.019987106323242
6.885798454284668
6.782985210418701
6.609428405761719
6.468108654022217
2.3153419494628906
2.3226327896118164
2.263278007507324
2.224926471710205
2.2237398624420166
2.1954782009124756
2.17787766456604
2.1458003520965576
2.185476064682007
2.055227279663086
15.461294174194336
15.339266777038574
15.075077056884766
14.992520332336426
14.723100662231445
14.40892219543457
14.384345054626465
14.113801002502441
13.873285293579102
13.663419723510742
