4.237472057342529
4.219699382781982
4.237641334533691
4.207138538360596
4.180343151092529
4.178501605987549
4.167738437652588
4.1900129318237305
4.240746974945068
4.223247528076172
77.15909576416016
75.50437927246094
74.51615905761719
73.48152923583984
72.85779571533203
72.3654556274414
71.20579528808594
70.40843200683594
69.54351806640625
68.84794616699219
3.686406373977661
3.6884751319885254
3.6901745796203613
3.6931560039520264
3.689361333847046
3.6891672611236572
3.6798198223114014
3.6834278106689453
3.686095952987671
3.684473991394043
12.1292142868042
11.945603370666504
12.002481460571289
11.954202651977539
11.82088851928711
11.810101509094238
11.837471008300781
11.718390464782715
11.715497016906738
11.689265251159668
3.596877336502075
3.5970425605773926
3.5963900089263916
3.5976274013519287
3.595457077026367
3.5949864387512207
3.5952818393707275
3.594095468521118
3.5942797660827637
3.5939652919769287
4.115933418273926
4.116792678833008
4.116916179656982
4.117147445678711
4.1165080070495605
4.115748405456543
4.1154608726501465
4.116132736206055
4.115187644958496
4.115622043609619
3.312309741973877
3.310856580734253
3.310760259628296
3.3017499446868896
3.3052282333374023
3.3062758445739746
3.301602363586426
3.299748182296753
3.302229642868042
3.299084186553955
20.56377601623535
20.44110107421875
20.350074768066406
20.302303314208984
20.17152214050293
20.026586532592773
19.950592041015625
19.87809944152832
19.722558975219727
19.7283935546875
3.8941240310668945
3.8928213119506836
3.893810987472534
3.8943045139312744
3.8925514221191406
3.894111156463623
3.893101930618286
3.8940563201904297
3.8935511112213135
3.8945276737213135
3.806715965270996
3.806148052215576
3.8063955307006836
3.8066747188568115
3.8050453662872314
3.8066246509552
3.8061258792877197
3.8052425384521484
3.8067824840545654
3.806500196456909
10.04666519165039
9.953961372375488
9.910140037536621
9.907388687133789
9.839656829833984
9.745073318481445
9.790860176086426
9.762914657592773
9.662424087524414
9.605730056762695
3.781073808670044
3.782125949859619
3.779853582382202
3.7805607318878174
3.781926155090332
3.7803781032562256
3.7828421592712402
3.78228759765625
3.7821669578552246
3.781338930130005
