4.237472057342529
4.219699382781982
4.237641334533691
4.207138538360596
4.180343151092529
4.178501605987549
4.167738437652588
4.1900129318237305
4.240746974945068
4.223247528076172
77.15909576416016
75.50437927246094
74.51615905761719
73.48152923583984
72.85779571533203
72.3654556274414
71.20579528808594
70.40843200683594
69.54351806640625
68.84794616699219
3.686406373977661
3.6884751319885254
3.6901745796203613
3.6931560039520264
3.689361333847046
3.6891672611236572
3.6798198223114014
3.6834278106689453
3.686095952987671
3.684473991394043
12.1292142868042
11.945603370666504
12.002481460571289
11.954202651977539
11.82088851928711
11.810101509094238
11.837471008300781
11.718390464782715
11.715497016906738
11.689265251159668
3.596877336502075
3.5970425605773926
3.5963900089263916
3.5976274013519287
3.595457077026367
3.5949864387512207
3.5952818393707275
3.594095468521118
3.5942797660827637
3.5939652919769287
4.115933418273926
4.116792678833008
4.116916179656982
4.117147445678711
4.1165080070495605
4.115748405456543
4.1154608726501465
4.116132736206055
4.115187644958496
4.115622043609619
3.312309741973877
3.310856580734253
3.310760259628296
3.3017499446868896
3.3052282333374023
3.3062758445739746
3.301602363586426
3.299748182296753
3.302229642868042
3.299084186553955
20.56377601623535
20.44110107421875
20.350074768066406
20.302303314208984
20.17152214050293
20.026586532592773
19.950592041015625
19.87809944152832
19.722558975219727
19.7283935546875
3.8941240310668945
3.8928213119506836
3.893810987472534
3.8943045139312744
3.8925514221191406
3.894111156463623
3.893101930618286
3.8940563201904297
3.8935511112213135
3.8945276737213135
3.806715965270996
3.806148052215576
3.8063955307006836
3.8066747188568115
3.8050453662872314
3.8066246509552
3.8061258792877197
3.8052425384521484
3.8067824840545654
3.806500196456909
10.04666519165039
9.953961372375488
9.910140037536621
9.907388687133789
9.839656829833984
9.745073318481445
9.790860176086426
9.762914657592773
9.662424087524414
9.605730056762695
3.781073808670044
3.782125949859619
3.779853582382202
3.7805607318878174
3.781926155090332
3.7803781032562256
3.7828421592712402
3.78228759765625
3.7821669578552246
3.781338930130005
86.74811553955078
83.3497085571289
77.54081726074219
67.18445587158203
56.10557556152344
48.66047286987305
42.45508575439453
38.128517150878906
34.39719772338867
30.614025115966797
2.4922993183135986
2.4939653873443604
2.4864425659179688
2.4901394844055176
2.4897971153259277
2.482232093811035
2.480010509490967
2.4722230434417725
2.4760348796844482
2.4688451290130615
16.48470115661621
16.39356231689453
16.28781509399414
16.38846206665039
16.299726486206055
16.34528160095215
16.224184036254883
16.12296485900879
15.962166786193848
15.879907608032227
14.167571067810059
14.072904586791992
13.837316513061523
13.619645118713379
13.391167640686035
12.967843055725098
12.567863464355469
12.157208442687988
11.569101333618164
11.058897018432617
7.011015892028809
6.711675643920898
6.445093631744385
6.164881229400635
5.905858039855957
5.66629695892334
5.421623229980469
5.167491912841797
4.9989705085754395
4.841399669647217
31.621517181396484
31.16973114013672
30.61331558227539
29.71685028076172
28.911806106567383
27.559600830078125
26.0732421875
24.108779907226562
22.09034538269043
20.107559204101562
3.5293445587158203
3.5482964515686035
3.548410177230835
3.5429470539093018
3.5463297367095947
3.5357937812805176
3.538451910018921
3.542985439300537
3.5358922481536865
3.5396957397460938
23.449295043945312
23.34872817993164
23.251625061035156
23.04901885986328
22.974164962768555
22.903579711914062
22.756155014038086
22.6998348236084
22.648101806640625
22.59031867980957
3.1484005451202393
3.1613776683807373
3.14473032951355
3.161731243133545
3.152313709259033
3.1551907062530518
3.1337573528289795
3.144338607788086
3.140328884124756
3.1476006507873535
15.726520538330078
15.699295043945312
15.640639305114746
15.556930541992188
15.485004425048828
15.412490844726562
15.375669479370117
15.334074020385742
15.258949279785156
15.193765640258789
3.508963108062744
3.5154476165771484
3.5199785232543945
3.5102505683898926
3.514150857925415
3.5155134201049805
3.504368305206299
3.4984183311462402
3.4952173233032227
3.5011281967163086
24.640438079833984
24.342628479003906
24.028963088989258
23.86014175415039
23.515113830566406
23.287752151489258
22.77942657470703
22.422761917114258
21.869630813598633
21.267934799194336
5.289656639099121
4.09596061706543
3.338453769683838
2.7254562377929688
2.4709057807922363
2.246370315551758
2.1167469024658203
1.9888062477111816
1.977317214012146
1.9563891887664795
49.817291259765625
49.40242004394531
49.085365295410156
48.733951568603516
48.36354064941406
47.960594177246094
47.7516975402832
47.3634147644043
46.966529846191406
46.60068893432617
3.6884231567382812
3.684917449951172
3.6860246658325195
3.6824917793273926
3.6832516193389893
3.684596300125122
3.6826419830322266
3.6844675540924072
3.6843512058258057
3.6842844486236572
14.864755630493164
14.472034454345703
13.981916427612305
13.654481887817383
13.345769882202148
12.925714492797852
12.573310852050781
12.367542266845703
11.946672439575195
11.67280387878418
3.8612515926361084
3.861952304840088
3.8613736629486084
3.8627309799194336
3.8624978065490723
3.8620710372924805
3.862010955810547
3.8627026081085205
3.861455202102661
3.8621973991394043
5.658567905426025
5.64777135848999
5.633232116699219
5.63167142868042
5.652900218963623
5.636385440826416
5.6228132247924805
5.626652717590332
5.618001461029053
5.615264892578125
3.241755247116089
3.2190816402435303
3.2053961753845215
3.2088725566864014
3.205638885498047
3.2069246768951416
3.1821744441986084
3.151784896850586
3.157344341278076
3.143522024154663
20.048114776611328
19.750520706176758
19.460031509399414
19.330320358276367
19.048490524291992
18.849437713623047
18.825775146484375
18.587242126464844
18.418441772460938
18.16200065612793
3.3669984340667725
3.346787929534912
3.3102550506591797
3.3147494792938232
3.3197381496429443
3.321342706680298
3.3254847526550293
3.308189868927002
3.2867915630340576
3.255443572998047
5.305080413818359
5.326597690582275
5.289656162261963
5.283435821533203
5.296016693115234
5.241238117218018
5.279053211212158
5.237668991088867
5.247853755950928
5.171764850616455
2.6143553256988525
2.5867137908935547
2.5872416496276855
2.5814616680145264
2.587049722671509
2.5820343494415283
2.5884547233581543
2.5847625732421875
2.56398344039917
2.5786097049713135
9.4791841506958
9.411134719848633
9.23306941986084
9.188244819641113
9.109207153320312
8.97817611694336
8.872974395751953
8.834024429321289
8.782819747924805
8.556849479675293
3.703911304473877
3.703455924987793
3.7035791873931885
3.7035703659057617
3.7033987045288086
3.7038381099700928
3.7038629055023193
3.703787326812744
3.7035763263702393
3.7034146785736084
3.674717664718628
3.6744680404663086
3.6745944023132324
3.674565076828003
3.6746623516082764
3.67454195022583
3.6746182441711426
3.674541711807251
3.674760103225708
3.6746885776519775
3.9618968963623047
3.9615957736968994
3.9617912769317627
3.961528778076172
3.9617292881011963
3.9616236686706543
3.9614431858062744
3.9617247581481934
3.961793899536133
3.9618186950683594
3.9690418243408203
3.9679088592529297
3.9667770862579346
3.967866897583008
3.9661378860473633
3.9680216312408447
3.9669973850250244
3.966341972351074
3.9681763648986816
3.967315435409546
3.8230247497558594
3.822693347930908
3.818385124206543
3.822782516479492
3.824294090270996
3.820596694946289
3.824244499206543
3.824157953262329
3.824035882949829
3.8221945762634277
4.448808193206787
4.430825233459473
4.402635097503662
4.372983932495117
4.357357978820801
4.3473052978515625
4.3464155197143555
4.301302433013916
4.304245471954346
4.283175468444824
3.411166191101074
3.420628786087036
3.3929824829101562
3.360278367996216
3.3753929138183594
3.3441855907440186
3.3317935466766357
3.336026191711426
3.3201138973236084
3.3122174739837646
14.988664627075195
14.999198913574219
14.797465324401855
14.599588394165039
14.444499015808105
14.232465744018555
14.268512725830078
14.114039421081543
13.944568634033203
13.865297317504883
3.6627817153930664
3.6738312244415283
3.6403894424438477
3.6169323921203613
3.6043736934661865
3.6423823833465576
3.591096878051758
3.592836856842041
3.5993547439575195
3.5913543701171875
6.677113056182861
6.723844051361084
6.681792259216309
6.689594745635986
6.662947177886963
6.604501247406006
6.584540843963623
6.576745986938477
6.564964771270752
6.538238048553467
3.059006452560425
3.076648235321045
3.080383062362671
3.046055793762207
3.0609099864959717
3.0547943115234375
3.057114601135254
3.0705740451812744
3.0472445487976074
3.0434389114379883
7.234960556030273
7.174736022949219
7.1421027183532715
7.059670448303223
7.000417709350586
6.940227508544922
6.898125648498535
6.951479911804199
6.828022003173828
6.797396659851074
3.0918073654174805
3.0851049423217773
3.0722250938415527
3.071626901626587
3.0753695964813232
3.0786173343658447
3.070964813232422
3.0793251991271973
3.066801071166992
3.0728652477264404
5.865901947021484
5.8282084465026855
5.821164131164551
5.7956438064575195
5.768757343292236
5.76658821105957
5.745540618896484
5.74329137802124
5.695314407348633
5.68418025970459
3.0574097633361816
3.0595593452453613
3.058520793914795
3.0574159622192383
3.054133176803589
3.0571346282958984
3.052483081817627
3.0512728691101074
3.056867837905884
3.0546998977661133
7.6813740730285645
7.619183540344238
7.558796405792236
7.521060943603516
7.4290666580200195
7.398844242095947
7.338393211364746
7.3321213722229
7.253155708312988
7.242829322814941
3.2126147747039795
3.210871458053589
3.220057487487793
3.2058699131011963
3.216604709625244
3.215524673461914
3.216066598892212
3.207392930984497
3.2067372798919678
3.2050468921661377
5.861572742462158
5.8588385581970215
5.767367362976074
5.727392673492432
5.711658954620361
5.621684551239014
5.595268249511719
5.5584282875061035
5.520334720611572
5.4330854415893555
3.3100075721740723
3.301673173904419
3.2917768955230713
3.256826400756836
3.249871253967285
3.2560224533081055
3.261964797973633
3.2393665313720703
3.2224907875061035
3.2033374309539795
11.326416015625
11.198185920715332
10.911023139953613
10.744385719299316
10.601028442382812
10.561695098876953
10.34312915802002
10.12111759185791
10.090911865234375
9.926090240478516
2.802022933959961
2.747317314147949
2.7432408332824707
2.752249240875244
2.6878910064697266
2.7017266750335693
2.6974668502807617
2.6715304851531982
2.672670841217041
2.624692440032959
3.2911276817321777
3.286497116088867
3.2932281494140625
3.2769224643707275
3.270098924636841
3.294931173324585
3.256260633468628
3.2563021183013916
3.249093532562256
3.2315804958343506
5.286150932312012
5.329977989196777
5.18041467666626
5.242189884185791
5.155121326446533
5.113941669464111
5.122135639190674
5.013770580291748
4.997335433959961
4.949240207672119
12.475966453552246
12.39052963256836
12.351527214050293
12.224710464477539
12.1946439743042
12.034269332885742
12.068707466125488
12.024654388427734
11.911179542541504
11.8826265335083
3.0941543579101562
3.091278314590454
3.0872864723205566
3.084364175796509
3.0919175148010254
3.0827715396881104
3.097477912902832
3.0898051261901855
3.0860981941223145
3.0877902507781982
7.400774002075195
7.326204776763916
7.257193088531494
7.1954569816589355
7.175440311431885
7.075500011444092
7.018383502960205
6.9587883949279785
6.909814357757568
6.838991641998291
3.2988381385803223
3.3000895977020264
3.2863829135894775
3.29500150680542
3.2878963947296143
3.298252820968628
3.290484666824341
3.2920124530792236
3.294041395187378
3.2939672470092773
13.646343231201172
13.6024808883667
13.536612510681152
13.578936576843262
13.536954879760742
13.487154006958008
13.4459810256958
13.33996868133545
13.335140228271484
13.25187873840332
3.3175652027130127
3.3134512901306152
3.3235280513763428
3.3013839721679688
3.3084099292755127
3.305007219314575
3.3021154403686523
3.309659719467163
3.3111863136291504
3.311063051223755
10.673466682434082
10.428943634033203
10.235234260559082
9.938963890075684
9.808231353759766
9.75797176361084
9.580903053283691
9.440924644470215
9.270326614379883
9.185304641723633
3.097749710083008
3.079129934310913
3.0785770416259766
3.048821210861206
3.0001885890960693
3.0050387382507324
3.0051612854003906
2.9987597465515137
3.015326738357544
2.980343818664551
13.758597373962402
13.527318954467773
13.245382308959961
12.883301734924316
12.52056884765625
12.285884857177734
12.063946723937988
11.674666404724121
11.573667526245117
11.288538932800293
2.861985683441162
2.9043619632720947
2.8822219371795654
2.8625001907348633
2.8265862464904785
2.8140182495117188
2.805173873901367
2.7980151176452637
2.7895758152008057
2.7326529026031494
2.8157997131347656
2.806705951690674
2.809696912765503
2.8281819820404053
2.798551321029663
2.81325626373291
2.7898757457733154
2.7807769775390625
2.770705223083496
2.782665252685547
32.42942428588867
31.767244338989258
31.063785552978516
30.4653377532959
29.65104103088379
29.046091079711914
28.23910903930664
27.518739700317383
26.663097381591797
25.69219970703125
2.437199354171753
2.45241117477417
2.367305278778076
2.3111281394958496
2.305797576904297
2.253019094467163
2.2547457218170166
2.178778648376465
2.168527841567993
2.110213041305542
2.9673943519592285
2.9763524532318115
2.9735281467437744
2.967926025390625
2.95776629447937
2.9604971408843994
2.966045379638672
2.961688756942749
2.9595260620117188
2.9543333053588867
22.847461700439453
22.827838897705078
22.731876373291016
22.521343231201172
22.326810836791992
22.191537857055664
21.9679012298584
21.859130859375
21.514633178710938
21.404691696166992
2.801281213760376
2.788600444793701
2.78041934967041
2.7448906898498535
2.7589335441589355
2.762380599975586
2.7594640254974365
2.74635648727417
2.7206037044525146
2.7248904705047607
4.322066783905029
4.328223705291748
4.323843955993652
4.32420015335083
4.320539474487305
4.297926425933838
4.275720596313477
4.296375751495361
4.2610931396484375
4.274775981903076
3.2465364933013916
3.209913492202759
3.218090772628784
3.19392466545105
3.1868813037872314
3.1449925899505615
3.1676886081695557
3.1569418907165527
3.1370062828063965
3.1269588470458984
18.04740333557129
14.37829875946045
12.975419044494629
12.454166412353516
12.14013957977295
11.80606746673584
11.52707576751709
11.261588096618652
11.018014907836914
10.643250465393066
3.5133612155914307
3.5209732055664062
3.513380527496338
3.461168050765991
3.4269964694976807
3.4619100093841553
3.4060139656066895
3.4196274280548096
3.410912275314331
3.4005305767059326
13.10391616821289
12.876651763916016
12.41683292388916
12.102170944213867
11.735079765319824
11.432157516479492
11.360694885253906
10.945301055908203
10.665223121643066
10.381719589233398
2.9336647987365723
2.93650221824646
2.9167909622192383
2.8815207481384277
2.8683948516845703
2.7966973781585693
2.7970781326293945
2.788989543914795
2.7676637172698975
2.7224791049957275
6.835168361663818
6.674463748931885
6.6346211433410645
6.596785068511963
6.484795570373535
6.385473728179932
6.381341934204102
6.295358657836914
6.209510326385498
6.1752824783325195
3.156935930252075
3.1863772869110107
3.154759645462036
3.1395437717437744
3.0978636741638184
3.0665929317474365
3.034282922744751
3.068225145339966
3.022559881210327
2.989783525466919
8.951557159423828
8.7888822555542
8.677165031433105
8.50499153137207
8.299227714538574
8.158912658691406
7.952402591705322
7.845325946807861
7.581689357757568
7.4831671714782715
2.6402926445007324
2.633410692214966
2.6313366889953613
2.5766751766204834
2.6129841804504395
2.5803234577178955
2.5736536979675293
2.5734493732452393
2.574470043182373
2.572050094604492
3.852041006088257
3.8312876224517822
3.843722343444824
3.8104593753814697
3.828610420227051
3.7939016819000244
3.807267189025879
3.7896628379821777
3.7953310012817383
3.779467821121216
18.403066635131836
17.12828254699707
15.640832901000977
14.21800708770752
13.422768592834473
12.987051010131836
12.297469139099121
11.742361068725586
11.31309700012207
10.684659957885742
2.4257307052612305
2.4408035278320312
2.376798629760742
2.3913378715515137
2.3526899814605713
2.3959341049194336
2.359482765197754
2.3579015731811523
2.3376996517181396
2.3394503593444824
4.252956867218018
4.153189182281494
4.056589126586914
3.9779155254364014
3.8726606369018555
3.7999932765960693
3.722038745880127
3.6273419857025146
3.6217849254608154
3.5606837272644043
18.531591415405273
17.112417221069336
15.797801971435547
14.911593437194824
14.316512107849121
13.555062294006348
12.931933403015137
12.345039367675781
11.536172866821289
10.993422508239746
3.103245735168457
3.0949814319610596
3.127760410308838
2.9958956241607666
3.0775156021118164
3.083861827850342
3.0755882263183594
2.992542028427124
2.924344539642334
2.958137035369873
22.466001510620117
21.196659088134766
20.04159927368164
19.25735855102539
17.97251319885254
17.459674835205078
16.659774780273438
16.1262264251709
15.391963005065918
15.202749252319336
1.6080451011657715
1.5597492456436157
1.5945948362350464
1.5369826555252075
1.4356777667999268
1.3734599351882935
1.2750836610794067
1.2550207376480103
1.1941778659820557
1.1975891590118408
11.731348991394043
11.207695960998535
10.909223556518555
10.537869453430176
10.233993530273438
9.90202522277832
9.556392669677734
9.383166313171387
9.022672653198242
8.872979164123535
2.2021596431732178
2.10294508934021
2.1221022605895996
2.14976167678833
2.027135133743286
1.9532005786895752
1.9384355545043945
1.864984393119812
1.8796005249023438
1.8982343673706055
15.957864761352539
15.585175514221191
15.304577827453613
15.081387519836426
14.50735855102539
14.249518394470215
13.932600975036621
13.691880226135254
13.383761405944824
13.298648834228516
3.1611487865448
3.164299488067627
3.139679431915283
3.1373291015625
3.1284492015838623
3.1330626010894775
3.1357972621917725
3.1161108016967773
3.0937917232513428
3.113466262817383
12.63554573059082
12.156655311584473
11.953399658203125
11.8965425491333
11.408515930175781
11.16020393371582
10.585456848144531
10.183451652526855
9.606269836425781
9.087432861328125
3.105660915374756
3.1047747135162354
3.098679542541504
3.105745553970337
3.091820478439331
3.067822217941284
3.0460023880004883
3.059946298599243
3.051069974899292
3.0411550998687744
19.75611114501953
19.279451370239258
18.953886032104492
18.61504554748535
18.223751068115234
17.955137252807617
17.552366256713867
17.157041549682617
16.917057037353516
16.42845344543457
2.047909736633301
2.0131263732910156
1.9921143054962158
1.9826374053955078
1.9561525583267212
1.9757578372955322
1.9213486909866333
1.9048593044281006
1.9029911756515503
1.902892827987671
4.144893646240234
4.126275539398193
4.168238639831543
4.137396812438965
4.13018274307251
4.1412506103515625
4.126460075378418
4.105896949768066
4.139772891998291
4.1355366706848145
2.986882209777832
2.9518702030181885
2.9258360862731934
2.9222609996795654
2.8978850841522217
2.8795177936553955
2.844434976577759
2.828185558319092
2.8097684383392334
2.7730584144592285
14.034199714660645
13.755633354187012
13.779215812683105
13.42704963684082
13.094099044799805
12.971351623535156
12.86042594909668
12.476812362670898
12.366847038269043
12.225362777709961
3.06900691986084
3.016187906265259
2.938072681427002
2.9869470596313477
2.8972744941711426
2.899322748184204
2.8707005977630615
2.8454244136810303
2.903642177581787
2.7245442867279053
11.517017364501953
11.163677215576172
11.099577903747559
10.85917854309082
10.653020858764648
10.396438598632812
10.276378631591797
10.121602058410645
9.94888687133789
9.868032455444336
2.2526261806488037
2.2376229763031006
2.210742235183716
2.1567795276641846
2.1698198318481445
2.0801782608032227
2.0347485542297363
2.075045108795166
2.0027432441711426
1.9679559469223022
7.794684410095215
7.743161201477051
7.577436447143555
7.519781112670898
7.3870530128479
7.332025051116943
7.212972164154053
7.156607151031494
7.063446044921875
6.937312126159668
2.3997511863708496
2.404879570007324
2.3313417434692383
2.3355588912963867
2.3496031761169434
2.348618745803833
2.291752815246582
2.300751209259033
2.264718532562256
2.2904622554779053
11.727824211120605
11.6337890625
11.500372886657715
11.368430137634277
11.24755859375
11.091697692871094
10.992918014526367
10.757781028747559
10.57964038848877
10.431987762451172
3.0815138816833496
3.044189453125
3.047058343887329
3.0714473724365234
3.051877498626709
3.0116071701049805
3.0325167179107666
3.0359528064727783
2.9940712451934814
3.0065619945526123
8.1278076171875
8.027482032775879
7.8910908699035645
7.747256278991699
7.631772041320801
7.546678066253662
7.366217136383057
7.259767055511475
7.0492329597473145
6.9550862312316895
1.4964847564697266
1.4240014553070068
1.3727892637252808
1.2874380350112915
1.255760908126831
1.2384755611419678
1.1329209804534912
1.0870522260665894
1.0636540651321411
1.020241618156433
4.969358921051025
4.921286582946777
4.925713539123535
4.88713264465332
4.907342433929443
4.869899749755859
4.868577480316162
4.83358907699585
4.817282676696777
4.813565254211426
3.0762369632720947
3.0110762119293213
3.035512685775757
2.994697332382202
2.977857828140259
2.997166633605957
2.9140377044677734
2.889066457748413
2.892427444458008
2.934375762939453
10.06784725189209
9.93145751953125
9.564553260803223
9.641721725463867
9.384735107421875
9.240913391113281
9.147660255432129
8.915369987487793
8.820789337158203
8.637598037719727
2.9459829330444336
2.9449751377105713
2.7870187759399414
2.8161404132843018
2.6811299324035645
2.656473159790039
2.5711007118225098
2.6110591888427734
2.5050885677337646
2.42527437210083
7.839619159698486
7.705295562744141
7.487424850463867
7.317290782928467
7.233403205871582
7.019987106323242
6.885798454284668
6.782985210418701
6.609428405761719
6.468108654022217
2.3153419494628906
2.3226327896118164
2.263278007507324
2.224926471710205
2.2237398624420166
2.1954782009124756
2.17787766456604
2.1458003520965576
2.185476064682007
2.055227279663086
15.461294174194336
15.339266777038574
15.075077056884766
14.992520332336426
14.723100662231445
14.40892219543457
14.384345054626465
14.113801002502441
13.873285293579102
13.663419723510742
3.9490675926208496
3.682774543762207
3.488943576812744
3.468245506286621
3.340193748474121
3.258704900741577
3.238858938217163
3.189789056777954
3.182908535003662
3.157963752746582
34.429351806640625
34.1701545715332
33.942230224609375
33.77320098876953
33.57792663574219
33.31440734863281
33.092315673828125
32.870548248291016
32.6182746887207
32.49169158935547
3.090099334716797
3.0626204013824463
3.0372955799102783
3.056567668914795
3.056725263595581
3.0075953006744385
3.008512020111084
2.9956090450286865
3.0095160007476807
2.993659019470215
28.92776870727539
25.00993537902832
19.71663475036621
16.77980613708496
14.300104141235352
13.31527042388916
12.787497520446777
12.324831008911133
12.062655448913574
11.852741241455078
5.661854267120361
5.516819477081299
5.3986101150512695
5.401150226593018
5.292006969451904
5.23890495300293
5.162792682647705
5.049373626708984
5.041848659515381
4.97166109085083
18.61016845703125
18.034753799438477
17.4916934967041
16.832576751708984
15.757661819458008
14.647931098937988
13.74766731262207
11.68809986114502
9.860008239746094
7.5662713050842285
2.332486867904663
2.311218500137329
2.2822206020355225
2.3332972526550293
2.288604497909546
2.289403200149536
2.267029285430908
2.2780561447143555
2.2131173610687256
2.2316954135894775
15.73598575592041
15.047501564025879
14.427978515625
13.801315307617188
13.072128295898438
12.445808410644531
11.874969482421875
11.634387969970703
11.195168495178223
10.70820426940918
2.9921133518218994
2.99977707862854
2.824528694152832
2.826547145843506
2.6729907989501953
2.5905888080596924
2.4607412815093994
2.3524417877197266
2.331920623779297
2.2282395362854004
6.644556045532227
6.433472633361816
6.157609462738037
6.046013832092285
5.810153007507324
5.665714740753174
5.469404697418213
5.241015911102295
5.086066722869873
4.9745049476623535
13.59964656829834
11.692778587341309
10.570658683776855
9.37682056427002
8.043773651123047
6.615294933319092
5.324585437774658
4.250614166259766
3.5177624225616455
2.9289491176605225
35.406288146972656
34.313316345214844
33.04386901855469
30.832664489746094
29.34821319580078
27.757659912109375
26.322294235229492
25.347951889038086
23.8465576171875
22.988014221191406
6.479619026184082
6.346492290496826
6.090950965881348
5.867562294006348
5.708704471588135
5.5693159103393555
5.480287075042725
5.333152770996094
5.3045430183410645
5.115542411804199
3.4502687454223633
3.418273687362671
3.3090827465057373
3.2411551475524902
3.133537530899048
3.109046220779419
2.9783480167388916
3.017463207244873
2.98404860496521
2.9393320083618164
30.42281723022461
26.69790267944336
20.021577835083008
11.175410270690918
7.287586688995361
6.241306304931641
5.863157272338867
5.565597057342529
5.346925735473633
5.259779453277588
2.1864013671875
2.190011501312256
2.176706314086914
2.1416666507720947
2.1429426670074463
2.1412601470947266
2.0941097736358643
2.094416856765747
2.0875096321105957
2.068361282348633
5.133189678192139
5.144965648651123
5.1135454177856445
5.065834999084473
5.065548896789551
5.066895008087158
5.031424522399902
5.011934757232666
5.011853218078613
4.965281009674072
2.4865448474884033
2.5093040466308594
2.423272132873535
2.4561753273010254
2.3940577507019043
2.368499755859375
2.341097593307495
2.3076751232147217
2.2755534648895264
2.204468011856079
2.9148662090301514
2.8515710830688477
2.863966226577759
2.7386209964752197
2.758981227874756
2.6993634700775146
2.6852476596832275
2.6488850116729736
2.600072145462036
2.634314775466919
10.542120933532715
9.990949630737305
9.77900218963623
9.588937759399414
9.21623420715332
9.0576171875
8.87450122833252
8.658425331115723
8.397514343261719
8.388940811157227
3.6962215900421143
3.5566344261169434
3.4904632568359375
3.528740406036377
3.4349184036254883
3.248328685760498
3.2689602375030518
3.13073992729187
3.0829312801361084
2.969801187515259
7.918385982513428
7.899236679077148
7.8256940841674805
7.749182224273682
7.8076653480529785
7.719648838043213
7.643392562866211
7.640421390533447
7.609333515167236
7.464345455169678
2.8643391132354736
2.8719263076782227
2.9013867378234863
2.8056557178497314
2.82022762298584
2.705920696258545
2.7056326866149902
2.754105806350708
2.6875901222229004
2.6521382331848145
6.87838888168335
6.782510757446289
6.660736560821533
6.617397785186768
6.563213348388672
6.548386573791504
6.4502434730529785
6.4668073654174805
6.376866817474365
6.373940467834473
25.333898544311523
24.953453063964844
24.669462203979492
24.28470802307129
24.0334529876709
23.598051071166992
23.191835403442383
22.800220489501953
22.553604125976562
22.303327560424805
3.025991678237915
2.9852330684661865
3.007983922958374
2.961019277572632
2.876091241836548
2.922325611114502
2.8779380321502686
2.845750093460083
2.868159294128418
2.8367810249328613
14.078363418579102
13.765114784240723
13.579033851623535
13.1732759475708
12.891912460327148
12.58958625793457
12.18372631072998
11.832771301269531
11.523275375366211
11.19414234161377
1.6503973007202148
1.5576114654541016
1.634049654006958
1.556939959526062
1.4869117736816406
1.4661431312561035
1.3933358192443848
1.3597209453582764
1.4183475971221924
1.306085228919983
20.376026153564453
19.9840087890625
19.657241821289062
19.28760528564453
18.90373420715332
18.682531356811523
18.298152923583984
17.943073272705078
17.750011444091797
17.311729431152344
2.4848902225494385
2.488171100616455
2.4372940063476562
2.4870166778564453
2.3881170749664307
2.3933324813842773
2.3391571044921875
2.3263959884643555
2.2889277935028076
2.246802806854248
2.4489550590515137
2.4699738025665283
2.4676601886749268
2.3589906692504883
2.39571213722229
2.4363255500793457
2.332707643508911
2.3267295360565186
2.3667802810668945
2.299131393432617
13.652881622314453
13.24310302734375
12.838655471801758
12.190505981445312
11.651054382324219
11.132604598999023
10.597070693969727
10.010003089904785
9.315481185913086
9.010986328125
1.703818678855896
1.5946696996688843
1.5468958616256714
1.542298674583435
1.3859843015670776
1.423370599746704
1.3663134574890137
1.2969516515731812
1.1983009576797485
1.1748642921447754
5.062209129333496
4.959805965423584
4.860429763793945
4.731785297393799
4.63423490524292
4.531301498413086
4.450558185577393
4.295886039733887
4.252658367156982
4.148275375366211
25.051403045654297
22.730545043945312
19.349462509155273
15.541625022888184
13.011309623718262
11.168742179870605
10.010080337524414
9.555782318115234
8.76086139678955
8.39712142944336
4.593654155731201
4.531484603881836
4.476564407348633
4.476715087890625
4.490463733673096
4.4757609367370605
4.48024845123291
4.378326416015625
4.370242595672607
4.383408069610596
9.873175621032715
8.61787223815918
7.670045375823975
7.172825813293457
6.834793567657471
6.456330299377441
6.264573097229004
6.053064823150635
5.968568325042725
5.966959476470947
19.147594451904297
18.63828468322754
18.292356491088867
17.95909309387207
17.50772476196289
17.136898040771484
16.814008712768555
16.396141052246094
15.969879150390625
15.688718795776367
3.141767978668213
3.1358659267425537
3.147132635116577
3.1421849727630615
3.111582040786743
3.1134541034698486
3.1112399101257324
3.095414876937866
3.0775911808013916
3.1005752086639404
9.296405792236328
9.220090866088867
9.172147750854492
9.058521270751953
8.9718017578125
8.890177726745605
8.795333862304688
8.760011672973633
8.62874984741211
8.513370513916016
2.77600359916687
2.779653310775757
2.7792656421661377
2.764746904373169
2.769077777862549
2.7561566829681396
2.758734703063965
2.747253656387329
2.742331027984619
2.7452752590179443
7.637705326080322
7.5648980140686035
7.5100226402282715
7.454061985015869
7.399916172027588
7.373276710510254
7.319052219390869
7.240909576416016
7.224957466125488
7.194406509399414
4.056207180023193
4.073395252227783
4.054728984832764
4.010086536407471
4.019970417022705
3.97029972076416
3.965449094772339
3.9529623985290527
3.9324262142181396
3.9151768684387207
16.573822021484375
15.893112182617188
15.478407859802246
14.878704071044922
14.093794822692871
13.562302589416504
12.872099876403809
12.302111625671387
11.572421073913574
11.160436630249023
2.9833123683929443
2.869074821472168
2.7934117317199707
2.7455379962921143
2.607978343963623
2.544839859008789
2.5737078189849854
2.4706645011901855
2.378361940383911
2.317018747329712
7.926759719848633
7.676004409790039
7.6221747398376465
7.393446445465088
7.26240348815918
7.078949451446533
6.977177619934082
6.822685718536377
6.682673454284668
6.500779628753662
3.9129250049591064
3.882593870162964
3.876924514770508
3.834728240966797
3.780534267425537
3.6953182220458984
3.7126197814941406
3.725813865661621
3.6756958961486816
3.642880439758301
5.028454780578613
4.993080139160156
4.956389904022217
4.894689559936523
4.792366981506348
4.7523298263549805
4.7222371101379395
4.7024712562561035
4.610675811767578
4.491533279418945
2.7041656970977783
2.6933979988098145
2.680790662765503
2.7042958736419678
2.669194221496582
2.6694202423095703
2.661068916320801
2.660944700241089
2.6650052070617676
2.6483213901519775
15.205196380615234
14.720303535461426
14.442151069641113
14.039657592773438
13.8099365234375
13.561141014099121
13.321381568908691
13.102849006652832
12.827335357666016
12.734379768371582
3.316716432571411
3.317129611968994
3.2857377529144287
3.2921974658966064
3.286675214767456
3.2852416038513184
3.2784714698791504
3.2546987533569336
3.256162643432617
3.250516891479492
20.946073532104492
20.307931900024414
19.67172622680664
18.90302276611328
17.949697494506836
17.015838623046875
16.18071746826172
15.58691120147705
15.189294815063477
14.753561973571777
3.315887689590454
3.306920051574707
3.272298812866211
3.252887487411499
3.233177900314331
3.208616256713867
3.213982343673706
3.2189183235168457
3.182953357696533
3.165802001953125
26.239688873291016
24.260784149169922
21.90895652770996
18.116159439086914
13.381645202636719
12.900687217712402
12.23940372467041
11.890109062194824
11.437544822692871
11.338701248168945
3.5723392963409424
3.521254777908325
3.527346611022949
3.4852328300476074
3.4657459259033203
3.4484195709228516
3.422356128692627
3.36232590675354
3.4194231033325195
3.37007737159729
11.802797317504883
11.657577514648438
11.288768768310547
10.91695499420166
10.689640045166016
10.529294967651367
10.213208198547363
9.982848167419434
9.690327644348145
9.400117874145508
3.0076208114624023
2.9237287044525146
2.8413631916046143
2.7199623584747314
2.6912684440612793
2.5996994972229004
2.5185558795928955
2.405304193496704
2.318009853363037
2.304478168487549
4.425616264343262
4.271783828735352
4.175209045410156
4.081153869628906
3.9576268196105957
3.8362741470336914
3.6361942291259766
3.5169999599456787
3.4188735485076904
3.311265230178833
6.1109938621521
5.862771511077881
5.465015411376953
5.162280082702637
4.991788864135742
4.648018836975098
4.6873273849487305
4.36354923248291
4.283947944641113
4.160312175750732
29.086599349975586
27.87162971496582
26.826438903808594
25.976966857910156
25.07046127319336
24.00143051147461
23.58673858642578
22.30767059326172
22.02220916748047
21.233684539794922
3.3024725914001465
3.347113847732544
3.1963775157928467
3.264625072479248
3.24114990234375
3.139183521270752
3.118649959564209
3.085529088973999
3.11527419090271
3.0468909740448
6.558172702789307
6.365649700164795
6.148288726806641
5.995911598205566
5.857233047485352
5.449946880340576
5.255274772644043
5.177058696746826
4.926309585571289
4.70647668838501
1.3857769966125488
1.338062047958374
1.3173893690109253
1.3251965045928955
1.252210259437561
1.2604176998138428
1.2114057540893555
1.212024211883545
1.1602293252944946
1.1955643892288208
11.59392261505127
11.396289825439453
11.022119522094727
10.916472434997559
10.512918472290039
10.309444427490234
10.004788398742676
9.824273109436035
9.551105499267578
9.311185836791992
3.0194919109344482
2.993651866912842
2.982391357421875
2.986492156982422
2.9398441314697266
2.9451165199279785
2.9519481658935547
2.899582862854004
2.9176764488220215
2.8747196197509766
5.9229865074157715
5.730291366577148
5.5481696128845215
5.261262893676758
5.069921493530273
4.850967884063721
4.485082149505615
4.217415809631348
3.9268229007720947
3.7815635204315186
2.7460386753082275
2.7628889083862305
2.6947669982910156
2.678786516189575
2.6371989250183105
2.640538215637207
2.559236526489258
2.570857048034668
2.535902500152588
2.570742130279541
9.902670860290527
9.266810417175293
8.710622787475586
8.16903305053711
7.774337291717529
7.385534286499023
7.167523384094238
7.100413799285889
6.920961856842041
6.733091831207275
2.6045725345611572
2.5778682231903076
2.4956881999969482
2.4492859840393066
2.448164224624634
2.432032585144043
2.410132646560669
2.295037269592285
2.295027732849121
2.299422264099121
4.875536918640137
4.864494800567627
4.77870512008667
4.724687576293945
4.74430513381958
4.655266284942627
4.615654468536377
4.530531883239746
4.503151893615723
4.486139297485352
0.5938689708709717
0.5773301124572754
0.5364959239959717
0.5465463995933533
0.5517492890357971
0.5367213487625122
0.5554817914962769
0.5066934823989868
0.5214341282844543
0.5273550152778625
5.3681721687316895
5.32033109664917
5.277716636657715
5.21195125579834
5.164424419403076
5.100567817687988
5.052176475524902
5.0093207359313965
4.917433261871338
4.906177043914795
11.251864433288574
10.78150749206543
10.187642097473145
9.925683975219727
9.34542465209961
8.879137992858887
8.33257007598877
8.104532241821289
7.393060207366943
6.863771438598633
3.6303133964538574
3.5185999870300293
3.4899163246154785
3.4259860515594482
3.2919816970825195
3.22080659866333
3.1092031002044678
3.0037338733673096
2.8599720001220703
2.7503576278686523
5.063838005065918
5.027873992919922
5.013406276702881
4.914278984069824
4.875063896179199
4.833804607391357
4.793616771697998
4.7764482498168945
4.770695209503174
4.6908745765686035
3.1556761264801025
2.857393741607666
2.542792320251465
2.3440489768981934
2.161522150039673
1.983009696006775
1.9086090326309204
1.8804035186767578
1.787456750869751
1.6736234426498413
33.59782409667969
32.27348709106445
31.166709899902344
30.104476928710938
29.125885009765625
28.502145767211914
27.825973510742188
27.394481658935547
26.88792610168457
26.389299392700195
2.9730958938598633
2.966444253921509
2.9331557750701904
2.917145013809204
2.914158821105957
2.9249603748321533
2.90396785736084
2.9151973724365234
2.8952271938323975
2.8781330585479736
2.65254807472229
2.6454665660858154
2.6253106594085693
2.6367688179016113
2.5843565464019775
2.5998711585998535
2.5777018070220947
2.5490429401397705
2.575450897216797
2.6042957305908203
12.730907440185547
12.321240425109863
11.905290603637695
11.49905014038086
11.126953125
10.802624702453613
10.439981460571289
10.103449821472168
9.661430358886719
9.370109558105469
1.8584233522415161
1.7156490087509155
1.7191704511642456
1.6426907777786255
1.5871330499649048
1.5279815196990967
1.4767998456954956
1.3928759098052979
1.3363398313522339
1.282565712928772
9.191590309143066
9.029645919799805
8.883397102355957
8.745081901550293
8.612853050231934
8.521284103393555
8.397745132446289
8.24679946899414
8.251871109008789
8.13756275177002
3.098794460296631
2.945065498352051
2.8896403312683105
2.695683002471924
2.6576478481292725
2.6314101219177246
2.494513511657715
2.5214314460754395
2.322012424468994
2.302384614944458
6.4277119636535645
6.161391258239746
6.043213844299316
5.879979610443115
5.768157958984375
5.5914764404296875
5.399229049682617
5.298176288604736
5.234857559204102
5.127654552459717
17.970930099487305
17.121673583984375
16.548137664794922
15.963326454162598
15.46854305267334
15.058009147644043
14.785236358642578
14.298487663269043
14.109688758850098
13.851306915283203
2.705925464630127
2.6812849044799805
2.6459474563598633
2.6541054248809814
2.6210474967956543
2.621350049972534
2.6306827068328857
2.6133952140808105
2.597038745880127
2.560250997543335
18.386289596557617
18.185832977294922
17.90496253967285
17.632417678833008
17.43984603881836
17.24651336669922
17.008516311645508
16.722644805908203
16.546302795410156
16.228927612304688
3.1161932945251465
3.1421470642089844
3.1212122440338135
3.0889084339141846
3.0520405769348145
3.0065762996673584
3.0151851177215576
2.988614082336426
2.9744651317596436
2.9740347862243652
19.96175765991211
19.61127281188965
19.037315368652344
18.606172561645508
18.274316787719727
17.82167625427246
17.432411193847656
16.938549041748047
16.55712890625
16.174846649169922
3.511658191680908
3.5068130493164062
3.5003037452697754
3.494891881942749
3.4746742248535156
3.4797935485839844
3.474686861038208
3.441629409790039
3.4549400806427
3.4414517879486084
2.694546699523926
2.6241297721862793
2.6102302074432373
2.618413209915161
2.5555505752563477
2.5289108753204346
2.5296926498413086
2.485985279083252
2.457097053527832
2.416099786758423
7.823964595794678
7.677186965942383
7.421060085296631
7.400591850280762
7.321009159088135
7.233961582183838
7.059889316558838
6.935133934020996
6.8405442237854
6.788794994354248
2.3584187030792236
2.278073787689209
2.2124648094177246
2.1592166423797607
2.172887086868286
2.0475964546203613
2.086099147796631
2.005831718444824
1.9569779634475708
1.9278600215911865
9.68871021270752
9.621362686157227
9.564087867736816
9.423371315002441
9.33330249786377
9.277777671813965
9.115612983703613
9.026471138000488
8.974837303161621
8.873779296875
1.7573000192642212
1.7517704963684082
1.7617435455322266
1.6537320613861084
1.606457233428955
1.609699010848999
1.5409718751907349
1.4549363851547241
1.4212979078292847
1.4485459327697754
7.37691068649292
7.2475385665893555
7.171117305755615
7.04935359954834
6.946147441864014
6.914906978607178
6.785619258880615
6.788388729095459
6.692692279815674
6.661131381988525
25.540359497070312
24.115976333618164
22.175718307495117
20.64185333251953
19.619304656982422
19.090232849121094
18.554048538208008
18.186246871948242
17.894901275634766
17.627315521240234
3.250345230102539
3.230356216430664
3.22621750831604
3.2188541889190674
3.2055888175964355
3.195578098297119
3.1929783821105957
3.189143419265747
3.176121234893799
3.1898632049560547
26.729028701782227
22.107282638549805
26.504182815551758
20.101587295532227
22.228796005249023
22.454221725463867
17.863971710205078
17.51270866394043
18.283599853515625
17.86105728149414
4.1634907722473145
3.8603286743164062
3.49932599067688
3.121411085128784
2.864151954650879
2.6491434574127197
2.500433921813965
2.397549867630005
2.4017112255096436
2.260798931121826
24.458723068237305
24.093576431274414
23.74212646484375
23.512836456298828
23.030519485473633
22.67513656616211
22.370359420776367
21.801197052001953
21.23250961303711
20.8795166015625
5.163132667541504
5.054361343383789
5.020695209503174
4.930539608001709
4.936427116394043
4.847516059875488
4.825894355773926
4.698365211486816
4.725302696228027
4.608571529388428
2.6833128929138184
2.654104709625244
2.576604127883911
2.5555002689361572
2.5832273960113525
2.5468709468841553
2.5131475925445557
2.4806458950042725
2.4380688667297363
2.406637668609619
7.658206462860107
7.285979747772217
7.095203399658203
6.870372772216797
6.560222148895264
6.29385232925415
5.965123653411865
5.760518550872803
5.5262227058410645
5.3417229652404785
4.067093849182129
4.07949686050415
3.736823081970215
3.6574032306671143
3.483220100402832
3.411594867706299
3.411827802658081
3.2872421741485596
3.187471389770508
3.0134270191192627
9.11861801147461
8.95623779296875
8.845394134521484
8.69068431854248
8.613944053649902
8.479493141174316
8.416862487792969
8.238389015197754
7.981983661651611
8.030867576599121
2.459042549133301
2.395937919616699
2.2808828353881836
2.264638900756836
2.215190887451172
2.1481194496154785
2.1142139434814453
2.1153135299682617
2.040297031402588
2.023789405822754
8.995597839355469
8.845504760742188
8.659659385681152
8.559932708740234
8.437969207763672
8.295884132385254
8.06537914276123
8.064071655273438
7.844592571258545
7.669229507446289
18.082651138305664
17.432708740234375
17.012165069580078
16.314838409423828
15.530831336975098
14.816425323486328
14.066414833068848
13.388565063476562
12.55140209197998
11.795304298400879
1.7982373237609863
1.7992069721221924
1.7603118419647217
1.7323110103607178
1.7049896717071533
1.7253133058547974
1.6722488403320312
1.6764633655548096
1.6823676824569702
1.6372390985488892
8.650202751159668
8.441596984863281
8.285690307617188
8.087061882019043
7.942892551422119
7.786129951477051
7.53648042678833
7.419460296630859
7.283909797668457
7.218225955963135
3.2317042350769043
3.198249340057373
3.202697277069092
3.1783292293548584
3.152195692062378
3.1461832523345947
3.144294500350952
3.0844764709472656
3.085094690322876
3.06946063041687
8.371986389160156
8.30070972442627
8.283608436584473
8.1197509765625
8.08504581451416
7.982113838195801
7.811369895935059
7.689609527587891
7.544895648956299
7.432065486907959
2.3387632369995117
2.2799599170684814
2.225116491317749
2.16790771484375
2.1765382289886475
2.0341970920562744
2.0416812896728516
2.0055243968963623
1.941185474395752
1.869261622428894
2.2822659015655518
2.193136215209961
2.217715263366699
2.183910608291626
2.166175603866577
2.1622836589813232
2.1993534564971924
2.14131498336792
2.120044231414795
2.123641014099121
12.022065162658691
11.23157787322998
10.560027122497559
9.879515647888184
9.208915710449219
8.64296817779541
7.995526313781738
7.556774139404297
7.157786846160889
6.8744282722473145
4.389747619628906
4.248265266418457
3.9712250232696533
3.950629949569702
3.6982944011688232
3.595613479614258
3.5121188163757324
3.3663418292999268
3.2369203567504883
3.2540438175201416
4.894894599914551
4.865079402923584
4.770389080047607
4.735380172729492
4.673313140869141
4.593763828277588
4.541271209716797
4.472107410430908
4.480660438537598
4.3816328048706055
1.665061593055725
1.4008262157440186
1.22808837890625
0.9584292769432068
0.8611502051353455
0.768744170665741
0.7882772088050842
0.646533727645874
0.5673359632492065
0.5880853533744812
32.56428146362305
31.814786911010742
31.374469757080078
30.706411361694336
29.88969612121582
29.436098098754883
28.738811492919922
28.300573348999023
27.80377769470215
27.331544876098633
6.898797035217285
6.669448375701904
6.51683235168457
6.3096489906311035
6.107996940612793
6.031496524810791
5.8509087562561035
5.778106212615967
5.674087047576904
5.6043829917907715
16.798446655273438
15.341893196105957
13.815666198730469
12.307686805725098
10.54549503326416
8.906982421875
6.843947410583496
5.071930885314941
3.766993284225464
2.8798768520355225
29.5625057220459
28.893917083740234
28.156816482543945
27.495105743408203
26.839305877685547
26.071985244750977
25.361045837402344
24.56094741821289
23.810951232910156
22.974599838256836
3.0883002281188965
3.094719648361206
3.0905869007110596
3.0575647354125977
3.037716865539551
3.043333053588867
3.029008388519287
3.0189497470855713
3.011563301086426
3.009972095489502
14.33530330657959
14.0377779006958
13.866738319396973
13.689641952514648
13.393211364746094
13.241460800170898
13.052850723266602
12.75922966003418
12.645488739013672
12.465429306030273
2.7582144737243652
2.728116512298584
2.7032549381256104
2.700735569000244
2.7110860347747803
2.68278169631958
2.6929919719696045
2.691061496734619
2.6958651542663574
2.680929660797119
2.388888120651245
2.338336229324341
2.3368911743164062
2.330730438232422
2.332082509994507
2.291505813598633
2.2542903423309326
2.289976119995117
2.264538526535034
2.272554397583008
14.5816068649292
14.159566879272461
13.603394508361816
13.239134788513184
12.94497013092041
12.414627075195312
12.341553688049316
11.792306900024414
11.490368843078613
11.250487327575684
3.1028335094451904
3.0838961601257324
3.0110995769500732
2.8591067790985107
2.7471764087677
2.7309694290161133
2.5574731826782227
2.5474891662597656
2.3365213871002197
2.312084197998047
3.9226632118225098
3.911807060241699
3.9262003898620605
3.892465353012085
3.8668410778045654
3.8385071754455566
3.8246726989746094
3.822772979736328
3.818788528442383
3.8207530975341797
1.25581955909729
1.2860701084136963
1.3940763473510742
1.1322740316390991
1.0313453674316406
0.8973006010055542
0.7894889116287231
0.7560871839523315
0.7497460842132568
0.7428379654884338
21.474149703979492
20.80018424987793
20.201679229736328
19.356388092041016
18.393783569335938
17.493560791015625
16.818286895751953
15.830957412719727
14.9430570602417
14.067731857299805
6.580018043518066
6.511571407318115
6.524100303649902
6.4544548988342285
6.44123649597168
6.391604423522949
6.381410121917725
6.332111358642578
6.324981689453125
6.252686023712158
3.077331066131592
3.0566954612731934
3.0313456058502197
3.0105953216552734
2.965939521789551
2.951632022857666
2.9790334701538086
2.918933629989624
2.9326939582824707
2.8984100818634033
3.7730581760406494
3.712143898010254
3.672769784927368
3.631441354751587
3.6009721755981445
3.5606672763824463
3.501567840576172
3.4904253482818604
3.4220705032348633
3.4019925594329834
22.116708755493164
21.02094841003418
19.559341430664062
18.022342681884766
16.43471336364746
15.13020133972168
13.631587028503418
12.611106872558594
11.266718864440918
10.47539234161377
2.733973503112793
2.6368894577026367
2.5216197967529297
2.4112586975097656
2.311554431915283
2.2336461544036865
2.128506898880005
2.074453592300415
1.9640767574310303
1.8690781593322754
6.779038429260254
6.7781171798706055
6.664803504943848
6.619368076324463
6.5596604347229
6.5047407150268555
6.473486423492432
6.396451950073242
6.311268329620361
6.242270469665527
2.6923651695251465
2.67854642868042
2.6266353130340576
2.6106388568878174
2.5549731254577637
2.5613059997558594
2.5116748809814453
2.5215768814086914
2.4509992599487305
2.4355063438415527
12.423160552978516
12.315237045288086
12.02041244506836
11.725977897644043
11.523990631103516
11.3501615524292
11.122900009155273
10.963709831237793
10.666349411010742
10.540115356445312
3.5845224857330322
3.2762808799743652
3.1034915447235107
2.9313809871673584
2.757730007171631
2.619142532348633
2.4492976665496826
2.278940439224243
2.2417995929718018
2.117363214492798
8.29312515258789
8.161773681640625
8.005373001098633
7.801777362823486
7.618703365325928
7.536894798278809
7.300971031188965
7.217395782470703
7.056909561157227
6.9368205070495605
3.3481099605560303
3.245482921600342
3.1716675758361816
3.152959108352661
3.0622401237487793
2.9622628688812256
2.8998098373413086
2.8635079860687256
2.7939562797546387
2.675175666809082
8.526947021484375
8.332107543945312
8.136877059936523
7.951215744018555
7.743265151977539
7.5042314529418945
7.382416248321533
7.173559188842773
7.015539169311523
6.717658519744873
2.515101194381714
2.5127174854278564
2.476646661758423
2.4753947257995605
2.4255170822143555
2.4465363025665283
2.378452777862549
2.3863584995269775
2.4041874408721924
2.3486595153808594
3.5077357292175293
3.403693199157715
3.34433913230896
3.3121864795684814
3.285081624984741
3.2528021335601807
3.1915693283081055
3.1989781856536865
3.1644740104675293
3.088041305541992
28.651668548583984
26.57603645324707
24.167940139770508
22.603939056396484
21.23436164855957
19.90196418762207
18.65257453918457
17.775577545166016
16.976781845092773
16.33255958557129
2.787405252456665
2.6260170936584473
2.6168041229248047
2.517073154449463
2.5154316425323486
2.438335657119751
2.4171953201293945
2.3374850749969482
2.303340196609497
2.28336238861084
6.946029186248779
6.8813886642456055
6.738818645477295
6.682324409484863
6.576706409454346
6.498360633850098
6.381180286407471
6.308467388153076
6.2586822509765625
6.100393295288086
1.7877318859100342
1.7624891996383667
1.6930986642837524
1.5751725435256958
1.5945422649383545
1.4749456644058228
1.4287126064300537
1.4406752586364746
1.3491915464401245
1.3598389625549316
2.0886433124542236
2.0475995540618896
2.0248003005981445
1.9932159185409546
1.9583245515823364
1.9016162157058716
1.9619344472885132
1.9109747409820557
1.8508555889129639
1.8838725090026855
13.843926429748535
13.52772045135498
13.033188819885254
12.48582935333252
11.948853492736816
11.494927406311035
10.855355262756348
10.242117881774902
9.729146957397461
9.259291648864746
3.4470977783203125
3.377316474914551
3.299398183822632
3.2002580165863037
3.1341042518615723
3.0275731086730957
2.9862284660339355
2.8465471267700195
2.7598750591278076
2.6832237243652344
6.77941370010376
6.547373294830322
6.458186626434326
6.266494274139404
6.131767272949219
5.922755718231201
5.802092552185059
5.679131031036377
5.452396392822266
5.338584899902344
4.344282150268555
4.044407844543457
3.872493267059326
3.7311809062957764
3.576911211013794
3.418755531311035
3.3227694034576416
3.209439277648926
2.957066535949707
2.9821860790252686
23.24709701538086
22.69771385192871
22.09299659729004
21.53177261352539
20.8404483795166
20.261070251464844
19.714658737182617
19.09964942932129
18.350894927978516
17.592571258544922
9.853414535522461
9.760876655578613
9.561033248901367
9.501729965209961
9.23886775970459
9.031538009643555
8.919181823730469
8.712955474853516
8.636517524719238
8.511136054992676
3.6407222747802734
3.6155548095703125
3.6000001430511475
3.5906336307525635
3.578995704650879
3.59852933883667
3.5416760444641113
3.5457770824432373
3.5185654163360596
3.505084753036499
5.281855583190918
5.267797470092773
5.217741012573242
5.2199931144714355
5.170912265777588
5.1465606689453125
5.063781261444092
5.061559677124023
5.0143537521362305
4.945025444030762
3.8508522510528564
3.7722363471984863
3.714350938796997
3.628206729888916
3.5565013885498047
3.537317991256714
3.4730100631713867
3.434512138366699
3.324913740158081
3.3185863494873047
6.798037528991699
6.626270294189453
6.392012596130371
6.146550178527832
6.011917591094971
5.8614044189453125
5.697096347808838
5.553069114685059
5.450587272644043
5.30011510848999
2.316869020462036
2.2900238037109375
2.303729772567749
2.2923641204833984
2.255056619644165
2.268141746520996
2.2355101108551025
2.2349812984466553
2.217169761657715
2.2187554836273193
2.89437198638916
2.899513006210327
2.8153023719787598
2.851579189300537
2.7991957664489746
2.8120834827423096
2.7535665035247803
2.7490251064300537
2.712517023086548
2.6888203620910645
14.961939811706543
14.447935104370117
14.12600040435791
13.735784530639648
13.207198143005371
12.717909812927246
12.20295524597168
11.65796184539795
11.283108711242676
10.819461822509766
4.781537055969238
4.600827693939209
4.53156852722168
4.3849310874938965
4.199675559997559
4.10889196395874
4.0362138748168945
3.899702310562134
3.8170459270477295
3.6570253372192383
6.341115474700928
6.265993118286133
6.235586166381836
6.200413227081299
6.161736488342285
5.970593452453613
6.018141269683838
5.907208442687988
5.852905750274658
5.796380519866943
0.2446185201406479
0.19468054175376892
0.22507767379283905
0.20658917725086212
0.1832323670387268
0.21565265953540802
0.19075940549373627
0.15529990196228027
0.16942769289016724
0.13471999764442444
11.849455833435059
11.706320762634277
11.425971031188965
11.061583518981934
10.742513656616211
10.571857452392578
10.338419914245605
10.165595054626465
9.94871997833252
9.814166069030762
2.856419086456299
2.8405213356018066
2.803591012954712
2.8070552349090576
2.800614833831787
2.8177428245544434
2.7831389904022217
2.75622296333313
2.7541327476501465
2.751028537750244
35.60078048706055
34.47755432128906
33.274959564208984
31.99907875061035
30.43873405456543
29.11915397644043
27.898147583007812
26.57857322692871
25.70250701904297
24.244943618774414
3.0133299827575684
2.9690191745758057
2.9260268211364746
2.886610984802246
2.8590235710144043
2.7893664836883545
2.7409462928771973
2.7054996490478516
2.7012810707092285
2.619220733642578
10.274226188659668
9.904592514038086
9.433914184570312
9.008395195007324
8.50766372680664
7.968957901000977
7.588223457336426
7.1601457595825195
6.862901210784912
6.540356159210205
2.812636137008667
2.785684823989868
2.776376724243164
2.7817394733428955
2.7678961753845215
2.773698329925537
2.758301019668579
2.756330966949463
2.752960681915283
2.7240712642669678
13.74998950958252
12.987042427062988
12.430975914001465
12.048190116882324
11.899558067321777
11.732620239257812
11.6571044921875
11.541454315185547
11.489627838134766
11.46656608581543
3.243572950363159
3.2122890949249268
3.1904428005218506
3.1722164154052734
3.1356682777404785
3.1249632835388184
3.062152147293091
3.0291848182678223
2.981241226196289
2.993523120880127
11.218831062316895
10.864108085632324
10.471572875976562
9.97861099243164
9.668972969055176
9.191178321838379
8.851585388183594
8.523784637451172
8.241971015930176
7.921969890594482
2.4209983348846436
2.120574474334717
1.697111964225769
1.4936153888702393
1.360838532447815
1.1528011560440063
1.0204824209213257
0.9762248992919922
0.8604241609573364
0.8422546982765198
5.0919270515441895
4.968690395355225
4.892856597900391
4.725910186767578
4.665620803833008
4.540129661560059
4.5019378662109375
4.3438720703125
4.214676380157471
4.190523624420166
27.399715423583984
26.135725021362305
24.817188262939453
23.01752471923828
21.616531372070312
20.06610870361328
18.897850036621094
18.0849552154541
17.4877872467041
16.938688278198242
3.4850716590881348
3.436521530151367
3.291928768157959
3.2437872886657715
3.1342029571533203
3.008788824081421
2.937293767929077
2.8807597160339355
2.8310720920562744
2.719451427459717
3.367187976837158
3.364924430847168
3.3452818393707275
3.3302416801452637
3.296110153198242
3.2952542304992676
3.2786245346069336
3.264216184616089
3.2678029537200928
3.2579314708709717
20.368412017822266
19.776182174682617
19.28943634033203
18.76609230041504
18.25225257873535
17.64129638671875
17.17331886291504
16.67695426940918
16.410436630249023
16.035018920898438
3.1517443656921387
3.100344181060791
3.06514835357666
3.0572681427001953
3.0047495365142822
2.9783380031585693
2.954486846923828
2.9121758937835693
2.886784553527832
2.840172290802002
15.429100036621094
14.231583595275879
12.682765007019043
11.133853912353516
10.013734817504883
9.31615924835205
8.723593711853027
8.375463485717773
8.12326717376709
7.920843124389648
3.550302743911743
3.516608476638794
3.46515154838562
3.43829083442688
3.3879408836364746
3.3383376598358154
3.2432775497436523
3.243072986602783
3.2204055786132812
3.1653966903686523
21.259756088256836
20.779569625854492
20.038455963134766
19.248146057128906
18.294095993041992
17.39619255065918
16.47820472717285
15.23604965209961
14.269146919250488
13.405681610107422
2.939444065093994
2.939638614654541
2.9330153465270996
2.7744059562683105
2.7804055213928223
2.7361159324645996
2.7332406044006348
2.6920018196105957
2.6170103549957275
2.486100435256958
10.503294944763184
10.036060333251953
9.716673851013184
9.259744644165039
8.617544174194336
7.994866371154785
7.502052307128906
7.037291049957275
6.70402193069458
6.599939823150635
2.6975934505462646
2.586500883102417
2.4727792739868164
2.401695966720581
2.335310220718384
2.2016334533691406
2.1765856742858887
2.053257465362549
1.9550950527191162
1.9435558319091797
3.5297183990478516
3.4891746044158936
3.502051830291748
3.482201337814331
3.389559268951416
3.4376986026763916
3.3926634788513184
3.3574140071868896
3.351248264312744
3.3194921016693115
23.348737716674805
22.52505111694336
22.105541229248047
21.048364639282227
19.47522735595703
18.106422424316406
17.665485382080078
17.089435577392578
16.696035385131836
16.102519989013672
2.582979440689087
2.264883518218994
2.0777201652526855
1.9070879220962524
1.6868007183074951
1.5453591346740723
1.3516335487365723
1.246506690979004
1.1452749967575073
0.9809918403625488
2.896167755126953
2.5815162658691406
2.504267692565918
2.300304412841797
2.15459942817688
2.13179874420166
2.143176555633545
2.029655694961548
1.9945416450500488
2.043635368347168
13.162941932678223
12.958141326904297
12.842314720153809
12.616172790527344
12.367681503295898
12.011235237121582
11.561216354370117
11.092851638793945
10.35836410522461
9.650174140930176
5.181679725646973
4.46523380279541
3.7248318195343018
2.858682870864868
2.449936628341675
2.3057258129119873
2.3191139698028564
2.228177785873413
2.247912883758545
2.169959306716919
14.012712478637695
13.837159156799316
13.71500015258789
13.619929313659668
13.495770454406738
13.42654037475586
13.314177513122559
13.17417049407959
13.118402481079102
13.036559104919434
2.1467015743255615
2.0921287536621094
2.0557661056518555
1.966369390487671
1.9631260633468628
1.864249348640442
1.8840446472167969
1.8554943799972534
1.8546607494354248
1.8200747966766357
8.301677703857422
8.072392463684082
7.858757972717285
7.681238651275635
7.540220260620117
7.362979888916016
7.255279541015625
7.1459503173828125
7.031040191650391
6.962817668914795
2.2439124584198
2.110872507095337
2.0266835689544678
1.9189929962158203
1.8876246213912964
1.8107094764709473
1.7716304063796997
1.7004903554916382
1.7404706478118896
1.683712124824524
6.503849506378174
6.2523956298828125
6.027139186859131
5.831836223602295
5.718999862670898
5.608585834503174
5.410182476043701
5.39354133605957
5.181650638580322
5.117559432983398
1.20771062374115
1.1109342575073242
1.1086825132369995
1.0941002368927002
0.9853633046150208
1.0102728605270386
0.9834952354431152
0.9852643609046936
0.9055899381637573
0.8510342836380005
24.022085189819336
23.125415802001953
21.792612075805664
20.70258331298828
19.82529640197754
19.291440963745117
18.69803810119629
18.46435546875
18.07306480407715
17.644935607910156
5.155142307281494
5.096352577209473
5.041121482849121
5.037121295928955
4.973740577697754
4.945674896240234
4.8984375
4.863748073577881
4.818964004516602
4.767261981964111
5.17135763168335
5.111345291137695
5.0975117683410645
5.093339920043945
5.061018943786621
5.028507709503174
4.999635696411133
4.998256683349609
4.9766716957092285
4.969088077545166
3.0974197387695312
3.088737964630127
3.0837011337280273
3.067135810852051
3.0605921745300293
3.0496792793273926
3.038922071456909
3.0130202770233154
3.008408546447754
2.989828109741211
10.054098129272461
8.889376640319824
7.969691276550293
7.283292770385742
6.646224498748779
6.171205043792725
5.872398853302002
5.440112590789795
5.201866626739502
5.0595808029174805
3.308082103729248
3.2672953605651855
3.2304930686950684
3.2015388011932373
3.185631275177002
3.203906536102295
3.1488168239593506
3.1226322650909424
3.1394832134246826
3.118359327316284
14.253466606140137
14.165600776672363
14.091424942016602
14.017280578613281
13.94135856628418
13.82180404663086
13.742033004760742
13.63697624206543
13.520392417907715
13.436244010925293
8.691404342651367
8.575617790222168
8.330451965332031
8.100296020507812
7.970895767211914
7.718863487243652
7.453268527984619
7.287987232208252
7.036460876464844
6.732189178466797
4.252664566040039
4.138298988342285
4.054911136627197
3.9705810546875
3.8443126678466797
3.7852375507354736
3.699580669403076
3.5925278663635254
3.5097742080688477
3.4377331733703613
3.431605815887451
3.3936338424682617
3.3727173805236816
3.2968640327453613
3.2980782985687256
3.2963342666625977
3.23940110206604
3.1741435527801514
3.188725709915161
3.1664090156555176
9.111518859863281
8.911438941955566
8.565443992614746
8.42989730834961
8.192547798156738
8.045173645019531
7.8600172996521
7.781257629394531
7.567991733551025
7.358206272125244
1.9656720161437988
1.7200913429260254
1.590452790260315
1.4229717254638672
1.308653473854065
1.3090729713439941
1.2208094596862793
1.2057554721832275
1.123412847518921
1.0120110511779785
4.83311128616333
4.796655178070068
4.786645412445068
4.758312225341797
4.740934371948242
4.689810752868652
4.69506311416626
4.691807746887207
4.661975383758545
4.620080471038818
32.6551513671875
30.566570281982422
28.448711395263672
26.682533264160156
24.62302589416504
22.42980194091797
20.494125366210938
19.036598205566406
17.54008674621582
16.429607391357422
4.221173286437988
4.149446487426758
4.1174092292785645
4.045082092285156
4.0241618156433105
3.9664151668548584
3.926236867904663
3.8437836170196533
3.851546287536621
3.7921929359436035
8.02292537689209
7.85829496383667
7.774095058441162
7.665818214416504
7.574290752410889
7.503636837005615
7.408156871795654
7.335567951202393
7.261260509490967
7.1982927322387695
4.959360599517822
4.943090438842773
4.921093940734863
4.885970115661621
4.874691486358643
4.876843452453613
4.823633193969727
4.8272318840026855
4.821132659912109
4.78129768371582
16.331344604492188
15.680998802185059
15.072903633117676
14.478732109069824
13.938587188720703
13.445883750915527
12.868778228759766
12.406411170959473
11.856389999389648
11.48625373840332
4.8219828605651855
4.729648113250732
4.5393900871276855
4.44121789932251
4.325098991394043
4.191701889038086
4.11623477935791
3.9309911727905273
3.86598539352417
3.7717437744140625
37.40804672241211
35.23513412475586
33.79358673095703
31.888561248779297
30.768957138061523
29.640270233154297
28.625940322875977
27.893753051757812
27.190032958984375
26.366994857788086
9.487541198730469
7.465025424957275
4.478955268859863
2.9084017276763916
2.6776058673858643
2.692356824874878
2.6428189277648926
2.5623767375946045
2.5758416652679443
2.5776994228363037
2.80525541305542
2.787170886993408
2.771406412124634
2.7656636238098145
2.717379093170166
2.742509126663208
2.7099571228027344
2.6759591102600098
2.6912894248962402
2.6718037128448486
12.072102546691895
11.870048522949219
11.699214935302734
11.525033950805664
11.337486267089844
11.273509979248047
11.117536544799805
10.909933090209961
10.81955623626709
10.611950874328613
3.015611171722412
2.820204019546509
2.634019374847412
2.577200174331665
2.43257737159729
2.3650155067443848
2.227811098098755
2.1646997928619385
2.022336006164551
2.0201947689056396
8.729622840881348
8.617383003234863
8.440851211547852
8.332864761352539
8.09003734588623
7.880748271942139
7.732603073120117
7.510319709777832
7.3078484535217285
7.009383201599121
2.7655489444732666
2.690122127532959
2.600998878479004
2.5383827686309814
2.527212619781494
2.4166038036346436
2.3219735622406006
2.251085042953491
2.1888046264648438
2.0229272842407227
6.741071701049805
6.620056629180908
6.579974174499512
6.462810039520264
6.41442346572876
6.287839889526367
6.139030456542969
6.083691120147705
6.022555351257324
5.946281433105469
12.732800483703613
12.602516174316406
12.54366397857666
12.473191261291504
12.399700164794922
12.314425468444824
12.185587882995605
12.164417266845703
12.076776504516602
12.032747268676758
4.012479782104492
3.967824697494507
3.936674118041992
3.922088384628296
3.9214072227478027
3.884636878967285
3.8749070167541504
3.870918035507202
3.8303017616271973
3.829397201538086
36.636558532714844
35.7728271484375
34.26482009887695
32.928924560546875
30.36661720275879
27.88155746459961
25.255512237548828
21.996784210205078
18.79037094116211
14.77035140991211
13.155025482177734
11.790987968444824
10.544565200805664
9.04050350189209
7.305581092834473
6.014752388000488
4.596260070800781
3.729968786239624
3.096144914627075
2.721815347671509
33.17790985107422
32.29547882080078
31.472103118896484
30.578853607177734
29.727449417114258
28.74661636352539
27.82710075378418
26.957860946655273
26.258886337280273
25.51032066345215
3.2901244163513184
3.295189142227173
3.2942278385162354
3.282191753387451
3.2789738178253174
3.280467987060547
3.284745216369629
3.2666714191436768
3.262474775314331
3.2698309421539307
2.9266459941864014
2.9016172885894775
2.8003735542297363
2.7960100173950195
2.7103161811828613
2.63981556892395
2.6229639053344727
2.5641531944274902
2.5272984504699707
2.465643882751465
16.638154983520508
16.14676856994629
15.578344345092773
14.847203254699707
14.028072357177734
13.127324104309082
12.283960342407227
11.445758819580078
10.77867603302002
10.227278709411621
3.8653666973114014
3.796921730041504
3.587515115737915
3.5194249153137207
3.365583896636963
3.264866352081299
3.1429755687713623
3.0858352184295654
2.9729814529418945
2.8517539501190186
4.833420753479004
4.778141021728516
4.753599166870117
4.631964206695557
4.657304763793945
4.594669818878174
4.558560371398926
4.470916748046875
4.4716925621032715
4.455033779144287
5.858790874481201
5.53933572769165
5.20949649810791
4.902642726898193
4.417303085327148
4.015203952789307
3.626856803894043
3.225006341934204
3.0203824043273926
2.763490676879883
14.616458892822266
14.160295486450195
13.857017517089844
13.248200416564941
12.72819709777832
12.289846420288086
11.843424797058105
11.430374145507812
11.11739444732666
10.738251686096191
3.8526577949523926
3.8545353412628174
3.8556737899780273
3.8494269847869873
3.8496012687683105
3.8424439430236816
3.8406336307525635
3.8442142009735107
3.8387486934661865
3.8328397274017334
2.412754774093628
2.409041404724121
2.392338275909424
2.391500473022461
2.384246349334717
2.376842498779297
2.371598243713379
2.3773794174194336
2.3611366748809814
2.359321117401123
16.828218460083008
16.54351043701172
15.732638359069824
15.156320571899414
14.325007438659668
13.086461067199707
11.809879302978516
10.747425079345703
9.445178031921387
8.352432250976562
3.6437489986419678
3.6272776126861572
3.616527795791626
3.5873570442199707
3.5889742374420166
3.588259696960449
3.564448833465576
3.5593624114990234
3.542529821395874
3.5426132678985596
16.259403228759766
15.596616744995117
14.614509582519531
13.691214561462402
12.756586074829102
11.971829414367676
11.578208923339844
11.237373352050781
11.067036628723145
10.85662841796875
2.8072421550750732
2.799975872039795
2.797637462615967
2.8002548217773438
2.805298089981079
2.79868483543396
2.799328565597534
2.7871222496032715
2.7964441776275635
2.7931697368621826
3.0565290451049805
3.0441062450408936
3.0082602500915527
2.9843220710754395
2.929091215133667
2.9297726154327393
2.906925916671753
2.864443063735962
2.845438241958618
2.8064234256744385
14.312990188598633
13.747244834899902
13.138163566589355
12.513205528259277
11.893909454345703
11.234817504882812
10.713083267211914
9.987733840942383
9.62659740447998
9.23181438446045
3.8547203540802
3.738142490386963
3.679823637008667
3.6022512912750244
3.5227270126342773
3.428323268890381
3.27477765083313
3.214230537414551
3.173398017883301
3.0815720558166504
6.774637699127197
6.6830620765686035
6.522681713104248
6.4468092918396
6.334301948547363
6.1790032386779785
6.08212947845459
5.978864669799805
5.909760475158691
5.772855281829834
2.8242592811584473
2.8119213581085205
2.730581283569336
2.746997117996216
2.6936700344085693
2.6706154346466064
2.656198501586914
2.589426040649414
2.6395609378814697
2.544053077697754
10.44570541381836
9.820527076721191
9.25545597076416
8.706850051879883
8.373635292053223
8.029064178466797
7.786535263061523
7.483705997467041
7.215604782104492
7.0258870124816895
7.057414531707764
7.016082286834717
6.992218017578125
6.9303741455078125
6.926986217498779
6.837531566619873
6.813689708709717
6.780431747436523
6.748804092407227
6.707393169403076
3.595494508743286
3.5980706214904785
3.5920162200927734
3.5778677463531494
3.57710599899292
3.578157663345337
3.572951316833496
3.5618677139282227
3.5553030967712402
3.537217855453491
6.833049774169922
6.760987758636475
6.681286334991455
6.654030799865723
6.596292495727539
6.509599685668945
6.448768615722656
6.411661624908447
6.362091064453125
6.369114875793457
2.7301220893859863
2.670711040496826
2.661099433898926
2.6560399532318115
2.6553680896759033
2.6220364570617676
2.6243343353271484
2.5854506492614746
2.5895283222198486
2.5571858882904053
16.111400604248047
15.856644630432129
15.791555404663086
15.448156356811523
15.193120002746582
14.817816734313965
14.559528350830078
14.378686904907227
14.156118392944336
14.066314697265625
3.4105257987976074
3.361483573913574
3.3567001819610596
3.334293842315674
3.31607985496521
3.2900688648223877
3.2467663288116455
3.2313475608825684
3.2294065952301025
3.201103687286377
2.7782936096191406
2.740095376968384
2.739323139190674
2.674287796020508
2.6458709239959717
2.6334805488586426
2.563632011413574
2.587092638015747
2.5371809005737305
2.497899055480957
11.61179256439209
11.227977752685547
10.974810600280762
10.64773941040039
10.412930488586426
10.025026321411133
9.595876693725586
9.185894012451172
8.95019817352295
8.583149909973145
3.7785470485687256
3.6986632347106934
3.5511207580566406
3.40313458442688
3.276320457458496
3.0739924907684326
3.01013445854187
2.8660550117492676
2.701911449432373
2.5233166217803955
7.1246209144592285
6.9502363204956055
6.832386016845703
6.706326007843018
6.513105869293213
6.323686122894287
5.957712650299072
5.701805591583252
5.42473030090332
5.184187889099121
15.314685821533203
14.714905738830566
14.102007865905762
13.432350158691406
12.94052791595459
12.339138984680176
11.91057300567627
11.556050300598145
11.068878173828125
10.60545825958252
1.6702073812484741
1.5479575395584106
1.4258215427398682
1.3684327602386475
1.3086446523666382
1.2621909379959106
1.1420434713363647
1.091523289680481
1.0780388116836548
1.0135254859924316
3.3605782985687256
3.3008484840393066
3.2467474937438965
3.243290901184082
3.2570083141326904
3.173795223236084
3.1349129676818848
3.087050676345825
3.0680923461914062
3.0089595317840576
1.853456735610962
1.7050650119781494
1.5738518238067627
1.496321201324463
1.4828304052352905
1.3734793663024902
1.353032112121582
1.2654221057891846
1.2510615587234497
1.1861743927001953
9.444242477416992
9.355263710021973
9.252762794494629
9.151311874389648
9.00899600982666
8.959758758544922
8.82968521118164
8.700005531311035
8.62019157409668
8.49795913696289
3.041210651397705
3.022289276123047
2.954653739929199
2.903183937072754
2.9136664867401123
2.8475844860076904
2.84812068939209
2.7911951541900635
2.8006956577301025
2.763881206512451
5.231301307678223
5.217709541320801
5.1711859703063965
5.143874168395996
5.10926628112793
5.051388263702393
4.999403476715088
5.015769004821777
4.946774482727051
4.917995929718018
1.519492506980896
1.3394054174423218
1.2714171409606934
1.168962836265564
1.0550678968429565
0.9762646555900574
0.9292482137680054
0.8578295707702637
0.8523758053779602
0.8624351024627686
1.550453543663025
1.5341354608535767
1.4984663724899292
1.4988924264907837
1.450602650642395
1.402917504310608
1.4497865438461304
1.4215401411056519
1.422651767730713
1.4016799926757812
11.035164833068848
10.739233016967773
10.392931938171387
9.976431846618652
9.660735130310059
9.470904350280762
9.216714859008789
9.160841941833496
9.012898445129395
8.87000560760498
4.144578456878662
4.109065532684326
4.076412677764893
3.942765474319458
3.941800594329834
3.8753507137298584
3.847323179244995
3.75368595123291
3.700045347213745
3.6512234210968018
9.383112907409668
9.103311538696289
8.876228332519531
8.54248332977295
8.317194938659668
8.038297653198242
7.73841667175293
7.494811058044434
7.300487518310547
7.132376670837402
1.935429334640503
1.8453521728515625
1.6749534606933594
1.5557705163955688
1.5111716985702515
1.5210810899734497
1.4265199899673462
1.3917889595031738
1.3197113275527954
1.2746329307556152
5.156818866729736
5.0843706130981445
5.011040687561035
4.913521766662598
4.839951992034912
4.710841655731201
4.570653915405273
4.5465874671936035
4.410177707672119
4.268748760223389
11.831534385681152
10.989089965820312
10.365243911743164
10.031464576721191
9.639704704284668
9.337760925292969
9.055183410644531
8.725802421569824
8.49247932434082
8.32877254486084
4.408871173858643
4.350216388702393
4.3107805252075195
4.241518020629883
4.2058610916137695
4.227914810180664
4.132683277130127
4.148182392120361
4.064526557922363
4.024731636047363
20.166086196899414
19.3095703125
18.207542419433594
16.651451110839844
15.404644012451172
13.959733009338379
12.900934219360352
11.815345764160156
11.29908275604248
11.064806938171387
3.132962226867676
3.0918798446655273
3.0641446113586426
3.0622074604034424
3.0177059173583984
2.956501007080078
2.9191362857818604
2.9156153202056885
2.870030403137207
2.8361129760742188
14.471883773803711
13.825262069702148
13.045397758483887
12.41639232635498
11.658621788024902
11.012537002563477
10.332579612731934
9.718472480773926
9.09671688079834
8.673592567443848
3.70566725730896
3.612168073654175
3.5539889335632324
3.5446672439575195
3.4933464527130127
3.4409289360046387
3.4074549674987793
3.3940818309783936
3.3155314922332764
3.2756807804107666
3.1376917362213135
3.0689733028411865
3.0780117511749268
3.0483767986297607
2.9798576831817627
2.9544808864593506
2.913706064224243
2.9114692211151123
2.847306966781616
2.8157758712768555
11.499509811401367
11.088915824890137
10.684854507446289
10.30306339263916
9.774218559265137
9.34286880493164
8.88694953918457
8.395069122314453
7.781252384185791
7.372647285461426
2.10945463180542
1.9746530055999756
1.7160887718200684
1.5826880931854248
1.4456077814102173
1.2100245952606201
1.109567642211914
0.9632343053817749
0.840172290802002
0.7247074246406555
10.574398040771484
10.350688934326172
10.215919494628906
9.968544006347656
9.779924392700195
9.484065055847168
9.266363143920898
8.878484725952148
8.559991836547852
8.266409873962402
9.61550235748291
9.085087776184082
8.427191734313965
7.691231727600098
7.0922322273254395
6.66630744934082
6.535460948944092
6.392098426818848
6.1609392166137695
6.050750732421875
24.141672134399414
23.552370071411133
22.84649658203125
22.068096160888672
21.475421905517578
20.835569381713867
20.33697509765625
19.74285888671875
19.23297119140625
18.944028854370117
15.962257385253906
15.451598167419434
15.02112865447998
14.449917793273926
13.986381530761719
13.270142555236816
12.749817848205566
12.140639305114746
11.42951774597168
10.665817260742188
4.599789142608643
4.308393955230713
3.931346893310547
3.749052047729492
3.5708813667297363
3.3523740768432617
3.1936304569244385
3.0750458240509033
3.0122783184051514
2.9226527214050293
24.09054183959961
22.465003967285156
20.94751739501953
19.61930274963379
17.96811294555664
16.6774959564209
15.026694297790527
13.550566673278809
12.152129173278809
10.501904487609863
3.762007713317871
3.4498178958892822
3.146944046020508
2.9751992225646973
2.8260018825531006
2.6734814643859863
2.5780270099639893
2.4949679374694824
2.4560980796813965
2.3778271675109863
35.28388595581055
34.71668243408203
34.207279205322266
33.65617752075195
32.98252487182617
32.51376724243164
31.812957763671875
31.011198043823242
30.08785629272461
29.53713035583496
2.9290342330932617
2.5998356342315674
2.467142105102539
2.4162731170654297
2.2564005851745605
2.2239811420440674
2.1698546409606934
2.1178903579711914
2.0102009773254395
1.960815191268921
3.223092555999756
3.227051258087158
3.2027523517608643
3.1881744861602783
3.1590445041656494
3.146282196044922
3.148422956466675
3.0801565647125244
3.083177328109741
3.0475032329559326
7.664241313934326
7.533164978027344
7.427152156829834
7.355095386505127
7.215334892272949
7.169253826141357
7.139643669128418
7.002885341644287
6.947556018829346
6.787725448608398
2.5867412090301514
2.5381007194519043
2.431472063064575
2.375647783279419
2.4249064922332764
2.350935220718384
2.2843549251556396
2.21736741065979
2.1371867656707764
2.1279144287109375
14.035730361938477
13.692314147949219
13.330568313598633
12.994375228881836
12.618963241577148
12.153735160827637
11.776355743408203
11.44631576538086
11.084959983825684
10.691575050354004
2.8266851902008057
2.772853136062622
2.777580499649048
2.697141170501709
2.703742265701294
2.652325391769409
2.6666338443756104
2.630511999130249
2.5303263664245605
2.542527914047241
5.386259078979492
5.275103569030762
5.2158308029174805
5.170478343963623
4.988685131072998
4.910922527313232
4.853918075561523
4.708366870880127
4.600425720214844
4.469770431518555
18.77898597717285
18.331642150878906
17.67754554748535
17.19892120361328
16.783084869384766
16.612152099609375
16.21636962890625
15.861893653869629
15.659290313720703
15.252856254577637
11.448841094970703
11.073963165283203
10.829313278198242
10.415940284729004
10.203908920288086
9.888337135314941
9.635577201843262
9.403674125671387
9.081451416015625
8.749383926391602
6.886481761932373
6.633041858673096
6.429708480834961
6.306066513061523
6.181684970855713
5.977972507476807
5.77548885345459
5.507623195648193
5.485870838165283
5.243254661560059
3.9423582553863525
3.853135108947754
3.8177409172058105
3.752631425857544
3.691666603088379
3.5538489818573
3.4970099925994873
3.445960521697998
3.347245693206787
3.224029064178467
28.473440170288086
27.303091049194336
26.55145263671875
25.81609535217285
25.300304412841797
24.8023624420166
24.337575912475586
24.006752014160156
23.738052368164062
23.384403228759766
3.037896156311035
2.9405927658081055
2.931457281112671
2.859931230545044
2.8446199893951416
2.7307214736938477
2.70546555519104
2.6337084770202637
2.5210366249084473
2.540114641189575
3.0079843997955322
3.001329183578491
2.9996774196624756
2.970818281173706
2.954843521118164
2.984323024749756
2.9346885681152344
2.880974769592285
2.8999242782592773
2.851639986038208
8.73459529876709
8.561139106750488
8.311516761779785
8.096717834472656
8.00464916229248
7.836418151855469
7.5984601974487305
7.372781276702881
7.033803939819336
6.907297611236572
4.799637317657471
4.770303726196289
4.680471897125244
4.582798480987549
4.511803150177002
4.388912677764893
4.317631721496582
4.276516914367676
4.21688985824585
4.161123752593994
2.751615524291992
2.7613377571105957
2.750187635421753
2.7343976497650146
2.738511562347412
2.7267799377441406
2.714381456375122
2.7129831314086914
2.700390100479126
2.7133591175079346
34.997047424316406
34.781944274902344
34.81932830810547
34.20499801635742
33.776309967041016
33.77523422241211
33.33757400512695
32.79509735107422
32.3975944519043
32.12550735473633
3.3344850540161133
3.3049097061157227
3.284979820251465
3.2383968830108643
3.212914228439331
3.195979595184326
3.147491455078125
3.151975154876709
3.0838637351989746
3.099961280822754
11.330936431884766
11.041988372802734
10.321603775024414
9.791265487670898
8.912651062011719
8.134313583374023
7.28493070602417
6.751745700836182
6.1896443367004395
5.689878463745117
9.048979759216309
8.00448989868164
7.030702114105225
5.882566452026367
4.880220890045166
3.7848639488220215
2.9474220275878906
2.1389150619506836
1.6291464567184448
1.156224012374878
36.879154205322266
35.550506591796875
34.690670013427734
33.58392333984375
32.6273307800293
32.02212905883789
31.10975456237793
30.721956253051758
30.019128799438477
29.77215576171875
4.190597057342529
4.139514446258545
4.072310447692871
4.04869270324707
4.015325546264648
3.9784953594207764
3.93025803565979
3.882258415222168
3.7939867973327637
3.793893814086914
16.387296676635742
15.990994453430176
15.682195663452148
15.308250427246094
15.054356575012207
14.857256889343262
14.563240051269531
14.247384071350098
13.830633163452148
13.69063663482666
4.747986793518066
4.703818321228027
4.637822151184082
4.558051586151123
4.4496684074401855
4.4164323806762695
4.350458145141602
4.251830101013184
4.18707799911499
4.059617519378662
3.251188278198242
3.2286765575408936
3.1901779174804688
3.1670994758605957
3.138150453567505
3.0931124687194824
3.0754623413085938
3.0364391803741455
2.9931297302246094
2.9696414470672607
10.414288520812988
10.101561546325684
9.859590530395508
9.63573169708252
9.368122100830078
9.043119430541992
8.82418155670166
8.497217178344727
8.198507308959961
7.956730365753174
2.591015338897705
2.445178985595703
2.2566041946411133
2.172896385192871
1.9854787588119507
1.9297584295272827
1.917275071144104
1.83113694190979
1.614853858947754
1.5331743955612183
7.213770866394043
7.170233249664307
7.050833702087402
6.94568395614624
6.8704833984375
6.766432285308838
6.714609622955322
6.643523216247559
6.575301647186279
6.4662556648254395
9.436277389526367
8.92365550994873
8.051024436950684
7.289927005767822
6.228678226470947
5.446141242980957
4.651804447174072
3.9144654273986816
3.3267428874969482
2.893026828765869
34.23291778564453
33.35608673095703
32.822418212890625
32.52082824707031
31.50862693786621
30.92020034790039
30.298324584960938
29.52542495727539
29.45209503173828
28.815702438354492
10.487059593200684
9.981287956237793
9.475211143493652
9.238518714904785
8.859002113342285
8.516963958740234
8.335487365722656
8.105890274047852
7.9954142570495605
7.801364898681641
2.9334025382995605
2.823840618133545
2.80859375
2.6852195262908936
2.5986218452453613
2.514835834503174
2.450392007827759
2.3971595764160156
2.3059864044189453
2.2081968784332275
7.1190505027771
7.102847099304199
6.964907169342041
6.969194412231445
6.809325218200684
6.7953715324401855
6.686023712158203
6.686118125915527
6.614156723022461
6.512985706329346
0.950991153717041
0.8328684568405151
0.7534618377685547
0.7514770030975342
0.6935749053955078
0.6938642859458923
0.5992172956466675
0.5562922358512878
0.5539710521697998
0.5164279341697693
16.878162384033203
16.543066024780273
15.895313262939453
15.480688095092773
14.930848121643066
14.678505897521973
14.294256210327148
13.913370132446289
13.683503150939941
13.451709747314453
4.170571327209473
4.122722148895264
4.0829033851623535
4.088148593902588
4.014225959777832
4.005371570587158
3.9627697467803955
3.9412214756011963
3.9330811500549316
3.8790273666381836
2.6973984241485596
2.6479551792144775
2.6285085678100586
2.567169189453125
2.5344114303588867
2.492210865020752
2.440823554992676
2.4313066005706787
2.373021364212036
2.3491122722625732
6.044329643249512
5.84742546081543
5.704700469970703
5.64106559753418
5.525073051452637
5.431236743927002
5.40415096282959
5.326167106628418
5.244114398956299
5.18228006362915
2.294828414916992
2.1995153427124023
2.0477914810180664
1.9853541851043701
1.882449746131897
1.7470483779907227
1.6438368558883667
1.5658631324768066
1.437958836555481
1.3862754106521606
16.021028518676758
15.38272762298584
14.340206146240234
13.248371124267578
12.804465293884277
12.396756172180176
12.18331241607666
12.055124282836914
11.998760223388672
11.9691801071167
3.620847463607788
3.5945050716400146
3.5119829177856445
3.3760721683502197
3.4007129669189453
3.2930285930633545
3.252554178237915
3.201127052307129
3.1432206630706787
3.110391616821289
7.013212203979492
6.965264797210693
6.910605430603027
6.833978176116943
6.753301620483398
6.721731185913086
6.668533802032471
6.586097717285156
6.542792320251465
6.490538120269775
15.027807235717773
14.739527702331543
14.094931602478027
13.368688583374023
12.502378463745117
11.599828720092773
10.641009330749512
9.850390434265137
9.174163818359375
8.62707233428955
2.9815847873687744
2.954745292663574
2.869696617126465
2.8150558471679688
2.775146007537842
2.6593270301818848
2.600097179412842
2.532557964324951
2.4823646545410156
2.448812961578369
15.264554023742676
15.155072212219238
14.872607231140137
14.629361152648926
14.454385757446289
14.377079010009766
14.234436988830566
14.151753425598145
13.910788536071777
13.794212341308594
2.6619455814361572
2.599813222885132
2.556318521499634
2.509500026702881
2.4809961318969727
2.466076374053955
2.406567335128784
2.3364853858947754
2.284879446029663
2.271066427230835
16.249317169189453
15.628661155700684
15.377202033996582
14.938492774963379
14.632254600524902
14.208348274230957
13.9265718460083
13.598647117614746
13.09643268585205
12.796792030334473
2.3564295768737793
2.171217203140259
2.0320053100585938
1.9252420663833618
1.692095398902893
1.5744783878326416
1.4803866147994995
1.3330212831497192
1.2864043712615967
1.1947518587112427
2.245161294937134
2.258227825164795
2.206552028656006
2.2215049266815186
2.1610631942749023
2.124560594558716
2.0644757747650146
2.045781373977661
1.9920357465744019
2.008399248123169
17.0003719329834
16.328466415405273
15.781217575073242
14.761957168579102
14.019426345825195
13.535832405090332
12.748855590820312
12.542513847351074
12.140972137451172
11.565641403198242
5.947805404663086
5.7183074951171875
5.6592302322387695
5.44364070892334
5.253273010253906
5.139145374298096
5.068717956542969
4.9608683586120605
4.8381547927856445
4.745124340057373
5.4434123039245605
5.492613315582275
5.484452247619629
5.456698894500732
5.434032917022705
5.343386173248291
5.318342685699463
5.280632019042969
5.266979694366455
5.255013942718506
0.10436899214982986
0.10196404904127121
0.0993136614561081
0.09521950036287308
0.09993518143892288
0.08278793841600418
0.08953683823347092
0.08175607770681381
0.0821002796292305
0.08581777662038803
18.38912010192871
18.41977882385254
17.879758834838867
18.097412109375
17.913114547729492
17.72638511657715
17.39748191833496
17.1740779876709
16.598751068115234
16.36332893371582
12.592982292175293
12.094655990600586
12.018221855163574
11.674641609191895
11.400287628173828
11.00379467010498
10.59028148651123
9.955889701843262
9.327892303466797
8.51742935180664
6.453019142150879
5.699783802032471
5.18168830871582
4.63181209564209
4.08983850479126
3.560631036758423
3.0242691040039062
2.513913631439209
2.033526659011841
1.6367782354354858
31.63829231262207
30.266918182373047
28.887409210205078
27.5969181060791
26.569969177246094
25.85776710510254
25.342233657836914
24.78882598876953
24.273664474487305
23.769115447998047
4.984282493591309
4.990350723266602
4.970177173614502
4.874328136444092
4.880199432373047
4.841757774353027
4.797366142272949
4.798275470733643
4.714949607849121
4.708548545837402
13.262099266052246
12.991025924682617
12.926433563232422
12.712793350219727
12.600873947143555
12.387590408325195
12.123918533325195
11.982605934143066
11.9432954788208
11.668909072875977
2.0501768589019775
1.9561922550201416
1.8644083738327026
1.8236289024353027
1.7214012145996094
1.7379738092422485
1.6334850788116455
1.620100975036621
1.5655490159988403
1.49918794631958
2.457434892654419
2.40010929107666
2.3364200592041016
2.3005175590515137
2.2772693634033203
2.250242233276367
2.1904044151306152
2.1918225288391113
2.1254658699035645
2.097412347793579
10.203224182128906
10.132779121398926
9.894704818725586
9.614669799804688
9.685315132141113
9.457694053649902
9.218884468078613
9.191667556762695
9.0487642288208
8.915416717529297
4.993210315704346
4.93348503112793
4.773072719573975
4.667569637298584
4.638521671295166
4.52345085144043
4.427239418029785
4.379705905914307
4.243001937866211
4.232711315155029
4.89101505279541
4.812212944030762
4.741227626800537
4.731592655181885
4.664957523345947
4.576257705688477
4.4849348068237305
4.430453300476074
4.336967468261719
4.264248847961426
0.9838970303535461
0.9232196807861328
0.8387584686279297
0.7988187670707703
0.7605136036872864
0.7435994148254395
0.6930235624313354
0.6839867234230042
0.6537155508995056
0.6024110913276672
25.268421173095703
24.718120574951172
24.20245933532715
23.743417739868164
23.03097152709961
22.26035499572754
21.635433197021484
20.88343620300293
20.37723731994629
20.16287612915039
15.337949752807617
14.76806640625
14.697346687316895
14.339927673339844
13.932546615600586
13.86097526550293
13.579440116882324
13.434700965881348
13.22087574005127
12.865817070007324
5.4183526039123535
5.3400468826293945
5.263457775115967
5.169030666351318
5.091803550720215
4.980768203735352
4.885758399963379
4.770506858825684
4.695836067199707
4.496519088745117
22.543563842773438
20.828855514526367
19.74370574951172
18.81265640258789
17.59222984313965
16.328113555908203
15.120802879333496
13.954558372497559
13.34079647064209
12.248412132263184
11.907068252563477
11.045812606811523
10.058297157287598
9.39255428314209
8.334128379821777
7.312453269958496
6.459258079528809
5.362243175506592
4.649419784545898
3.879408121109009
13.640392303466797
12.78018569946289
12.229169845581055
11.468628883361816
10.812149047851562
10.001871109008789
9.062051773071289
7.727242469787598
6.267984867095947
4.2190022468566895
48.328880310058594
47.490516662597656
46.778743743896484
46.09529113769531
45.18651580810547
43.75080490112305
42.39881896972656
40.51897430419922
38.6328125
36.85527801513672
2.877293109893799
2.867460012435913
2.8677916526794434
2.8127286434173584
2.774857521057129
2.741180181503296
2.7485060691833496
2.7033793926239014
2.6397507190704346
2.639460563659668
13.44974136352539
13.226346015930176
12.814960479736328
12.360258102416992
11.770845413208008
11.418264389038086
10.95074462890625
10.73948860168457
10.572230339050293
10.095376014709473
3.8276309967041016
3.6672606468200684
3.4306838512420654
3.2165729999542236
3.1110692024230957
3.014338970184326
2.812562942504883
2.7561123371124268
2.574005126953125
2.4621574878692627
4.3613810539245605
4.338850498199463
4.330900192260742
4.3038177490234375
4.2380290031433105
4.214720249176025
4.185946941375732
4.176447868347168
4.118385314941406
4.0966925621032715
0.6371086239814758
0.6242029666900635
0.6312859058380127
0.5729852914810181
0.5937961935997009
0.4940219819545746
0.5255470871925354
0.483112096786499
0.44940513372421265
0.42260244488716125
23.60133934020996
23.17860221862793
22.112152099609375
22.051969528198242
21.091732025146484
21.0528507232666
20.96750259399414
20.78277015686035
20.376785278320312
16.797222137451172
4.244400501251221
4.188841342926025
4.187638759613037
4.134908676147461
4.136961936950684
4.069465637207031
4.020854949951172
3.9952425956726074
3.9758033752441406
3.9520187377929688
18.056474685668945
17.603771209716797
17.486967086791992
16.89015769958496
16.95855712890625
16.792694091796875
16.58685874938965
16.178325653076172
16.111127853393555
15.946821212768555
4.052468776702881
3.9991443157196045
3.9022138118743896
3.8489558696746826
3.8593873977661133
3.7768235206604004
3.698876142501831
3.6616034507751465
3.600970983505249
3.5718994140625
17.868030548095703
17.660917282104492
17.564647674560547
17.359743118286133
17.04898452758789
17.161211013793945
17.03945541381836
16.730098724365234
16.70481300354004
16.590194702148438
15.554004669189453
15.26517391204834
15.290328979492188
14.943825721740723
15.037277221679688
14.765897750854492
14.663366317749023
14.69471263885498
14.761157989501953
14.312518119812012
7.15839147567749
6.807286262512207
6.333625793457031
5.995551109313965
5.739691257476807
5.405472755432129
5.098175048828125
4.802737712860107
4.55450963973999
4.292388439178467
2.146927833557129
2.08032488822937
2.051905393600464
1.9736204147338867
1.9681991338729858
1.843611717224121
1.9250166416168213
1.8225460052490234
1.8282455205917358
1.7248685359954834
7.387908935546875
7.2630462646484375
7.149574279785156
6.905693054199219
6.8281168937683105
6.680809020996094
6.563973903656006
6.450006484985352
6.230958938598633
6.2194647789001465
3.5630879402160645
3.234548807144165
3.0152153968811035
2.676978349685669
2.5758719444274902
2.424898862838745
2.050722599029541
2.090799331665039
1.8009531497955322
1.7439261674880981
16.578594207763672
15.70905590057373
14.549211502075195
12.776897430419922
11.419105529785156
10.741924285888672
10.320843696594238
9.943168640136719
9.644170761108398
9.441604614257812
2.7559375762939453
2.549180746078491
2.395508050918579
2.253389596939087
2.1219120025634766
1.9716737270355225
1.890170931816101
1.6929757595062256
1.617043375968933
1.4682488441467285
7.321305274963379
7.196786880493164
7.121409893035889
7.02459192276001
6.98034143447876
6.75897741317749
6.777434825897217
6.696624279022217
6.615396499633789
6.481517791748047
6.483493328094482
6.223669052124023
6.14738130569458
5.846431732177734
5.378811836242676
4.746946811676025
3.946441173553467
3.2385385036468506
2.882068395614624
2.6100525856018066
20.789283752441406
19.957096099853516
20.09764289855957
19.430070877075195
19.261669158935547
19.203350067138672
18.791019439697266
18.785600662231445
18.17816162109375
18.341508865356445
4.332230091094971
4.291698932647705
4.052460193634033
4.0202317237854
3.957439661026001
3.870081901550293
3.720034599304199
3.536583662033081
3.3581104278564453
3.2330210208892822
25.646169662475586
24.866268157958984
24.490705490112305
23.824974060058594
23.307870864868164
22.63874626159668
21.668479919433594
20.734783172607422
20.49833869934082
19.734375
4.15365743637085
4.0641069412231445
3.890099287033081
3.6768927574157715
3.517012357711792
3.40765380859375
3.3011183738708496
3.1798479557037354
3.0758419036865234
2.9597091674804688
13.621774673461914
13.543755531311035
13.470876693725586
13.117339134216309
13.05100154876709
12.920191764831543
12.63546085357666
12.576350212097168
12.343645095825195
12.323348999023438
3.3067712783813477
3.287450075149536
3.221557378768921
3.1732735633850098
3.1094796657562256
3.0402019023895264
2.9805731773376465
2.940267324447632
2.898618459701538
2.885627269744873
11.466586112976074
11.309295654296875
10.830625534057617
10.345002174377441
10.24117374420166
9.924554824829102
9.675637245178223
9.48055648803711
9.125096321105957
8.928829193115234
3.0237221717834473
2.950321912765503
2.924281358718872
2.6866204738616943
2.545368194580078
2.4900765419006348
2.408083915710449
2.351536512374878
2.2466888427734375
2.140319347381592
5.795131206512451
5.565784931182861
5.46964693069458
5.4156494140625
5.37844181060791
5.21436882019043
5.178672790527344
5.118912696838379
5.086999416351318
4.95578145980835
0.6094592809677124
0.5911349654197693
0.47870293259620667
0.4949128329753876
0.4612802267074585
0.4438799023628235
0.34726741909980774
0.3980933725833893
0.3648468554019928
0.3158375918865204
22.611099243164062
21.849472045898438
21.26174545288086
20.604568481445312
20.12137222290039
19.073135375976562
18.412412643432617
17.869165420532227
17.317007064819336
16.7482852935791
