4.237472057342529
4.219699382781982
4.237641334533691
4.207138538360596
4.180343151092529
4.178501605987549
4.167738437652588
4.1900129318237305
4.240746974945068
4.223247528076172
77.15909576416016
75.50437927246094
74.51615905761719
73.48152923583984
72.85779571533203
72.3654556274414
71.20579528808594
70.40843200683594
69.54351806640625
68.84794616699219
3.686406373977661
3.6884751319885254
3.6901745796203613
3.6931560039520264
3.689361333847046
3.6891672611236572
3.6798198223114014
3.6834278106689453
3.686095952987671
3.684473991394043
12.1292142868042
11.945603370666504
12.002481460571289
11.954202651977539
11.82088851928711
11.810101509094238
11.837471008300781
11.718390464782715
11.715497016906738
11.689265251159668
3.596877336502075
3.5970425605773926
3.5963900089263916
3.5976274013519287
3.595457077026367
3.5949864387512207
3.5952818393707275
3.594095468521118
3.5942797660827637
3.5939652919769287
4.115933418273926
4.116792678833008
4.116916179656982
4.117147445678711
4.1165080070495605
4.115748405456543
4.1154608726501465
4.116132736206055
4.115187644958496
4.115622043609619
3.312309741973877
3.310856580734253
3.310760259628296
3.3017499446868896
3.3052282333374023
3.3062758445739746
3.301602363586426
3.299748182296753
3.302229642868042
3.299084186553955
20.56377601623535
20.44110107421875
20.350074768066406
20.302303314208984
20.17152214050293
20.026586532592773
19.950592041015625
19.87809944152832
19.722558975219727
19.7283935546875
3.8941240310668945
3.8928213119506836
3.893810987472534
3.8943045139312744
3.8925514221191406
3.894111156463623
3.893101930618286
3.8940563201904297
3.8935511112213135
3.8945276737213135
3.806715965270996
3.806148052215576
3.8063955307006836
3.8066747188568115
3.8050453662872314
3.8066246509552
3.8061258792877197
3.8052425384521484
3.8067824840545654
3.806500196456909
10.04666519165039
9.953961372375488
9.910140037536621
9.907388687133789
9.839656829833984
9.745073318481445
9.790860176086426
9.762914657592773
9.662424087524414
9.605730056762695
3.781073808670044
3.782125949859619
3.779853582382202
3.7805607318878174
3.781926155090332
3.7803781032562256
3.7828421592712402
3.78228759765625
3.7821669578552246
3.781338930130005
86.74811553955078
83.3497085571289
77.54081726074219
67.18445587158203
56.10557556152344
48.66047286987305
42.45508575439453
38.128517150878906
34.39719772338867
30.614025115966797
2.4922993183135986
2.4939653873443604
2.4864425659179688
2.4901394844055176
2.4897971153259277
2.482232093811035
2.480010509490967
2.4722230434417725
2.4760348796844482
2.4688451290130615
16.48470115661621
16.39356231689453
16.28781509399414
16.38846206665039
16.299726486206055
16.34528160095215
16.224184036254883
16.12296485900879
15.962166786193848
15.879907608032227
14.167571067810059
14.072904586791992
13.837316513061523
13.619645118713379
13.391167640686035
12.967843055725098
12.567863464355469
12.157208442687988
11.569101333618164
11.058897018432617
7.011015892028809
6.711675643920898
6.445093631744385
6.164881229400635
5.905858039855957
5.66629695892334
5.421623229980469
5.167491912841797
4.9989705085754395
4.841399669647217
31.621517181396484
31.16973114013672
30.61331558227539
29.71685028076172
28.911806106567383
27.559600830078125
26.0732421875
24.108779907226562
22.09034538269043
20.107559204101562
3.5293445587158203
3.5482964515686035
3.548410177230835
3.5429470539093018
3.5463297367095947
3.5357937812805176
3.538451910018921
3.542985439300537
3.5358922481536865
3.5396957397460938
23.449295043945312
23.34872817993164
23.251625061035156
23.04901885986328
22.974164962768555
22.903579711914062
22.756155014038086
22.6998348236084
22.648101806640625
22.59031867980957
3.1484005451202393
3.1613776683807373
3.14473032951355
3.161731243133545
3.152313709259033
3.1551907062530518
3.1337573528289795
3.144338607788086
3.140328884124756
3.1476006507873535
15.726520538330078
15.699295043945312
15.640639305114746
15.556930541992188
15.485004425048828
15.412490844726562
15.375669479370117
15.334074020385742
15.258949279785156
15.193765640258789
3.508963108062744
3.5154476165771484
3.5199785232543945
3.5102505683898926
3.514150857925415
3.5155134201049805
3.504368305206299
3.4984183311462402
3.4952173233032227
3.5011281967163086
24.640438079833984
24.342628479003906
24.028963088989258
23.86014175415039
23.515113830566406
23.287752151489258
22.77942657470703
22.422761917114258
21.869630813598633
21.267934799194336
5.289656639099121
4.09596061706543
3.338453769683838
2.7254562377929688
2.4709057807922363
2.246370315551758
2.1167469024658203
1.9888062477111816
1.977317214012146
1.9563891887664795
49.817291259765625
49.40242004394531
49.085365295410156
48.733951568603516
48.36354064941406
47.960594177246094
47.7516975402832
47.3634147644043
46.966529846191406
46.60068893432617
3.6884231567382812
3.684917449951172
3.6860246658325195
3.6824917793273926
3.6832516193389893
3.684596300125122
3.6826419830322266
3.6844675540924072
3.6843512058258057
3.6842844486236572
14.864755630493164
14.472034454345703
13.981916427612305
13.654481887817383
13.345769882202148
12.925714492797852
12.573310852050781
12.367542266845703
11.946672439575195
11.67280387878418
3.8612515926361084
3.861952304840088
3.8613736629486084
3.8627309799194336
3.8624978065490723
3.8620710372924805
3.862010955810547
3.8627026081085205
3.861455202102661
3.8621973991394043
5.658567905426025
5.64777135848999
5.633232116699219
5.63167142868042
5.652900218963623
5.636385440826416
5.6228132247924805
5.626652717590332
5.618001461029053
5.615264892578125
3.241755247116089
3.2190816402435303
3.2053961753845215
3.2088725566864014
3.205638885498047
3.2069246768951416
3.1821744441986084
3.151784896850586
3.157344341278076
3.143522024154663
20.048114776611328
19.750520706176758
19.460031509399414
19.330320358276367
19.048490524291992
18.849437713623047
18.825775146484375
18.587242126464844
18.418441772460938
18.16200065612793
3.3669984340667725
3.346787929534912
3.3102550506591797
3.3147494792938232
3.3197381496429443
3.321342706680298
3.3254847526550293
3.308189868927002
3.2867915630340576
3.255443572998047
5.305080413818359
5.326597690582275
5.289656162261963
5.283435821533203
5.296016693115234
5.241238117218018
5.279053211212158
5.237668991088867
5.247853755950928
5.171764850616455
2.6143553256988525
2.5867137908935547
2.5872416496276855
2.5814616680145264
2.587049722671509
2.5820343494415283
2.5884547233581543
2.5847625732421875
2.56398344039917
2.5786097049713135
9.4791841506958
9.411134719848633
9.23306941986084
9.188244819641113
9.109207153320312
8.97817611694336
8.872974395751953
8.834024429321289
8.782819747924805
8.556849479675293
3.703911304473877
3.703455924987793
3.7035791873931885
3.7035703659057617
3.7033987045288086
3.7038381099700928
3.7038629055023193
3.703787326812744
3.7035763263702393
3.7034146785736084
3.674717664718628
3.6744680404663086
3.6745944023132324
3.674565076828003
3.6746623516082764
3.67454195022583
3.6746182441711426
3.674541711807251
3.674760103225708
3.6746885776519775
3.9618968963623047
3.9615957736968994
3.9617912769317627
3.961528778076172
3.9617292881011963
3.9616236686706543
3.9614431858062744
3.9617247581481934
3.961793899536133
3.9618186950683594
3.9690418243408203
3.9679088592529297
3.9667770862579346
3.967866897583008
3.9661378860473633
3.9680216312408447
3.9669973850250244
3.966341972351074
3.9681763648986816
3.967315435409546
3.8230247497558594
3.822693347930908
3.818385124206543
3.822782516479492
3.824294090270996
3.820596694946289
3.824244499206543
3.824157953262329
3.824035882949829
3.8221945762634277
4.448808193206787
4.430825233459473
4.402635097503662
4.372983932495117
4.357357978820801
4.3473052978515625
4.3464155197143555
4.301302433013916
4.304245471954346
4.283175468444824
3.411166191101074
3.420628786087036
3.3929824829101562
3.360278367996216
3.3753929138183594
3.3441855907440186
3.3317935466766357
3.336026191711426
3.3201138973236084
3.3122174739837646
14.988664627075195
14.999198913574219
14.797465324401855
14.599588394165039
14.444499015808105
14.232465744018555
14.268512725830078
14.114039421081543
13.944568634033203
13.865297317504883
3.6627817153930664
3.6738312244415283
3.6403894424438477
3.6169323921203613
3.6043736934661865
3.6423823833465576
3.591096878051758
3.592836856842041
3.5993547439575195
3.5913543701171875
6.677113056182861
6.723844051361084
6.681792259216309
6.689594745635986
6.662947177886963
6.604501247406006
6.584540843963623
6.576745986938477
6.564964771270752
6.538238048553467
3.059006452560425
3.076648235321045
3.080383062362671
3.046055793762207
3.0609099864959717
3.0547943115234375
3.057114601135254
3.0705740451812744
3.0472445487976074
3.0434389114379883
7.234960556030273
7.174736022949219
7.1421027183532715
7.059670448303223
7.000417709350586
6.940227508544922
6.898125648498535
6.951479911804199
6.828022003173828
6.797396659851074
3.0918073654174805
3.0851049423217773
3.0722250938415527
3.071626901626587
3.0753695964813232
3.0786173343658447
3.070964813232422
3.0793251991271973
3.066801071166992
3.0728652477264404
5.865901947021484
5.8282084465026855
5.821164131164551
5.7956438064575195
5.768757343292236
5.76658821105957
5.745540618896484
5.74329137802124
5.695314407348633
5.68418025970459
3.0574097633361816
3.0595593452453613
3.058520793914795
3.0574159622192383
3.054133176803589
3.0571346282958984
3.052483081817627
3.0512728691101074
3.056867837905884
3.0546998977661133
7.6813740730285645
7.619183540344238
7.558796405792236
7.521060943603516
7.4290666580200195
7.398844242095947
7.338393211364746
7.3321213722229
7.253155708312988
7.242829322814941
3.2126147747039795
3.210871458053589
3.220057487487793
3.2058699131011963
3.216604709625244
3.215524673461914
3.216066598892212
3.207392930984497
3.2067372798919678
3.2050468921661377
5.861572742462158
5.8588385581970215
5.767367362976074
5.727392673492432
5.711658954620361
5.621684551239014
5.595268249511719
5.5584282875061035
5.520334720611572
5.4330854415893555
3.3100075721740723
3.301673173904419
3.2917768955230713
3.256826400756836
3.249871253967285
3.2560224533081055
3.261964797973633
3.2393665313720703
3.2224907875061035
3.2033374309539795
11.326416015625
11.198185920715332
10.911023139953613
10.744385719299316
10.601028442382812
10.561695098876953
10.34312915802002
10.12111759185791
10.090911865234375
9.926090240478516
2.802022933959961
2.747317314147949
2.7432408332824707
2.752249240875244
2.6878910064697266
2.7017266750335693
2.6974668502807617
2.6715304851531982
2.672670841217041
2.624692440032959
3.2911276817321777
3.286497116088867
3.2932281494140625
3.2769224643707275
3.270098924636841
3.294931173324585
3.256260633468628
3.2563021183013916
3.249093532562256
3.2315804958343506
5.286150932312012
5.329977989196777
5.18041467666626
5.242189884185791
5.155121326446533
5.113941669464111
5.122135639190674
5.013770580291748
4.997335433959961
4.949240207672119
12.475966453552246
12.39052963256836
12.351527214050293
12.224710464477539
12.1946439743042
12.034269332885742
12.068707466125488
12.024654388427734
11.911179542541504
11.8826265335083
3.0941543579101562
3.091278314590454
3.0872864723205566
3.084364175796509
3.0919175148010254
3.0827715396881104
3.097477912902832
3.0898051261901855
3.0860981941223145
3.0877902507781982
7.400774002075195
7.326204776763916
7.257193088531494
7.1954569816589355
7.175440311431885
7.075500011444092
7.018383502960205
6.9587883949279785
6.909814357757568
6.838991641998291
3.2988381385803223
3.3000895977020264
3.2863829135894775
3.29500150680542
3.2878963947296143
3.298252820968628
3.290484666824341
3.2920124530792236
3.294041395187378
3.2939672470092773
13.646343231201172
13.6024808883667
13.536612510681152
13.578936576843262
13.536954879760742
13.487154006958008
13.4459810256958
13.33996868133545
13.335140228271484
13.25187873840332
3.3175652027130127
3.3134512901306152
3.3235280513763428
3.3013839721679688
3.3084099292755127
3.305007219314575
3.3021154403686523
3.309659719467163
3.3111863136291504
3.311063051223755
10.673466682434082
10.428943634033203
10.235234260559082
9.938963890075684
9.808231353759766
9.75797176361084
9.580903053283691
9.440924644470215
9.270326614379883
9.185304641723633
3.097749710083008
3.079129934310913
3.0785770416259766
3.048821210861206
3.0001885890960693
3.0050387382507324
3.0051612854003906
2.9987597465515137
3.015326738357544
2.980343818664551
13.758597373962402
13.527318954467773
13.245382308959961
12.883301734924316
12.52056884765625
12.285884857177734
12.063946723937988
11.674666404724121
11.573667526245117
11.288538932800293
2.861985683441162
2.9043619632720947
2.8822219371795654
2.8625001907348633
2.8265862464904785
2.8140182495117188
2.805173873901367
2.7980151176452637
2.7895758152008057
2.7326529026031494
2.8157997131347656
2.806705951690674
2.809696912765503
2.8281819820404053
2.798551321029663
2.81325626373291
2.7898757457733154
2.7807769775390625
2.770705223083496
2.782665252685547
32.42942428588867
31.767244338989258
31.063785552978516
30.4653377532959
29.65104103088379
29.046091079711914
28.23910903930664
27.518739700317383
26.663097381591797
25.69219970703125
2.437199354171753
2.45241117477417
2.367305278778076
2.3111281394958496
2.305797576904297
2.253019094467163
2.2547457218170166
2.178778648376465
2.168527841567993
2.110213041305542
2.9673943519592285
2.9763524532318115
2.9735281467437744
2.967926025390625
2.95776629447937
2.9604971408843994
2.966045379638672
2.961688756942749
2.9595260620117188
2.9543333053588867
22.847461700439453
22.827838897705078
22.731876373291016
22.521343231201172
22.326810836791992
22.191537857055664
21.9679012298584
21.859130859375
21.514633178710938
21.404691696166992
2.801281213760376
2.788600444793701
2.78041934967041
2.7448906898498535
2.7589335441589355
2.762380599975586
2.7594640254974365
2.74635648727417
2.7206037044525146
2.7248904705047607
4.322066783905029
4.328223705291748
4.323843955993652
4.32420015335083
4.320539474487305
4.297926425933838
4.275720596313477
4.296375751495361
4.2610931396484375
4.274775981903076
3.2465364933013916
3.209913492202759
3.218090772628784
3.19392466545105
3.1868813037872314
3.1449925899505615
3.1676886081695557
3.1569418907165527
3.1370062828063965
3.1269588470458984
18.04740333557129
14.37829875946045
12.975419044494629
12.454166412353516
12.14013957977295
11.80606746673584
11.52707576751709
11.261588096618652
11.018014907836914
10.643250465393066
3.5133612155914307
3.5209732055664062
3.513380527496338
3.461168050765991
3.4269964694976807
3.4619100093841553
3.4060139656066895
3.4196274280548096
3.410912275314331
3.4005305767059326
13.10391616821289
12.876651763916016
12.41683292388916
12.102170944213867
11.735079765319824
11.432157516479492
11.360694885253906
10.945301055908203
10.665223121643066
10.381719589233398
2.9336647987365723
2.93650221824646
2.9167909622192383
2.8815207481384277
2.8683948516845703
2.7966973781585693
2.7970781326293945
2.788989543914795
2.7676637172698975
2.7224791049957275
6.835168361663818
6.674463748931885
6.6346211433410645
6.596785068511963
6.484795570373535
6.385473728179932
6.381341934204102
6.295358657836914
6.209510326385498
6.1752824783325195
3.156935930252075
3.1863772869110107
3.154759645462036
3.1395437717437744
3.0978636741638184
3.0665929317474365
3.034282922744751
3.068225145339966
3.022559881210327
2.989783525466919
8.951557159423828
8.7888822555542
8.677165031433105
8.50499153137207
8.299227714538574
8.158912658691406
7.952402591705322
7.845325946807861
7.581689357757568
7.4831671714782715
2.6402926445007324
2.633410692214966
2.6313366889953613
2.5766751766204834
2.6129841804504395
2.5803234577178955
2.5736536979675293
2.5734493732452393
2.574470043182373
2.572050094604492
3.852041006088257
3.8312876224517822
3.843722343444824
3.8104593753814697
3.828610420227051
3.7939016819000244
3.807267189025879
3.7896628379821777
3.7953310012817383
3.779467821121216
18.403066635131836
17.12828254699707
15.640832901000977
14.21800708770752
13.422768592834473
12.987051010131836
12.297469139099121
11.742361068725586
11.31309700012207
10.684659957885742
2.4257307052612305
2.4408035278320312
2.376798629760742
2.3913378715515137
2.3526899814605713
2.3959341049194336
2.359482765197754
2.3579015731811523
2.3376996517181396
2.3394503593444824
4.252956867218018
4.153189182281494
4.056589126586914
3.9779155254364014
3.8726606369018555
3.7999932765960693
3.722038745880127
3.6273419857025146
3.6217849254608154
3.5606837272644043
18.531591415405273
17.112417221069336
15.797801971435547
14.911593437194824
14.316512107849121
13.555062294006348
12.931933403015137
12.345039367675781
11.536172866821289
10.993422508239746
3.103245735168457
3.0949814319610596
3.127760410308838
2.9958956241607666
3.0775156021118164
3.083861827850342
3.0755882263183594
2.992542028427124
2.924344539642334
2.958137035369873
22.466001510620117
21.196659088134766
20.04159927368164
19.25735855102539
17.97251319885254
17.459674835205078
16.659774780273438
16.1262264251709
15.391963005065918
15.202749252319336
1.6080451011657715
1.5597492456436157
1.5945948362350464
1.5369826555252075
1.4356777667999268
1.3734599351882935
1.2750836610794067
1.2550207376480103
1.1941778659820557
1.1975891590118408
11.731348991394043
11.207695960998535
10.909223556518555
10.537869453430176
10.233993530273438
9.90202522277832
9.556392669677734
9.383166313171387
9.022672653198242
8.872979164123535
2.2021596431732178
2.10294508934021
2.1221022605895996
2.14976167678833
2.027135133743286
1.9532005786895752
1.9384355545043945
1.864984393119812
1.8796005249023438
1.8982343673706055
15.957864761352539
15.585175514221191
15.304577827453613
15.081387519836426
14.50735855102539
14.249518394470215
13.932600975036621
13.691880226135254
13.383761405944824
13.298648834228516
3.1611487865448
3.164299488067627
3.139679431915283
3.1373291015625
3.1284492015838623
3.1330626010894775
3.1357972621917725
3.1161108016967773
3.0937917232513428
3.113466262817383
12.63554573059082
12.156655311584473
11.953399658203125
11.8965425491333
11.408515930175781
11.16020393371582
10.585456848144531
10.183451652526855
9.606269836425781
9.087432861328125
3.105660915374756
3.1047747135162354
3.098679542541504
3.105745553970337
3.091820478439331
3.067822217941284
3.0460023880004883
3.059946298599243
3.051069974899292
3.0411550998687744
19.75611114501953
19.279451370239258
18.953886032104492
18.61504554748535
18.223751068115234
17.955137252807617
17.552366256713867
17.157041549682617
16.917057037353516
16.42845344543457
2.047909736633301
2.0131263732910156
1.9921143054962158
1.9826374053955078
1.9561525583267212
1.9757578372955322
1.9213486909866333
1.9048593044281006
1.9029911756515503
1.902892827987671
4.144893646240234
4.126275539398193
4.168238639831543
4.137396812438965
4.13018274307251
4.1412506103515625
4.126460075378418
4.105896949768066
4.139772891998291
4.1355366706848145
2.986882209777832
2.9518702030181885
2.9258360862731934
2.9222609996795654
2.8978850841522217
2.8795177936553955
2.844434976577759
2.828185558319092
2.8097684383392334
2.7730584144592285
14.034199714660645
13.755633354187012
13.779215812683105
13.42704963684082
13.094099044799805
12.971351623535156
12.86042594909668
12.476812362670898
12.366847038269043
12.225362777709961
3.06900691986084
3.016187906265259
2.938072681427002
2.9869470596313477
2.8972744941711426
2.899322748184204
2.8707005977630615
2.8454244136810303
2.903642177581787
2.7245442867279053
11.517017364501953
11.163677215576172
11.099577903747559
10.85917854309082
10.653020858764648
10.396438598632812
10.276378631591797
10.121602058410645
9.94888687133789
9.868032455444336
2.2526261806488037
2.2376229763031006
2.210742235183716
2.1567795276641846
2.1698198318481445
2.0801782608032227
2.0347485542297363
2.075045108795166
2.0027432441711426
1.9679559469223022
7.794684410095215
7.743161201477051
7.577436447143555
7.519781112670898
7.3870530128479
7.332025051116943
7.212972164154053
7.156607151031494
7.063446044921875
6.937312126159668
2.3997511863708496
2.404879570007324
2.3313417434692383
2.3355588912963867
2.3496031761169434
2.348618745803833
2.291752815246582
2.300751209259033
2.264718532562256
2.2904622554779053
11.727824211120605
11.6337890625
11.500372886657715
11.368430137634277
11.24755859375
11.091697692871094
10.992918014526367
10.757781028747559
10.57964038848877
10.431987762451172
3.0815138816833496
3.044189453125
3.047058343887329
3.0714473724365234
3.051877498626709
3.0116071701049805
3.0325167179107666
3.0359528064727783
2.9940712451934814
3.0065619945526123
8.1278076171875
8.027482032775879
7.8910908699035645
7.747256278991699
7.631772041320801
7.546678066253662
7.366217136383057
7.259767055511475
7.0492329597473145
6.9550862312316895
1.4964847564697266
1.4240014553070068
1.3727892637252808
1.2874380350112915
1.255760908126831
1.2384755611419678
1.1329209804534912
1.0870522260665894
1.0636540651321411
1.020241618156433
4.969358921051025
4.921286582946777
4.925713539123535
4.88713264465332
4.907342433929443
4.869899749755859
4.868577480316162
4.83358907699585
4.817282676696777
4.813565254211426
3.0762369632720947
3.0110762119293213
3.035512685775757
2.994697332382202
2.977857828140259
2.997166633605957
2.9140377044677734
2.889066457748413
2.892427444458008
2.934375762939453
10.06784725189209
9.93145751953125
9.564553260803223
9.641721725463867
9.384735107421875
9.240913391113281
9.147660255432129
8.915369987487793
8.820789337158203
8.637598037719727
2.9459829330444336
2.9449751377105713
2.7870187759399414
2.8161404132843018
2.6811299324035645
2.656473159790039
2.5711007118225098
2.6110591888427734
2.5050885677337646
2.42527437210083
7.839619159698486
7.705295562744141
7.487424850463867
7.317290782928467
7.233403205871582
7.019987106323242
6.885798454284668
6.782985210418701
6.609428405761719
6.468108654022217
2.3153419494628906
2.3226327896118164
2.263278007507324
2.224926471710205
2.2237398624420166
2.1954782009124756
2.17787766456604
2.1458003520965576
2.185476064682007
2.055227279663086
15.461294174194336
15.339266777038574
15.075077056884766
14.992520332336426
14.723100662231445
14.40892219543457
14.384345054626465
14.113801002502441
13.873285293579102
13.663419723510742
3.9490675926208496
3.682774543762207
3.488943576812744
3.468245506286621
3.340193748474121
3.258704900741577
3.238858938217163
3.189789056777954
3.182908535003662
3.157963752746582
34.429351806640625
34.1701545715332
33.942230224609375
33.77320098876953
33.57792663574219
33.31440734863281
33.092315673828125
32.870548248291016
32.6182746887207
32.49169158935547
3.090099334716797
3.0626204013824463
3.0372955799102783
3.056567668914795
3.056725263595581
3.0075953006744385
3.008512020111084
2.9956090450286865
3.0095160007476807
2.993659019470215
28.92776870727539
25.00993537902832
19.71663475036621
16.77980613708496
14.300104141235352
13.31527042388916
12.787497520446777
12.324831008911133
12.062655448913574
11.852741241455078
5.661854267120361
5.516819477081299
5.3986101150512695
5.401150226593018
5.292006969451904
5.23890495300293
5.162792682647705
5.049373626708984
5.041848659515381
4.97166109085083
18.61016845703125
18.034753799438477
17.4916934967041
16.832576751708984
15.757661819458008
14.647931098937988
13.74766731262207
11.68809986114502
9.860008239746094
7.5662713050842285
2.332486867904663
2.311218500137329
2.2822206020355225
2.3332972526550293
2.288604497909546
2.289403200149536
2.267029285430908
2.2780561447143555
2.2131173610687256
2.2316954135894775
15.73598575592041
15.047501564025879
14.427978515625
13.801315307617188
13.072128295898438
12.445808410644531
11.874969482421875
11.634387969970703
11.195168495178223
10.70820426940918
2.9921133518218994
2.99977707862854
2.824528694152832
2.826547145843506
2.6729907989501953
2.5905888080596924
2.4607412815093994
2.3524417877197266
2.331920623779297
2.2282395362854004
6.644556045532227
6.433472633361816
6.157609462738037
6.046013832092285
5.810153007507324
5.665714740753174
5.469404697418213
5.241015911102295
5.086066722869873
4.9745049476623535
13.59964656829834
11.692778587341309
10.570658683776855
9.37682056427002
8.043773651123047
6.615294933319092
5.324585437774658
4.250614166259766
3.5177624225616455
2.9289491176605225
35.406288146972656
34.313316345214844
33.04386901855469
30.832664489746094
29.34821319580078
27.757659912109375
26.322294235229492
25.347951889038086
23.8465576171875
22.988014221191406
6.479619026184082
6.346492290496826
6.090950965881348
5.867562294006348
5.708704471588135
5.5693159103393555
5.480287075042725
5.333152770996094
5.3045430183410645
5.115542411804199
3.4502687454223633
3.418273687362671
3.3090827465057373
3.2411551475524902
3.133537530899048
3.109046220779419
2.9783480167388916
3.017463207244873
2.98404860496521
2.9393320083618164
30.42281723022461
26.69790267944336
20.021577835083008
11.175410270690918
7.287586688995361
6.241306304931641
5.863157272338867
5.565597057342529
5.346925735473633
5.259779453277588
2.1864013671875
2.190011501312256
2.176706314086914
2.1416666507720947
2.1429426670074463
2.1412601470947266
2.0941097736358643
2.094416856765747
2.0875096321105957
2.068361282348633
5.133189678192139
5.144965648651123
5.1135454177856445
5.065834999084473
5.065548896789551
5.066895008087158
5.031424522399902
5.011934757232666
5.011853218078613
4.965281009674072
2.4865448474884033
2.5093040466308594
2.423272132873535
2.4561753273010254
2.3940577507019043
2.368499755859375
2.341097593307495
2.3076751232147217
2.2755534648895264
2.204468011856079
2.9148662090301514
2.8515710830688477
2.863966226577759
2.7386209964752197
2.758981227874756
2.6993634700775146
2.6852476596832275
2.6488850116729736
2.600072145462036
2.634314775466919
10.542120933532715
9.990949630737305
9.77900218963623
9.588937759399414
9.21623420715332
9.0576171875
8.87450122833252
8.658425331115723
8.397514343261719
8.388940811157227
3.6962215900421143
3.5566344261169434
3.4904632568359375
3.528740406036377
3.4349184036254883
3.248328685760498
3.2689602375030518
3.13073992729187
3.0829312801361084
2.969801187515259
7.918385982513428
7.899236679077148
7.8256940841674805
7.749182224273682
7.8076653480529785
7.719648838043213
7.643392562866211
7.640421390533447
7.609333515167236
7.464345455169678
2.8643391132354736
2.8719263076782227
2.9013867378234863
2.8056557178497314
2.82022762298584
2.705920696258545
2.7056326866149902
2.754105806350708
2.6875901222229004
2.6521382331848145
6.87838888168335
6.782510757446289
6.660736560821533
6.617397785186768
6.563213348388672
6.548386573791504
6.4502434730529785
6.4668073654174805
6.376866817474365
6.373940467834473
25.333898544311523
24.953453063964844
24.669462203979492
24.28470802307129
24.0334529876709
23.598051071166992
23.191835403442383
22.800220489501953
22.553604125976562
22.303327560424805
3.025991678237915
2.9852330684661865
3.007983922958374
2.961019277572632
2.876091241836548
2.922325611114502
2.8779380321502686
2.845750093460083
2.868159294128418
2.8367810249328613
14.078363418579102
13.765114784240723
13.579033851623535
13.1732759475708
12.891912460327148
12.58958625793457
12.18372631072998
11.832771301269531
11.523275375366211
11.19414234161377
1.6503973007202148
1.5576114654541016
1.634049654006958
1.556939959526062
1.4869117736816406
1.4661431312561035
1.3933358192443848
1.3597209453582764
1.4183475971221924
1.306085228919983
20.376026153564453
19.9840087890625
19.657241821289062
19.28760528564453
18.90373420715332
18.682531356811523
18.298152923583984
17.943073272705078
17.750011444091797
17.311729431152344
2.4848902225494385
2.488171100616455
2.4372940063476562
2.4870166778564453
2.3881170749664307
2.3933324813842773
2.3391571044921875
2.3263959884643555
2.2889277935028076
2.246802806854248
2.4489550590515137
2.4699738025665283
2.4676601886749268
2.3589906692504883
2.39571213722229
2.4363255500793457
2.332707643508911
2.3267295360565186
2.3667802810668945
2.299131393432617
13.652881622314453
13.24310302734375
12.838655471801758
12.190505981445312
11.651054382324219
11.132604598999023
10.597070693969727
10.010003089904785
9.315481185913086
9.010986328125
1.703818678855896
1.5946696996688843
1.5468958616256714
1.542298674583435
1.3859843015670776
1.423370599746704
1.3663134574890137
1.2969516515731812
1.1983009576797485
1.1748642921447754
5.062209129333496
4.959805965423584
4.860429763793945
4.731785297393799
4.63423490524292
4.531301498413086
4.450558185577393
4.295886039733887
4.252658367156982
4.148275375366211
25.051403045654297
22.730545043945312
19.349462509155273
15.541625022888184
13.011309623718262
11.168742179870605
10.010080337524414
9.555782318115234
8.76086139678955
8.39712142944336
4.593654155731201
4.531484603881836
4.476564407348633
4.476715087890625
4.490463733673096
4.4757609367370605
4.48024845123291
4.378326416015625
4.370242595672607
4.383408069610596
9.873175621032715
8.61787223815918
7.670045375823975
7.172825813293457
6.834793567657471
6.456330299377441
6.264573097229004
6.053064823150635
5.968568325042725
5.966959476470947
19.147594451904297
18.63828468322754
18.292356491088867
17.95909309387207
17.50772476196289
17.136898040771484
16.814008712768555
16.396141052246094
15.969879150390625
15.688718795776367
3.141767978668213
3.1358659267425537
3.147132635116577
3.1421849727630615
3.111582040786743
3.1134541034698486
3.1112399101257324
3.095414876937866
3.0775911808013916
3.1005752086639404
9.296405792236328
9.220090866088867
9.172147750854492
9.058521270751953
8.9718017578125
8.890177726745605
8.795333862304688
8.760011672973633
8.62874984741211
8.513370513916016
2.77600359916687
2.779653310775757
2.7792656421661377
2.764746904373169
2.769077777862549
2.7561566829681396
2.758734703063965
2.747253656387329
2.742331027984619
2.7452752590179443
7.637705326080322
7.5648980140686035
7.5100226402282715
7.454061985015869
7.399916172027588
7.373276710510254
7.319052219390869
7.240909576416016
7.224957466125488
7.194406509399414
4.056207180023193
4.073395252227783
4.054728984832764
4.010086536407471
4.019970417022705
3.97029972076416
3.965449094772339
3.9529623985290527
3.9324262142181396
3.9151768684387207
16.573822021484375
15.893112182617188
15.478407859802246
14.878704071044922
14.093794822692871
13.562302589416504
12.872099876403809
12.302111625671387
11.572421073913574
11.160436630249023
2.9833123683929443
2.869074821472168
2.7934117317199707
2.7455379962921143
2.607978343963623
2.544839859008789
2.5737078189849854
2.4706645011901855
2.378361940383911
2.317018747329712
7.926759719848633
7.676004409790039
7.6221747398376465
7.393446445465088
7.26240348815918
7.078949451446533
6.977177619934082
6.822685718536377
6.682673454284668
6.500779628753662
3.9129250049591064
3.882593870162964
3.876924514770508
3.834728240966797
3.780534267425537
3.6953182220458984
3.7126197814941406
3.725813865661621
3.6756958961486816
3.642880439758301
5.028454780578613
4.993080139160156
4.956389904022217
4.894689559936523
4.792366981506348
4.7523298263549805
4.7222371101379395
4.7024712562561035
4.610675811767578
4.491533279418945
2.7041656970977783
2.6933979988098145
2.680790662765503
2.7042958736419678
2.669194221496582
2.6694202423095703
2.661068916320801
2.660944700241089
2.6650052070617676
2.6483213901519775
15.205196380615234
14.720303535461426
14.442151069641113
14.039657592773438
13.8099365234375
13.561141014099121
13.321381568908691
13.102849006652832
12.827335357666016
12.734379768371582
3.316716432571411
3.317129611968994
3.2857377529144287
3.2921974658966064
3.286675214767456
3.2852416038513184
3.2784714698791504
3.2546987533569336
3.256162643432617
3.250516891479492
20.946073532104492
20.307931900024414
19.67172622680664
18.90302276611328
17.949697494506836
17.015838623046875
16.18071746826172
15.58691120147705
15.189294815063477
14.753561973571777
3.315887689590454
3.306920051574707
3.272298812866211
3.252887487411499
3.233177900314331
3.208616256713867
3.213982343673706
3.2189183235168457
3.182953357696533
3.165802001953125
26.239688873291016
24.260784149169922
21.90895652770996
18.116159439086914
13.381645202636719
12.900687217712402
12.23940372467041
11.890109062194824
11.437544822692871
11.338701248168945
3.5723392963409424
3.521254777908325
3.527346611022949
3.4852328300476074
3.4657459259033203
3.4484195709228516
3.422356128692627
3.36232590675354
3.4194231033325195
3.37007737159729
11.802797317504883
11.657577514648438
11.288768768310547
10.91695499420166
10.689640045166016
10.529294967651367
10.213208198547363
9.982848167419434
9.690327644348145
9.400117874145508
3.0076208114624023
2.9237287044525146
2.8413631916046143
2.7199623584747314
2.6912684440612793
2.5996994972229004
2.5185558795928955
2.405304193496704
2.318009853363037
2.304478168487549
4.425616264343262
4.271783828735352
4.175209045410156
4.081153869628906
3.9576268196105957
3.8362741470336914
3.6361942291259766
3.5169999599456787
3.4188735485076904
3.311265230178833
6.1109938621521
5.862771511077881
5.465015411376953
5.162280082702637
4.991788864135742
4.648018836975098
4.6873273849487305
4.36354923248291
4.283947944641113
4.160312175750732
29.086599349975586
27.87162971496582
26.826438903808594
25.976966857910156
25.07046127319336
24.00143051147461
23.58673858642578
22.30767059326172
22.02220916748047
21.233684539794922
3.3024725914001465
3.347113847732544
3.1963775157928467
3.264625072479248
3.24114990234375
3.139183521270752
3.118649959564209
3.085529088973999
3.11527419090271
3.0468909740448
6.558172702789307
6.365649700164795
6.148288726806641
5.995911598205566
5.857233047485352
5.449946880340576
5.255274772644043
5.177058696746826
4.926309585571289
4.70647668838501
1.3857769966125488
1.338062047958374
1.3173893690109253
1.3251965045928955
1.252210259437561
1.2604176998138428
1.2114057540893555
1.212024211883545
1.1602293252944946
1.1955643892288208
11.59392261505127
11.396289825439453
11.022119522094727
10.916472434997559
10.512918472290039
10.309444427490234
10.004788398742676
9.824273109436035
9.551105499267578
9.311185836791992
3.0194919109344482
2.993651866912842
2.982391357421875
2.986492156982422
2.9398441314697266
2.9451165199279785
2.9519481658935547
2.899582862854004
2.9176764488220215
2.8747196197509766
5.9229865074157715
5.730291366577148
5.5481696128845215
5.261262893676758
5.069921493530273
4.850967884063721
4.485082149505615
4.217415809631348
3.9268229007720947
3.7815635204315186
2.7460386753082275
2.7628889083862305
2.6947669982910156
2.678786516189575
2.6371989250183105
2.640538215637207
2.559236526489258
2.570857048034668
2.535902500152588
2.570742130279541
9.902670860290527
9.266810417175293
8.710622787475586
8.16903305053711
7.774337291717529
7.385534286499023
7.167523384094238
7.100413799285889
6.920961856842041
6.733091831207275
2.6045725345611572
2.5778682231903076
2.4956881999969482
2.4492859840393066
2.448164224624634
2.432032585144043
2.410132646560669
2.295037269592285
2.295027732849121
2.299422264099121
4.875536918640137
4.864494800567627
4.77870512008667
4.724687576293945
4.74430513381958
4.655266284942627
4.615654468536377
4.530531883239746
4.503151893615723
4.486139297485352
0.5938689708709717
0.5773301124572754
0.5364959239959717
0.5465463995933533
0.5517492890357971
0.5367213487625122
0.5554817914962769
0.5066934823989868
0.5214341282844543
0.5273550152778625
5.3681721687316895
5.32033109664917
5.277716636657715
5.21195125579834
5.164424419403076
5.100567817687988
5.052176475524902
5.0093207359313965
4.917433261871338
4.906177043914795
11.251864433288574
10.78150749206543
10.187642097473145
9.925683975219727
9.34542465209961
8.879137992858887
8.33257007598877
8.104532241821289
7.393060207366943
6.863771438598633
3.6303133964538574
3.5185999870300293
3.4899163246154785
3.4259860515594482
3.2919816970825195
3.22080659866333
3.1092031002044678
3.0037338733673096
2.8599720001220703
2.7503576278686523
5.063838005065918
5.027873992919922
5.013406276702881
4.914278984069824
4.875063896179199
4.833804607391357
4.793616771697998
4.7764482498168945
4.770695209503174
4.6908745765686035
3.1556761264801025
2.857393741607666
2.542792320251465
2.3440489768981934
2.161522150039673
1.983009696006775
1.9086090326309204
1.8804035186767578
1.787456750869751
1.6736234426498413
33.59782409667969
32.27348709106445
31.166709899902344
30.104476928710938
29.125885009765625
28.502145767211914
27.825973510742188
27.394481658935547
26.88792610168457
26.389299392700195
2.9730958938598633
2.966444253921509
2.9331557750701904
2.917145013809204
2.914158821105957
2.9249603748321533
2.90396785736084
2.9151973724365234
2.8952271938323975
2.8781330585479736
2.65254807472229
2.6454665660858154
2.6253106594085693
2.6367688179016113
2.5843565464019775
2.5998711585998535
2.5777018070220947
2.5490429401397705
2.575450897216797
2.6042957305908203
12.730907440185547
12.321240425109863
11.905290603637695
11.49905014038086
11.126953125
10.802624702453613
10.439981460571289
10.103449821472168
9.661430358886719
9.370109558105469
1.8584233522415161
1.7156490087509155
1.7191704511642456
1.6426907777786255
1.5871330499649048
1.5279815196990967
1.4767998456954956
1.3928759098052979
1.3363398313522339
1.282565712928772
9.191590309143066
9.029645919799805
8.883397102355957
8.745081901550293
8.612853050231934
8.521284103393555
8.397745132446289
8.24679946899414
8.251871109008789
8.13756275177002
3.098794460296631
2.945065498352051
2.8896403312683105
2.695683002471924
2.6576478481292725
2.6314101219177246
2.494513511657715
2.5214314460754395
2.322012424468994
2.302384614944458
6.4277119636535645
6.161391258239746
6.043213844299316
5.879979610443115
5.768157958984375
5.5914764404296875
5.399229049682617
5.298176288604736
5.234857559204102
5.127654552459717
17.970930099487305
17.121673583984375
16.548137664794922
15.963326454162598
15.46854305267334
15.058009147644043
14.785236358642578
14.298487663269043
14.109688758850098
13.851306915283203
2.705925464630127
2.6812849044799805
2.6459474563598633
2.6541054248809814
2.6210474967956543
2.621350049972534
2.6306827068328857
2.6133952140808105
2.597038745880127
2.560250997543335
18.386289596557617
18.185832977294922
17.90496253967285
17.632417678833008
17.43984603881836
17.24651336669922
17.008516311645508
16.722644805908203
16.546302795410156
16.228927612304688
3.1161932945251465
3.1421470642089844
3.1212122440338135
3.0889084339141846
3.0520405769348145
3.0065762996673584
3.0151851177215576
2.988614082336426
2.9744651317596436
2.9740347862243652
19.96175765991211
19.61127281188965
19.037315368652344
18.606172561645508
18.274316787719727
17.82167625427246
17.432411193847656
16.938549041748047
16.55712890625
16.174846649169922
3.511658191680908
3.5068130493164062
3.5003037452697754
3.494891881942749
3.4746742248535156
3.4797935485839844
3.474686861038208
3.441629409790039
3.4549400806427
3.4414517879486084
2.694546699523926
2.6241297721862793
2.6102302074432373
2.618413209915161
2.5555505752563477
2.5289108753204346
2.5296926498413086
2.485985279083252
2.457097053527832
2.416099786758423
7.823964595794678
7.677186965942383
7.421060085296631
7.400591850280762
7.321009159088135
7.233961582183838
7.059889316558838
6.935133934020996
6.8405442237854
6.788794994354248
2.3584187030792236
2.278073787689209
2.2124648094177246
2.1592166423797607
2.172887086868286
2.0475964546203613
2.086099147796631
2.005831718444824
1.9569779634475708
1.9278600215911865
9.68871021270752
9.621362686157227
9.564087867736816
9.423371315002441
9.33330249786377
9.277777671813965
9.115612983703613
9.026471138000488
8.974837303161621
8.873779296875
1.7573000192642212
1.7517704963684082
1.7617435455322266
1.6537320613861084
1.606457233428955
1.609699010848999
1.5409718751907349
1.4549363851547241
1.4212979078292847
1.4485459327697754
7.37691068649292
7.2475385665893555
7.171117305755615
7.04935359954834
6.946147441864014
6.914906978607178
6.785619258880615
6.788388729095459
6.692692279815674
6.661131381988525
25.540359497070312
24.115976333618164
22.175718307495117
20.64185333251953
19.619304656982422
19.090232849121094
18.554048538208008
18.186246871948242
17.894901275634766
17.627315521240234
3.250345230102539
3.230356216430664
3.22621750831604
3.2188541889190674
3.2055888175964355
3.195578098297119
3.1929783821105957
3.189143419265747
3.176121234893799
3.1898632049560547
26.729028701782227
22.107282638549805
26.504182815551758
20.101587295532227
22.228796005249023
22.454221725463867
17.863971710205078
17.51270866394043
18.283599853515625
17.86105728149414
4.1634907722473145
3.8603286743164062
3.49932599067688
3.121411085128784
2.864151954650879
2.6491434574127197
2.500433921813965
2.397549867630005
2.4017112255096436
2.260798931121826
24.458723068237305
24.093576431274414
23.74212646484375
23.512836456298828
23.030519485473633
22.67513656616211
22.370359420776367
21.801197052001953
21.23250961303711
20.8795166015625
5.163132667541504
5.054361343383789
5.020695209503174
4.930539608001709
4.936427116394043
4.847516059875488
4.825894355773926
4.698365211486816
4.725302696228027
4.608571529388428
2.6833128929138184
2.654104709625244
2.576604127883911
2.5555002689361572
2.5832273960113525
2.5468709468841553
2.5131475925445557
2.4806458950042725
2.4380688667297363
2.406637668609619
7.658206462860107
7.285979747772217
7.095203399658203
6.870372772216797
6.560222148895264
6.29385232925415
5.965123653411865
5.760518550872803
5.5262227058410645
5.3417229652404785
4.067093849182129
4.07949686050415
3.736823081970215
3.6574032306671143
3.483220100402832
3.411594867706299
3.411827802658081
3.2872421741485596
3.187471389770508
3.0134270191192627
9.11861801147461
8.95623779296875
8.845394134521484
8.69068431854248
8.613944053649902
8.479493141174316
8.416862487792969
8.238389015197754
7.981983661651611
8.030867576599121
2.459042549133301
2.395937919616699
2.2808828353881836
2.264638900756836
2.215190887451172
2.1481194496154785
2.1142139434814453
2.1153135299682617
2.040297031402588
2.023789405822754
8.995597839355469
8.845504760742188
8.659659385681152
8.559932708740234
8.437969207763672
8.295884132385254
8.06537914276123
8.064071655273438
7.844592571258545
7.669229507446289
18.082651138305664
17.432708740234375
17.012165069580078
16.314838409423828
15.530831336975098
14.816425323486328
14.066414833068848
13.388565063476562
12.55140209197998
11.795304298400879
1.7982373237609863
1.7992069721221924
1.7603118419647217
1.7323110103607178
1.7049896717071533
1.7253133058547974
1.6722488403320312
1.6764633655548096
1.6823676824569702
1.6372390985488892
8.650202751159668
8.441596984863281
8.285690307617188
8.087061882019043
7.942892551422119
7.786129951477051
7.53648042678833
7.419460296630859
7.283909797668457
7.218225955963135
3.2317042350769043
3.198249340057373
3.202697277069092
3.1783292293548584
3.152195692062378
3.1461832523345947
3.144294500350952
3.0844764709472656
3.085094690322876
3.06946063041687
8.371986389160156
8.30070972442627
8.283608436584473
8.1197509765625
8.08504581451416
7.982113838195801
7.811369895935059
7.689609527587891
7.544895648956299
7.432065486907959
2.3387632369995117
2.2799599170684814
2.225116491317749
2.16790771484375
2.1765382289886475
2.0341970920562744
2.0416812896728516
2.0055243968963623
1.941185474395752
1.869261622428894
2.2822659015655518
2.193136215209961
2.217715263366699
2.183910608291626
2.166175603866577
2.1622836589813232
2.1993534564971924
2.14131498336792
2.120044231414795
2.123641014099121
12.022065162658691
11.23157787322998
10.560027122497559
9.879515647888184
9.208915710449219
8.64296817779541
7.995526313781738
7.556774139404297
7.157786846160889
6.8744282722473145
4.389747619628906
4.248265266418457
3.9712250232696533
3.950629949569702
3.6982944011688232
3.595613479614258
3.5121188163757324
3.3663418292999268
3.2369203567504883
3.2540438175201416
4.894894599914551
4.865079402923584
4.770389080047607
4.735380172729492
4.673313140869141
4.593763828277588
4.541271209716797
4.472107410430908
4.480660438537598
4.3816328048706055
1.665061593055725
1.4008262157440186
1.22808837890625
0.9584292769432068
0.8611502051353455
0.768744170665741
0.7882772088050842
0.646533727645874
0.5673359632492065
0.5880853533744812
32.56428146362305
31.814786911010742
31.374469757080078
30.706411361694336
29.88969612121582
29.436098098754883
28.738811492919922
28.300573348999023
27.80377769470215
27.331544876098633
6.898797035217285
6.669448375701904
6.51683235168457
6.3096489906311035
6.107996940612793
6.031496524810791
5.8509087562561035
5.778106212615967
5.674087047576904
5.6043829917907715
16.798446655273438
15.341893196105957
13.815666198730469
12.307686805725098
10.54549503326416
8.906982421875
6.843947410583496
5.071930885314941
3.766993284225464
2.8798768520355225
29.5625057220459
28.893917083740234
28.156816482543945
27.495105743408203
26.839305877685547
26.071985244750977
25.361045837402344
24.56094741821289
23.810951232910156
22.974599838256836
3.0883002281188965
3.094719648361206
3.0905869007110596
3.0575647354125977
3.037716865539551
3.043333053588867
3.029008388519287
3.0189497470855713
3.011563301086426
3.009972095489502
14.33530330657959
14.0377779006958
13.866738319396973
13.689641952514648
13.393211364746094
13.241460800170898
13.052850723266602
12.75922966003418
12.645488739013672
12.465429306030273
2.7582144737243652
2.728116512298584
2.7032549381256104
2.700735569000244
2.7110860347747803
2.68278169631958
2.6929919719696045
2.691061496734619
2.6958651542663574
2.680929660797119
2.388888120651245
2.338336229324341
2.3368911743164062
2.330730438232422
2.332082509994507
2.291505813598633
2.2542903423309326
2.289976119995117
2.264538526535034
2.272554397583008
14.5816068649292
14.159566879272461
13.603394508361816
13.239134788513184
12.94497013092041
12.414627075195312
12.341553688049316
11.792306900024414
11.490368843078613
11.250487327575684
3.1028335094451904
3.0838961601257324
3.0110995769500732
2.8591067790985107
2.7471764087677
2.7309694290161133
2.5574731826782227
2.5474891662597656
2.3365213871002197
2.312084197998047
3.9226632118225098
3.911807060241699
3.9262003898620605
3.892465353012085
3.8668410778045654
3.8385071754455566
3.8246726989746094
3.822772979736328
3.818788528442383
3.8207530975341797
1.25581955909729
1.2860701084136963
1.3940763473510742
1.1322740316390991
1.0313453674316406
0.8973006010055542
0.7894889116287231
0.7560871839523315
0.7497460842132568
0.7428379654884338
21.474149703979492
20.80018424987793
20.201679229736328
19.356388092041016
18.393783569335938
17.493560791015625
16.818286895751953
15.830957412719727
14.9430570602417
14.067731857299805
