4.237472057342529
4.219699382781982
4.237641334533691
4.207138538360596
4.180343151092529
4.178501605987549
4.167738437652588
4.1900129318237305
4.240746974945068
4.223247528076172
77.15909576416016
75.50437927246094
74.51615905761719
73.48152923583984
72.85779571533203
72.3654556274414
71.20579528808594
70.40843200683594
69.54351806640625
68.84794616699219
3.686406373977661
3.6884751319885254
3.6901745796203613
3.6931560039520264
3.689361333847046
3.6891672611236572
3.6798198223114014
3.6834278106689453
3.686095952987671
3.684473991394043
12.1292142868042
11.945603370666504
12.002481460571289
11.954202651977539
11.82088851928711
11.810101509094238
11.837471008300781
11.718390464782715
11.715497016906738
11.689265251159668
3.596877336502075
3.5970425605773926
3.5963900089263916
3.5976274013519287
3.595457077026367
3.5949864387512207
3.5952818393707275
3.594095468521118
3.5942797660827637
3.5939652919769287
4.115933418273926
4.116792678833008
4.116916179656982
4.117147445678711
4.1165080070495605
4.115748405456543
4.1154608726501465
4.116132736206055
4.115187644958496
4.115622043609619
3.312309741973877
3.310856580734253
3.310760259628296
3.3017499446868896
3.3052282333374023
3.3062758445739746
3.301602363586426
3.299748182296753
3.302229642868042
3.299084186553955
20.56377601623535
20.44110107421875
20.350074768066406
20.302303314208984
20.17152214050293
20.026586532592773
19.950592041015625
19.87809944152832
19.722558975219727
19.7283935546875
3.8941240310668945
3.8928213119506836
3.893810987472534
3.8943045139312744
3.8925514221191406
3.894111156463623
3.893101930618286
3.8940563201904297
3.8935511112213135
3.8945276737213135
3.806715965270996
3.806148052215576
3.8063955307006836
3.8066747188568115
3.8050453662872314
3.8066246509552
3.8061258792877197
3.8052425384521484
3.8067824840545654
3.806500196456909
10.04666519165039
9.953961372375488
9.910140037536621
9.907388687133789
9.839656829833984
9.745073318481445
9.790860176086426
9.762914657592773
9.662424087524414
9.605730056762695
3.781073808670044
3.782125949859619
3.779853582382202
3.7805607318878174
3.781926155090332
3.7803781032562256
3.7828421592712402
3.78228759765625
3.7821669578552246
3.781338930130005
86.74811553955078
83.3497085571289
77.54081726074219
67.18445587158203
56.10557556152344
48.66047286987305
42.45508575439453
38.128517150878906
34.39719772338867
30.614025115966797
2.4922993183135986
2.4939653873443604
2.4864425659179688
2.4901394844055176
2.4897971153259277
2.482232093811035
2.480010509490967
2.4722230434417725
2.4760348796844482
2.4688451290130615
16.48470115661621
16.39356231689453
16.28781509399414
16.38846206665039
16.299726486206055
16.34528160095215
16.224184036254883
16.12296485900879
15.962166786193848
15.879907608032227
14.167571067810059
14.072904586791992
13.837316513061523
13.619645118713379
13.391167640686035
12.967843055725098
12.567863464355469
12.157208442687988
11.569101333618164
11.058897018432617
7.011015892028809
6.711675643920898
6.445093631744385
6.164881229400635
5.905858039855957
5.66629695892334
5.421623229980469
5.167491912841797
4.9989705085754395
4.841399669647217
31.621517181396484
31.16973114013672
30.61331558227539
29.71685028076172
28.911806106567383
27.559600830078125
26.0732421875
24.108779907226562
22.09034538269043
20.107559204101562
3.5293445587158203
3.5482964515686035
3.548410177230835
3.5429470539093018
3.5463297367095947
3.5357937812805176
3.538451910018921
3.542985439300537
3.5358922481536865
3.5396957397460938
23.449295043945312
23.34872817993164
23.251625061035156
23.04901885986328
22.974164962768555
22.903579711914062
22.756155014038086
22.6998348236084
22.648101806640625
22.59031867980957
3.1484005451202393
3.1613776683807373
3.14473032951355
3.161731243133545
3.152313709259033
3.1551907062530518
3.1337573528289795
3.144338607788086
3.140328884124756
3.1476006507873535
15.726520538330078
15.699295043945312
15.640639305114746
15.556930541992188
15.485004425048828
15.412490844726562
15.375669479370117
15.334074020385742
15.258949279785156
15.193765640258789
3.508963108062744
3.5154476165771484
3.5199785232543945
3.5102505683898926
3.514150857925415
3.5155134201049805
3.504368305206299
3.4984183311462402
3.4952173233032227
3.5011281967163086
24.640438079833984
24.342628479003906
24.028963088989258
23.86014175415039
23.515113830566406
23.287752151489258
22.77942657470703
22.422761917114258
21.869630813598633
21.267934799194336
5.289656639099121
4.09596061706543
3.338453769683838
2.7254562377929688
2.4709057807922363
2.246370315551758
2.1167469024658203
1.9888062477111816
1.977317214012146
1.9563891887664795
49.817291259765625
49.40242004394531
49.085365295410156
48.733951568603516
48.36354064941406
47.960594177246094
47.7516975402832
47.3634147644043
46.966529846191406
46.60068893432617
3.6884231567382812
3.684917449951172
3.6860246658325195
3.6824917793273926
3.6832516193389893
3.684596300125122
3.6826419830322266
3.6844675540924072
3.6843512058258057
3.6842844486236572
14.864755630493164
14.472034454345703
13.981916427612305
13.654481887817383
13.345769882202148
12.925714492797852
12.573310852050781
12.367542266845703
11.946672439575195
11.67280387878418
3.8612515926361084
3.861952304840088
3.8613736629486084
3.8627309799194336
3.8624978065490723
3.8620710372924805
3.862010955810547
3.8627026081085205
3.861455202102661
3.8621973991394043
5.658567905426025
5.64777135848999
5.633232116699219
5.63167142868042
5.652900218963623
5.636385440826416
5.6228132247924805
5.626652717590332
5.618001461029053
5.615264892578125
3.241755247116089
3.2190816402435303
3.2053961753845215
3.2088725566864014
3.205638885498047
3.2069246768951416
3.1821744441986084
3.151784896850586
3.157344341278076
3.143522024154663
20.048114776611328
19.750520706176758
19.460031509399414
19.330320358276367
19.048490524291992
18.849437713623047
18.825775146484375
18.587242126464844
18.418441772460938
18.16200065612793
3.3669984340667725
3.346787929534912
3.3102550506591797
3.3147494792938232
3.3197381496429443
3.321342706680298
3.3254847526550293
3.308189868927002
3.2867915630340576
3.255443572998047
5.305080413818359
5.326597690582275
5.289656162261963
5.283435821533203
5.296016693115234
5.241238117218018
5.279053211212158
5.237668991088867
5.247853755950928
5.171764850616455
2.6143553256988525
2.5867137908935547
2.5872416496276855
2.5814616680145264
2.587049722671509
2.5820343494415283
2.5884547233581543
2.5847625732421875
2.56398344039917
2.5786097049713135
9.4791841506958
9.411134719848633
9.23306941986084
9.188244819641113
9.109207153320312
8.97817611694336
8.872974395751953
8.834024429321289
8.782819747924805
8.556849479675293
3.703911304473877
3.703455924987793
3.7035791873931885
3.7035703659057617
3.7033987045288086
3.7038381099700928
3.7038629055023193
3.703787326812744
3.7035763263702393
3.7034146785736084
3.674717664718628
3.6744680404663086
3.6745944023132324
3.674565076828003
3.6746623516082764
3.67454195022583
3.6746182441711426
3.674541711807251
3.674760103225708
3.6746885776519775
3.9618968963623047
3.9615957736968994
3.9617912769317627
3.961528778076172
3.9617292881011963
3.9616236686706543
3.9614431858062744
3.9617247581481934
3.961793899536133
3.9618186950683594
3.9690418243408203
3.9679088592529297
3.9667770862579346
3.967866897583008
3.9661378860473633
3.9680216312408447
3.9669973850250244
3.966341972351074
3.9681763648986816
3.967315435409546
3.8230247497558594
3.822693347930908
3.818385124206543
3.822782516479492
3.824294090270996
3.820596694946289
3.824244499206543
3.824157953262329
3.824035882949829
3.8221945762634277
4.448808193206787
4.430825233459473
4.402635097503662
4.372983932495117
4.357357978820801
4.3473052978515625
4.3464155197143555
4.301302433013916
4.304245471954346
4.283175468444824
3.411166191101074
3.420628786087036
3.3929824829101562
3.360278367996216
3.3753929138183594
3.3441855907440186
3.3317935466766357
3.336026191711426
3.3201138973236084
3.3122174739837646
14.988664627075195
14.999198913574219
14.797465324401855
14.599588394165039
14.444499015808105
14.232465744018555
14.268512725830078
14.114039421081543
13.944568634033203
13.865297317504883
3.6627817153930664
3.6738312244415283
3.6403894424438477
3.6169323921203613
3.6043736934661865
3.6423823833465576
3.591096878051758
3.592836856842041
3.5993547439575195
3.5913543701171875
6.677113056182861
6.723844051361084
6.681792259216309
6.689594745635986
6.662947177886963
6.604501247406006
6.584540843963623
6.576745986938477
6.564964771270752
6.538238048553467
3.059006452560425
3.076648235321045
3.080383062362671
3.046055793762207
3.0609099864959717
3.0547943115234375
3.057114601135254
3.0705740451812744
3.0472445487976074
3.0434389114379883
7.234960556030273
7.174736022949219
7.1421027183532715
7.059670448303223
7.000417709350586
6.940227508544922
6.898125648498535
6.951479911804199
6.828022003173828
6.797396659851074
