4.237472057342529
4.219699382781982
4.237641334533691
4.207138538360596
4.180343151092529
4.178501605987549
4.167738437652588
4.1900129318237305
4.240746974945068
4.223247528076172
77.17188262939453
75.51750183105469
74.52444458007812
73.47903442382812
72.8580322265625
72.36299133300781
71.19461059570312
70.4118423461914
69.56123352050781
68.87223815917969
3.6872153282165527
3.688828229904175
3.689532518386841
3.692300319671631
3.6904072761535645
3.688647508621216
3.6803345680236816
3.684333086013794
3.6862993240356445
3.684086799621582
12.051867485046387
11.86439323425293
11.921895027160645
11.87105941772461
11.731598854064941
11.726529121398926
11.757850646972656
11.643120765686035
11.636824607849121
11.611645698547363
3.641420364379883
3.6415657997131348
3.6407153606414795
3.6427485942840576
3.640671491622925
3.6397197246551514
3.640075445175171
3.6396093368530273
3.6382176876068115
3.6395070552825928
4.037385940551758
4.0363054275512695
4.037267208099365
4.037937641143799
4.037410736083984
4.036972522735596
4.036983013153076
4.037795543670654
4.035138130187988
4.036920547485352
3.3906726837158203
3.3895018100738525
3.391087055206299
3.381699800491333
3.3858859539031982
3.3907670974731445
3.3840596675872803
3.3819785118103027
3.3822708129882812
3.3849434852600098
17.861675262451172
17.804523468017578
17.7491512298584
17.711759567260742
17.59989356994629
17.528350830078125
17.447900772094727
17.419429779052734
17.27617073059082
17.312904357910156
3.9110002517700195
3.910891056060791
3.9114067554473877
3.9117491245269775
3.911370277404785
3.910628080368042
3.9113125801086426
3.9115102291107178
3.9114513397216797
3.9115676879882812
3.8698089122772217
3.8695156574249268
3.8700361251831055
3.8702409267425537
3.869997024536133
3.8698832988739014
3.8698196411132812
3.869967222213745
3.8700037002563477
3.8699491024017334
3.962702989578247
3.963026523590088
3.9628403186798096
3.9631099700927734
3.9637463092803955
3.96278715133667
3.963599681854248
3.962864398956299
3.962658405303955
3.962040901184082
10.792576789855957
10.745052337646484
10.811358451843262
10.695338249206543
10.693602561950684
10.655996322631836
10.672076225280762
10.678887367248535
10.629677772521973
10.648088455200195
83.98834228515625
83.26428985595703
82.09268951416016
79.41873931884766
75.3690185546875
67.5262451171875
57.33419418334961
47.798126220703125
42.0682487487793
37.88671875
2.3938488960266113
2.395047903060913
2.3917083740234375
2.3948121070861816
2.3915457725524902
2.388882637023926
2.38222336769104
2.3806896209716797
2.3837814331054688
2.379866600036621
13.564937591552734
13.488290786743164
13.432147026062012
13.44268798828125
13.376849174499512
13.361529350280762
13.292908668518066
13.251747131347656
13.164228439331055
13.109270095825195
9.91395378112793
9.903581619262695
9.856937408447266
9.842796325683594
9.830099105834961
9.788264274597168
9.753643989562988
9.723335266113281
9.699984550476074
9.683353424072266
7.4847612380981445
7.4375319480896
7.4080305099487305
7.394712448120117
7.36397123336792
7.334714412689209
7.297501564025879
7.2601728439331055
7.225606918334961
7.204761505126953
5.761912822723389
5.726649761199951
5.733338832855225
5.707222938537598
5.694682598114014
5.6695075035095215
5.658223628997803
5.622912406921387
5.612883567810059
5.5834856033325195
3.352876901626587
3.350259304046631
3.343130111694336
3.348395586013794
3.3387398719787598
3.3383898735046387
3.3490519523620605
3.343562602996826
3.344836950302124
3.3359715938568115
28.49698829650879
28.399696350097656
28.159814834594727
27.927371978759766
27.68122100830078
27.354694366455078
27.091325759887695
26.969072341918945
26.742599487304688
26.547237396240234
3.254730463027954
3.2496347427368164
3.264507532119751
3.2339022159576416
3.2246973514556885
3.226893186569214
3.2297112941741943
3.224950075149536
3.2114017009735107
3.2100517749786377
44.6175651550293
44.523475646972656
44.34140396118164
44.14398193359375
43.995277404785156
43.65803909301758
43.309322357177734
42.767642974853516
41.879695892333984
40.50917053222656
21.588510513305664
17.90789222717285
13.152286529541016
7.789797306060791
4.632386684417725
4.024519443511963
3.9213345050811768
3.8668253421783447
3.8594324588775635
3.8289682865142822
35.75948715209961
34.68138885498047
33.350372314453125
31.43355369567871
29.0115909576416
25.445926666259766
21.134706497192383
17.73358154296875
15.184529304504395
13.081808090209961
7.540180683135986
5.37198543548584
4.291268825531006
3.756683588027954
3.6211752891540527
3.601057767868042
3.51369571685791
3.4573686122894287
3.463178873062134
3.4649477005004883
64.85143280029297
63.0911865234375
61.89177703857422
60.66081237792969
59.667198181152344
58.6135368347168
57.948768615722656
57.31632614135742
56.71754837036133
56.14269256591797
3.295605421066284
3.293698787689209
3.298330545425415
3.291656494140625
3.292459011077881
3.2967746257781982
3.294386148452759
3.296314239501953
3.2952535152435303
3.294207811355591
3.9447364807128906
3.94515323638916
3.9451065063476562
3.944769859313965
3.9449944496154785
3.94524884223938
3.9451420307159424
3.945305585861206
3.9453377723693848
3.945112943649292
21.609060287475586
21.647918701171875
21.531513214111328
21.44878578186035
21.448083877563477
21.2852840423584
21.336864471435547
21.245929718017578
21.16478157043457
21.08106231689453
3.8600714206695557
3.859670877456665
3.8601391315460205
3.858590602874756
3.860147714614868
3.8590309619903564
3.858978509902954
3.859178066253662
3.8570971488952637
3.8568239212036133
3.626997470855713
3.5937676429748535
3.5985300540924072
3.5726137161254883
3.589836597442627
3.5758209228515625
3.5484542846679688
3.5212137699127197
3.5113601684570312
3.5024354457855225
13.296426773071289
13.104097366333008
12.848185539245605
12.476234436035156
12.120022773742676
11.826542854309082
11.608916282653809
11.405258178710938
11.236886978149414
11.208025932312012
3.016378402709961
3.0170540809631348
3.012908697128296
3.005002021789551
3.0080316066741943
2.998006582260132
3.0106616020202637
3.005254030227661
3.0072903633117676
3.0090842247009277
3.2363436222076416
3.2362778186798096
3.2476391792297363
3.2312514781951904
3.2436435222625732
3.234807014465332
3.216928243637085
3.2385342121124268
3.2291526794433594
3.2106049060821533
29.928285598754883
29.70325469970703
29.39445686340332
28.96142578125
28.86724281311035
28.558021545410156
28.359638214111328
28.224557876586914
27.99618148803711
27.962060928344727
3.1230521202087402
3.1135382652282715
3.1238551139831543
3.0976102352142334
3.1102919578552246
3.100269079208374
3.101755142211914
3.1135618686676025
3.0906620025634766
3.082721471786499
5.529627799987793
5.551084041595459
5.514511585235596
5.526060104370117
5.503393173217773
5.506981372833252
5.4767889976501465
5.4507155418396
5.487482070922852
5.4456963539123535
3.8795158863067627
3.8783507347106934
3.8733484745025635
3.873234510421753
3.873112440109253
3.8745670318603516
3.872908592224121
3.872776508331299
3.873811960220337
3.8756678104400635
44.04364776611328
43.3680419921875
42.79258728027344
42.1053352355957
41.607574462890625
41.11275863647461
40.57460021972656
40.08639907836914
39.5843505859375
39.181861877441406
3.517803907394409
3.518402099609375
3.51814866065979
3.516092300415039
3.516954183578491
3.516231060028076
3.51719069480896
3.5165908336639404
3.5146641731262207
3.515157699584961
20.038440704345703
20.04039192199707
20.081512451171875
20.013729095458984
19.954511642456055
19.81680679321289
19.859643936157227
19.74993896484375
19.647714614868164
19.59049415588379
3.2073974609375
3.2007412910461426
3.207127094268799
3.196629762649536
3.203838348388672
3.198056697845459
3.1956913471221924
3.1954658031463623
3.1932260990142822
3.195998191833496
3.66991925239563
3.695249080657959
3.675851821899414
3.648232936859131
3.6652956008911133
3.611602306365967
3.624812126159668
3.582969903945923
3.5901036262512207
3.5293869972229004
12.049934387207031
11.996417045593262
11.922443389892578
11.882644653320312
11.84453296661377
11.787351608276367
11.76710319519043
11.669017791748047
11.63290786743164
11.599051475524902
2.816781520843506
2.830378770828247
2.827946424484253
2.8088808059692383
2.806213140487671
2.7968943119049072
2.7996346950531006
2.781237840652466
2.7812933921813965
2.7669780254364014
3.7186033725738525
3.717036008834839
3.711287498474121
3.6746740341186523
3.6838772296905518
3.689066171646118
3.675588846206665
3.699248790740967
3.6904683113098145
3.674910306930542
9.05595874786377
8.962587356567383
8.939196586608887
8.894481658935547
8.863868713378906
8.829302787780762
8.739129066467285
8.69222640991211
8.651310920715332
8.641630172729492
2.136493444442749
2.1370511054992676
2.10517954826355
2.1127538681030273
2.102116346359253
2.107314109802246
2.0939559936523438
2.0726499557495117
2.0563066005706787
2.0681910514831543
4.68087100982666
4.681011199951172
4.680859088897705
4.682157039642334
4.683379173278809
4.6815972328186035
4.681360244750977
4.6690802574157715
4.67302942276001
4.670834064483643
3.5493521690368652
3.5495104789733887
3.5491836071014404
3.5469253063201904
3.5498452186584473
3.546558380126953
3.5473949909210205
3.5473880767822266
3.5467417240142822
3.5491507053375244
3.6001250743865967
3.5991082191467285
3.600613832473755
3.599212884902954
3.597937822341919
3.5987236499786377
3.5990660190582275
3.599684476852417
3.6002485752105713
3.5991334915161133
3.4815163612365723
3.4810478687286377
3.4793758392333984
3.475766897201538
3.4850776195526123
3.4786362648010254
3.4772512912750244
3.476351499557495
3.4758846759796143
3.4765326976776123
11.0248441696167
10.987396240234375
10.936030387878418
10.959525108337402
10.952345848083496
10.903523445129395
10.841498374938965
10.887956619262695
10.827155113220215
10.81298828125
3.2584075927734375
3.257401943206787
3.2576520442962646
3.254805564880371
3.2617084980010986
3.252790927886963
3.2558090686798096
3.2457361221313477
3.244279384613037
3.251047134399414
3.509404420852661
3.478647232055664
3.4531214237213135
3.525679111480713
3.4759063720703125
3.4612181186676025
3.469935655593872
3.4189321994781494
3.442399501800537
3.3904526233673096
8.567450523376465
8.440402030944824
8.421110153198242
8.276609420776367
8.207286834716797
8.17857837677002
8.11375904083252
8.117159843444824
8.070793151855469
8.02175235748291
2.596914291381836
2.579216480255127
2.5946459770202637
2.5536205768585205
2.5467939376831055
2.5276386737823486
2.532914161682129
2.521561622619629
2.4984147548675537
2.504021167755127
3.523993730545044
3.526278018951416
3.5258867740631104
3.5123109817504883
3.5230274200439453
3.518587589263916
3.5021395683288574
3.503932476043701
3.498232841491699
3.5048327445983887
18.906869888305664
18.54163932800293
18.152793884277344
17.946033477783203
17.61360740661621
17.185142517089844
16.769771575927734
16.35381317138672
15.964118957519531
15.514301300048828
3.1058127880096436
3.105496644973755
3.096867322921753
3.09037184715271
3.0710601806640625
3.0759010314941406
3.05564022064209
3.046015739440918
3.032141923904419
3.047501802444458
3.560598611831665
3.5594825744628906
3.561067819595337
3.5579679012298584
3.560060501098633
3.55737042427063
3.556652307510376
3.5567171573638916
3.557187795639038
3.5607573986053467
6.836273670196533
6.810741424560547
6.829654693603516
6.768009185791016
6.74808931350708
6.7324700355529785
6.701091289520264
6.693248748779297
6.6678948402404785
6.63983154296875
3.1410627365112305
3.1282060146331787
3.131582736968994
3.127476930618286
3.1350677013397217
3.1308460235595703
3.129887342453003
3.129286527633667
3.1323745250701904
3.1107425689697266
3.7381339073181152
3.73717999458313
3.7435684204101562
3.7418212890625
3.7487738132476807
3.735992431640625
3.7381343841552734
3.7374749183654785
3.7319014072418213
3.735969066619873
8.0267972946167
8.025800704956055
8.01329517364502
7.982783317565918
7.996715545654297
7.961254596710205
7.9292893409729
7.933115005493164
7.9060869216918945
7.898295879364014
2.964848756790161
2.965866804122925
2.9468846321105957
2.937828302383423
2.9347949028015137
2.93729567527771
2.953206777572632
2.907341480255127
2.9019484519958496
2.8970999717712402
3.3796658515930176
3.3106889724731445
3.3044416904449463
3.2943038940429688
3.267373561859131
3.243494749069214
3.270082473754883
3.213505268096924
3.22943115234375
3.1855924129486084
10.674437522888184
10.682690620422363
10.565545082092285
10.579343795776367
10.560319900512695
10.400508880615234
10.4188232421875
10.393689155578613
10.364114761352539
10.265769004821777
3.135491371154785
3.1452224254608154
3.1160478591918945
3.104966640472412
3.109785318374634
3.0787906646728516
3.091000556945801
3.0672483444213867
3.061669111251831
3.060835361480713
5.086941719055176
5.073537826538086
5.051348686218262
5.039629936218262
5.025272369384766
4.976204872131348
5.023069381713867
4.97393274307251
4.980350017547607
4.948387622833252
3.1278719902038574
3.117267608642578
3.1174001693725586
3.078387975692749
3.053349733352661
3.0420732498168945
3.0370278358459473
3.0340397357940674
3.053241014480591
3.0435104370117188
6.818613529205322
6.645373344421387
6.519258499145508
6.341336250305176
6.264925956726074
6.173192501068115
6.0117011070251465
5.992198944091797
6.0174407958984375
5.9500298500061035
4.0573601722717285
4.066340923309326
4.071868896484375
4.0706000328063965
4.077363014221191
4.058785438537598
4.053428649902344
4.058297634124756
4.0515241622924805
4.040229320526123
3.0232977867126465
3.0167899131774902
3.0115723609924316
3.0180845260620117
3.0242369174957275
3.0170788764953613
3.0200743675231934
3.009341239929199
2.9990475177764893
3.001821994781494
12.51163101196289
12.443279266357422
12.258249282836914
12.014664649963379
11.929464340209961
11.734333992004395
11.584453582763672
11.425803184509277
11.174764633178711
11.05198860168457
3.498342514038086
3.4970040321350098
3.4926888942718506
3.484875440597534
3.4710030555725098
3.4722681045532227
3.4402859210968018
3.446659564971924
3.4475820064544678
3.446007251739502
3.8386807441711426
3.836282730102539
3.823558807373047
3.82558536529541
3.8139963150024414
3.81009840965271
3.8127832412719727
3.79643177986145
3.802626848220825
3.7982962131500244
2.748614549636841
2.730670690536499
2.7410521507263184
2.7448856830596924
2.7354071140289307
2.730560779571533
2.678680181503296
2.705322027206421
2.686272621154785
2.6437649726867676
3.06445050239563
3.0761687755584717
3.0664162635803223
3.038206100463867
3.021545171737671
3.0289673805236816
2.978503942489624
2.9981393814086914
2.966737747192383
2.9617486000061035
9.452608108520508
9.132852554321289
8.931998252868652
8.771546363830566
8.630257606506348
8.515922546386719
8.492243766784668
8.304475784301758
8.243280410766602
8.107292175292969
3.0143685340881348
3.003650188446045
2.982045888900757
2.979167938232422
2.9574222564697266
2.9653983116149902
2.9060981273651123
2.913001537322998
2.898688793182373
2.863330602645874
3.679631233215332
3.6700334548950195
3.653541326522827
3.6647331714630127
3.675654888153076
3.6493465900421143
3.6493704319000244
3.6419589519500732
3.6605193614959717
3.6155548095703125
1.889533281326294
1.8556933403015137
1.8329495191574097
1.849014401435852
1.7975118160247803
1.7169770002365112
1.7477177381515503
1.7328765392303467
1.6909114122390747
1.6441543102264404
19.451993942260742
19.252248764038086
19.15719985961914
18.9449520111084
18.684810638427734
18.58050537109375
18.425764083862305
18.23130226135254
17.969100952148438
17.799663543701172
21.76032829284668
21.429283142089844
21.297271728515625
20.996868133544922
20.654991149902344
20.705886840820312
20.15882110595703
19.97348403930664
19.83047103881836
19.57537269592285
3.3179619312286377
3.3074769973754883
3.3217012882232666
3.2949697971343994
3.2881784439086914
3.2697064876556396
3.255422592163086
3.265587568283081
3.234464645385742
3.208556652069092
5.409775257110596
5.393791675567627
5.368487358093262
5.3360915184021
5.358484268188477
5.340417385101318
5.321475505828857
5.3246846199035645
5.275925636291504
5.313065528869629
3.109567880630493
3.065441608428955
3.097048044204712
3.0792407989501953
3.084092140197754
3.062649965286255
3.0503997802734375
3.051149368286133
3.057084321975708
3.064891815185547
11.293144226074219
11.222671508789062
11.09976577758789
11.130480766296387
11.028682708740234
10.977130889892578
10.871822357177734
10.879490852355957
10.84946060180664
10.778209686279297
3.3939645290374756
3.3979387283325195
3.366549015045166
3.354778528213501
3.373626470565796
3.3565845489501953
3.3489668369293213
3.3418126106262207
3.3277838230133057
3.3212997913360596
2.9544126987457275
2.8681161403656006
2.8634886741638184
2.758619785308838
2.734124183654785
2.745079755783081
2.7572999000549316
2.7185914516448975
2.6530158519744873
2.6220147609710693
10.522011756896973
10.362448692321777
10.192646980285645
10.06147575378418
9.927443504333496
9.65627670288086
9.563671112060547
9.348318099975586
9.15713882446289
9.09604263305664
2.2220964431762695
2.1576783657073975
2.1819119453430176
2.120183229446411
2.1065564155578613
2.1177453994750977
2.0494906902313232
2.0383145809173584
1.9872137308120728
1.9813469648361206
6.175532817840576
6.086416721343994
6.086672782897949
6.028112411499023
6.075552463531494
5.978041648864746
5.973294258117676
5.915749549865723
5.913012981414795
5.8784308433532715
3.25913405418396
3.2352983951568604
3.1563735008239746
3.1753201484680176
3.174520254135132
3.1355676651000977
3.0352530479431152
3.0394768714904785
3.0866763591766357
2.973400354385376
5.78199577331543
5.755490779876709
5.683257579803467
5.708581924438477
5.626367092132568
5.592634677886963
5.528102874755859
5.438356399536133
5.4397969245910645
5.381186008453369
4.7652692794799805
4.699985027313232
4.609143257141113
4.5840888023376465
4.5514912605285645
4.425240993499756
4.368086338043213
4.335830211639404
4.32158088684082
4.273679733276367
2.5048787593841553
2.5299060344696045
2.50046706199646
2.465576171875
2.5343241691589355
2.488766670227051
2.5021681785583496
2.4802451133728027
2.486361026763916
2.4872822761535645
6.949570178985596
6.988330364227295
6.958096027374268
6.973789215087891
6.917716979980469
6.859748363494873
6.868948936462402
6.867395877838135
6.857370853424072
6.846779823303223
2.5653817653656006
2.5333430767059326
2.4981489181518555
2.460639238357544
2.437459707260132
2.4354803562164307
2.4480361938476562
2.4119789600372314
2.414187431335449
2.378328800201416
6.36911153793335
6.310115337371826
6.252437591552734
6.164669990539551
6.089175701141357
5.9632792472839355
5.846332550048828
5.745862007141113
5.624847888946533
5.52537202835083
2.5393733978271484
2.542788028717041
2.4848685264587402
2.518411874771118
2.5074877738952637
2.5151994228363037
2.513657808303833
2.4670143127441406
2.4633350372314453
2.4763126373291016
2.374415397644043
2.314380168914795
2.2578375339508057
2.1619677543640137
2.136672019958496
2.120591163635254
2.0402607917785645
1.999234914779663
1.9076387882232666
1.8122979402542114
8.89443588256836
8.682476043701172
8.527630805969238
8.203675270080566
8.13999080657959
7.883741855621338
7.810917854309082
7.739879608154297
7.529706001281738
7.558271884918213
2.192347526550293
1.9931834936141968
1.9093793630599976
1.871649980545044
1.789281964302063
1.713807225227356
1.6517102718353271
1.6836845874786377
1.6020820140838623
1.5174164772033691
7.076660633087158
6.873000144958496
6.819724082946777
6.820861339569092
6.662474632263184
6.649171829223633
6.571076393127441
6.473198413848877
6.50026798248291
6.376075744628906
2.467888832092285
2.369758367538452
2.3892099857330322
2.3631322383880615
2.2789947986602783
2.1925442218780518
2.30013108253479
2.2185773849487305
2.2228925228118896
2.1954033374786377
14.724787712097168
14.241987228393555
13.35680866241455
12.559112548828125
12.057697296142578
11.815823554992676
11.447298049926758
11.196949005126953
11.114752769470215
10.740267753601074
9.424894332885742
9.24422836303711
9.124038696289062
8.925594329833984
8.772005081176758
8.792107582092285
8.642778396606445
8.562898635864258
8.505316734313965
8.354933738708496
3.0540027618408203
3.0559942722320557
3.053187608718872
3.045170307159424
3.0595648288726807
3.0439810752868652
3.0499227046966553
3.0343964099884033
3.01694393157959
3.0218403339385986
3.638718366622925
3.6355621814727783
3.6294949054718018
3.6377980709075928
3.6299211978912354
3.6207523345947266
3.621314764022827
3.613992691040039
3.626990556716919
3.618070125579834
5.884491920471191
5.721052646636963
5.687394618988037
5.526418209075928
5.511168479919434
5.283329486846924
5.216519832611084
4.99444580078125
4.956082344055176
4.94479513168335
13.71227741241455
13.684104919433594
13.577753067016602
13.460498809814453
13.414742469787598
13.298514366149902
13.231682777404785
13.177778244018555
13.091038703918457
12.952500343322754
2.798550844192505
2.7670087814331055
2.7533791065216064
2.7376041412353516
2.7363743782043457
2.732860565185547
2.7445034980773926
2.7300286293029785
2.71777081489563
2.7168970108032227
3.058844566345215
3.0100860595703125
2.8633570671081543
2.7749123573303223
2.676267147064209
2.5585289001464844
2.5772716999053955
2.4105381965637207
2.3441457748413086
2.407799243927002
9.416434288024902
9.222293853759766
9.011826515197754
8.814818382263184
8.761950492858887
8.504600524902344
8.359598159790039
8.347643852233887
8.180891036987305
8.071125030517578
3.271918296813965
3.0520637035369873
2.7800798416137695
2.6923036575317383
2.6537973880767822
2.476794719696045
2.435305118560791
2.4197049140930176
2.375818967819214
2.3145296573638916
7.381731033325195
7.3294878005981445
7.264697551727295
7.247585773468018
7.214835166931152
7.106491565704346
7.054268836975098
7.087435722351074
6.978638172149658
6.935967445373535
2.8942861557006836
2.7599899768829346
2.7265868186950684
2.6953678131103516
2.674901008605957
2.680711269378662
2.6641533374786377
2.5879876613616943
2.6638200283050537
2.555351734161377
15.343873023986816
14.851200103759766
14.240165710449219
13.593194961547852
13.1754732131958
12.943404197692871
12.921220779418945
12.662879943847656
12.548738479614258
12.355634689331055
12.37072467803955
12.298805236816406
12.0745210647583
11.884076118469238
11.610671997070312
11.433473587036133
11.138964653015137
11.002816200256348
10.757412910461426
10.528429985046387
1.736435890197754
1.6906541585922241
1.6322311162948608
1.6492780447006226
1.6076831817626953
1.592520833015442
1.6061389446258545
1.6046903133392334
1.5617763996124268
1.5537570714950562
7.732695579528809
7.703487873077393
7.59756326675415
7.51217794418335
7.399134159088135
7.3307881355285645
7.276383399963379
7.136562347412109
7.080321311950684
6.955639839172363
3.1345207691192627
3.0858564376831055
3.1276438236236572
3.1261959075927734
3.114187717437744
3.098015308380127
3.1128923892974854
3.082852840423584
3.0627217292785645
3.0646660327911377
14.069561958312988
13.746798515319824
13.55943775177002
13.387198448181152
13.303518295288086
13.258316040039062
13.066993713378906
12.855902671813965
12.697347640991211
12.605217933654785
5.197527885437012
3.988227128982544
3.2062206268310547
2.7982187271118164
2.518948793411255
2.4215188026428223
2.2437331676483154
2.1744792461395264
2.087695360183716
2.0744643211364746
2.0219802856445312
1.9274483919143677
1.9322012662887573
1.9586567878723145
1.9054287672042847
1.848594069480896
1.9109431505203247
1.8339365720748901
1.8372396230697632
1.775457739830017
11.37202262878418
11.309709548950195
10.849445343017578
10.517173767089844
10.270973205566406
9.991601943969727
9.640172004699707
9.543794631958008
9.236891746520996
9.23369312286377
3.3763680458068848
3.41353178024292
3.2465109825134277
3.222047805786133
3.0343565940856934
3.117975950241089
2.9068386554718018
2.967963457107544
2.8446874618530273
2.8770604133605957
3.795787811279297
3.7896511554718018
3.684032440185547
3.6646440029144287
3.5684995651245117
3.5022459030151367
3.4926936626434326
3.467315673828125
3.4115331172943115
3.35406231880188
10.655952453613281
8.99528694152832
7.3180317878723145
6.209836006164551
5.390469551086426
4.8848371505737305
4.375107288360596
4.208786964416504
4.046370983123779
3.6277222633361816
23.427101135253906
23.324390411376953
22.97597885131836
22.86437225341797
22.662084579467773
22.416086196899414
22.208101272583008
22.097515106201172
21.90516471862793
21.80194854736328
14.432520866394043
13.838549613952637
13.40021800994873
12.890838623046875
12.419194221496582
11.921846389770508
11.401118278503418
10.953269004821777
10.649185180664062
10.102676391601562
2.7871029376983643
2.734090566635132
2.7253804206848145
2.7227962017059326
2.68479585647583
2.6864593029022217
2.6760270595550537
2.6797170639038086
2.624858856201172
2.660688877105713
6.809237957000732
6.80250358581543
6.798626899719238
6.777055740356445
6.779416084289551
6.729480743408203
6.719853401184082
6.716726303100586
6.694024085998535
6.643026351928711
3.1675572395324707
3.109168529510498
3.1190595626831055
3.132615804672241
3.0549306869506836
3.089611053466797
3.038025379180908
3.027787923812866
2.985567569732666
2.970816135406494
19.237960815429688
18.98396873474121
18.663867950439453
18.44839096069336
18.108715057373047
17.859848022460938
17.534568786621094
17.1345157623291
16.824689865112305
16.47924041748047
3.0685110092163086
3.0718374252319336
3.016012191772461
3.0052735805511475
2.9816157817840576
2.977447986602783
2.9372992515563965
2.94905686378479
2.8998777866363525
2.8825085163116455
3.013171911239624
2.921482801437378
2.9387097358703613
2.8152194023132324
2.7501912117004395
2.7816200256347656
2.7009897232055664
2.627044916152954
2.5987486839294434
2.581700086593628
9.32636547088623
9.102449417114258
8.960264205932617
8.805444717407227
8.724964141845703
8.582918167114258
8.38949203491211
8.240193367004395
8.02137279510498
8.045894622802734
3.83494234085083
3.7800710201263428
3.6576385498046875
3.611173152923584
3.4717249870300293
3.5065958499908447
3.2980594635009766
3.2552084922790527
3.1225271224975586
3.139963388442993
5.151852607727051
5.128666400909424
5.052428722381592
5.010339260101318
5.053005695343018
4.920357704162598
4.89468240737915
4.873692035675049
4.86862850189209
4.81273078918457
1.0700860023498535
0.9826866388320923
0.9858407974243164
0.9615436792373657
0.9393681287765503
0.9802722930908203
0.8904598355293274
0.8621148467063904
0.7749080061912537
0.7739899754524231
8.437088966369629
8.396956443786621
8.346458435058594
8.290375709533691
8.194364547729492
8.216411590576172
8.07141399383545
8.04901123046875
8.011242866516113
7.896350860595703
10.807003021240234
10.678425788879395
10.559929847717285
10.412638664245605
10.323966026306152
10.150562286376953
10.0253267288208
9.99909496307373
9.811655044555664
9.655888557434082
1.9098161458969116
1.9362791776657104
1.8613296747207642
1.7884598970413208
1.7872674465179443
1.7851088047027588
1.7945566177368164
1.7840112447738647
1.714585781097412
1.736993432044983
11.146134376525879
10.988046646118164
10.965001106262207
10.738473892211914
10.680269241333008
10.582923889160156
10.362768173217773
10.298470497131348
10.113625526428223
9.975976943969727
3.566232442855835
3.5529701709747314
3.4805469512939453
3.4655959606170654
3.4636614322662354
3.422884941101074
3.398841619491577
3.361093759536743
3.3537397384643555
3.3481075763702393
5.2772698402404785
5.21907377243042
5.199560642242432
5.16414737701416
5.148124694824219
5.076467037200928
5.06008768081665
5.046779632568359
4.978634834289551
4.997376918792725
2.4415676593780518
2.3030691146850586
2.2852249145507812
2.2527811527252197
2.2259254455566406
2.1405084133148193
2.1301023960113525
2.0742485523223877
2.019629716873169
2.010392904281616
2.2144243717193604
2.0872597694396973
2.032817840576172
2.029080629348755
1.9533870220184326
1.8679713010787964
1.8390674591064453
1.8251266479492188
1.7421934604644775
1.7455286979675293
9.56811809539795
9.30412483215332
9.21596908569336
9.137622833251953
9.006458282470703
8.874485969543457
8.774673461914062
8.67319393157959
8.625425338745117
8.57705307006836
2.988469123840332
2.971229076385498
2.8561415672302246
2.9268646240234375
2.865133285522461
2.830518960952759
2.8625004291534424
2.8257944583892822
2.811290979385376
2.7751991748809814
6.073423862457275
5.9586968421936035
5.860421657562256
5.768640041351318
5.7152018547058105
5.62246036529541
5.604823112487793
5.587009906768799
5.503884792327881
5.463450908660889
2.2104458808898926
2.055515766143799
2.024651527404785
1.9777308702468872
1.8581809997558594
1.7768226861953735
1.7615294456481934
1.7165435552597046
1.754055142402649
1.5898066759109497
5.049859046936035
4.998384475708008
4.918727397918701
4.889472484588623
4.8419036865234375
4.724763870239258
4.600330829620361
4.492881774902344
4.42230224609375
4.407558441162109
6.969366550445557
6.726531028747559
6.4339494705200195
6.128632068634033
5.986100196838379
5.672067165374756
5.614789962768555
5.52831506729126
5.416374206542969
5.314159870147705
1.9602465629577637
1.9454967975616455
1.8972433805465698
1.886641263961792
1.8529143333435059
1.8597748279571533
1.8244513273239136
1.8160771131515503
1.7587854862213135
1.7493343353271484
7.91575288772583
7.81579065322876
7.77730131149292
7.694516181945801
7.638836860656738
7.528883934020996
7.361348628997803
7.340497016906738
7.2561469078063965
7.197732448577881
1.6504700183868408
1.548025369644165
1.5015584230422974
1.4825632572174072
1.4624532461166382
1.4800869226455688
1.4458812475204468
1.419888973236084
1.354542851448059
1.3703137636184692
9.35474967956543
9.282615661621094
9.15584945678711
9.089973449707031
8.981159210205078
8.87879753112793
8.704331398010254
8.612027168273926
8.560593605041504
8.476486206054688
3.170610189437866
3.1509833335876465
3.081202268600464
3.014150857925415
3.050661087036133
2.997623920440674
2.946272850036621
2.9126641750335693
2.887866497039795
2.841973066329956
2.01676607131958
1.9810954332351685
1.9833238124847412
1.9161723852157593
1.8520255088806152
1.8504524230957031
1.7826404571533203
1.820368766784668
1.7917073965072632
1.7222168445587158
12.703082084655762
12.393850326538086
12.007598876953125
11.685199737548828
11.320213317871094
11.059455871582031
10.774221420288086
10.610542297363281
10.446619033813477
10.234197616577148
3.3969998359680176
3.323514938354492
3.2088463306427
3.1532790660858154
3.006721019744873
2.963723659515381
2.8756070137023926
2.9032394886016846
2.8417325019836426
2.8244969844818115
8.571704864501953
8.414230346679688
8.074381828308105
7.952605724334717
7.612338542938232
7.5470428466796875
7.298096179962158
7.062763214111328
7.019144058227539
6.882514476776123
2.287692070007324
2.0727880001068115
1.958874225616455
1.9029452800750732
1.8737988471984863
1.752931833267212
1.7172437906265259
1.624656081199646
1.5892350673675537
1.539416790008545
30.67695426940918
29.27982521057129
28.306575775146484
27.367948532104492
26.695955276489258
25.98777198791504
25.46392250061035
24.957714080810547
24.560136795043945
24.06572914123535
22.689956665039062
22.262176513671875
21.87863540649414
21.301433563232422
21.13394546508789
20.47093391418457
20.19175910949707
19.881488800048828
19.28427505493164
18.906490325927734
3.901104211807251
3.883756399154663
3.816092014312744
3.770329713821411
3.719773054122925
3.7182016372680664
3.660315752029419
3.636246681213379
3.6162374019622803
3.6165144443511963
22.34638786315918
22.2287654876709
21.6953182220459
21.626523971557617
21.19414710998535
20.89779281616211
20.606904983520508
20.163644790649414
19.79836082458496
19.5877685546875
19.150814056396484
18.84805679321289
18.626440048217773
18.23833465576172
18.23275375366211
18.061307907104492
17.700822830200195
17.496973037719727
17.31485366821289
17.04677391052246
3.1173195838928223
3.1164660453796387
2.918522834777832
2.818081855773926
2.6904871463775635
2.6083667278289795
2.569720506668091
2.54622220993042
2.3568034172058105
2.35561466217041
12.553425788879395
12.310952186584473
12.210836410522461
12.079438209533691
11.790739059448242
11.606900215148926
11.436458587646484
11.148175239562988
11.016953468322754
10.606714248657227
3.102811574935913
3.046790361404419
2.991826057434082
2.975703716278076
2.7907185554504395
2.7865025997161865
2.7027671337127686
2.6655986309051514
2.6279513835906982
2.598407745361328
9.57436752319336
9.526695251464844
9.195756912231445
8.91032600402832
8.663500785827637
8.30700969696045
8.20267391204834
8.026296615600586
7.878569602966309
7.767090797424316
3.3042800426483154
3.2602391242980957
3.136101722717285
3.1103556156158447
3.0474629402160645
3.036288022994995
2.958449125289917
2.8772342205047607
2.888845205307007
2.7631258964538574
8.37149715423584
8.210848808288574
7.953695297241211
7.708073139190674
7.642850399017334
7.551848411560059
7.395733833312988
7.2929534912109375
7.169682502746582
7.0937933921813965
3.069408416748047
3.007932424545288
2.9253599643707275
2.826772928237915
2.7913005352020264
2.728180170059204
2.5027947425842285
2.4342827796936035
2.4637703895568848
2.3165929317474365
27.348392486572266
26.98821449279785
26.60749053955078
26.25616455078125
26.228660583496094
25.509540557861328
25.361846923828125
24.83835792541504
24.400964736938477
23.93356704711914
10.057222366333008
10.024962425231934
9.880036354064941
9.739725112915039
9.604681015014648
9.546686172485352
9.449801445007324
9.323864936828613
9.254533767700195
9.088518142700195
7.191564083099365
6.999797821044922
6.9742960929870605
6.880251884460449
6.747735023498535
6.664834022521973
6.599411487579346
6.453895092010498
6.363044738769531
6.21829891204834
8.586752891540527
8.537845611572266
8.477458000183105
8.463011741638184
8.346159934997559
8.336867332458496
8.237058639526367
8.180525779724121
8.08507251739502
8.070855140686035
8.44483470916748
8.391558647155762
8.150466918945312
8.150603294372559
8.114562034606934
7.951164722442627
7.858170032501221
7.7498602867126465
7.621487617492676
7.418746471405029
8.152939796447754
8.075754165649414
8.030865669250488
7.905405044555664
7.763948440551758
7.689810276031494
7.456328868865967
7.431621074676514
7.231593608856201
7.009069919586182
12.677451133728027
12.507112503051758
12.311972618103027
12.105315208435059
11.891634941101074
11.558576583862305
11.242630958557129
10.979909896850586
10.581330299377441
10.15682315826416
2.329479217529297
2.206434726715088
2.112363815307617
2.136713981628418
2.0294413566589355
1.9753867387771606
1.938954472541809
1.9482836723327637
1.8584719896316528
1.8974908590316772
10.16986083984375
9.393442153930664
8.761831283569336
8.348506927490234
7.930332183837891
7.560769081115723
7.325226783752441
7.069614410400391
6.62092399597168
6.415582180023193
1.3987212181091309
1.356220006942749
1.3505809307098389
1.307743787765503
1.283393144607544
1.2251840829849243
1.2623939514160156
1.2286289930343628
1.1780104637145996
1.1621404886245728
7.634904384613037
7.577143669128418
7.579404830932617
7.423421859741211
7.346261501312256
7.32302188873291
7.182913780212402
7.182836532592773
7.096798419952393
7.060110092163086
0.7296410202980042
0.6757913827896118
0.6854785084724426
0.6712859272956848
0.6070303320884705
0.6395010352134705
0.5917387008666992
0.5460536479949951
0.5234358310699463
0.4892536401748657
14.215208053588867
14.092852592468262
13.70174789428711
13.370858192443848
13.091105461120605
12.826298713684082
12.63222599029541
12.121747970581055
11.615948677062988
10.884603500366211
4.3083600997924805
3.640514850616455
3.1673953533172607
2.6216275691986084
2.2767484188079834
1.7536920309066772
1.6166573762893677
1.269877314567566
1.1477067470550537
0.8780899047851562
18.89468002319336
18.190265655517578
17.902912139892578
17.47931480407715
16.96959114074707
16.691837310791016
16.393075942993164
16.06894302368164
15.911260604858398
15.640422821044922
3.445549726486206
3.4446067810058594
3.434981107711792
3.401935338973999
3.4148521423339844
3.3974311351776123
3.3465285301208496
3.321568250656128
3.3415305614471436
3.3156802654266357
8.706421852111816
8.626252174377441
8.479568481445312
8.232869148254395
8.190043449401855
8.095416069030762
7.97346830368042
7.878664970397949
7.766991138458252
7.609562873840332
2.1076231002807617
2.1205410957336426
1.9430416822433472
1.9785211086273193
1.9366382360458374
1.8934333324432373
1.8592363595962524
1.7959399223327637
1.8035731315612793
1.6935174465179443
12.851691246032715
12.614209175109863
12.531224250793457
12.33041763305664
12.04576587677002
11.918054580688477
11.791032791137695
11.707467079162598
11.533869743347168
11.484809875488281
1.7828359603881836
1.7391477823257446
1.5913575887680054
1.5276496410369873
1.463390588760376
1.4094609022140503
1.4217556715011597
1.3483771085739136
1.3153529167175293
1.2730258703231812
12.600086212158203
12.352240562438965
12.188007354736328
11.865440368652344
11.723518371582031
11.739251136779785
11.461517333984375
11.378239631652832
11.230883598327637
11.053465843200684
4.678297996520996
4.579320907592773
4.49833345413208
4.443229675292969
4.324009895324707
4.20423698425293
4.202922821044922
4.104676246643066
3.971031427383423
3.9533724784851074
5.951844692230225
5.870100021362305
5.745795726776123
5.766257286071777
5.697352886199951
5.640617370605469
5.636192798614502
5.573238372802734
5.510674476623535
5.472411632537842
3.1638870239257812
2.996263027191162
2.901188373565674
2.876335382461548
2.811802864074707
2.717357873916626
2.6587910652160645
2.635009288787842
2.567553997039795
2.568162679672241
8.567373275756836
8.331267356872559
7.971488952636719
7.894576072692871
7.564635276794434
7.334788799285889
7.0029754638671875
6.718656539916992
6.471357345581055
6.231564998626709
2.9498066902160645
2.7369608879089355
2.467033624649048
2.312730550765991
2.2509281635284424
2.0716567039489746
2.0172119140625
1.9202299118041992
1.8340418338775635
1.6861517429351807
12.511373519897461
12.356077194213867
12.276152610778809
12.28076171875
12.191393852233887
12.091105461120605
11.990211486816406
11.874987602233887
11.926426887512207
11.87309455871582
1.886117696762085
1.6750518083572388
1.5960487127304077
1.546167016029358
1.4519250392913818
1.3235890865325928
1.2333778142929077
1.2348686456680298
1.102667212486267
1.0758635997772217
8.461176872253418
8.371542930603027
8.25026798248291
8.230473518371582
8.108682632446289
8.006538391113281
7.927728652954102
7.836017608642578
7.747710227966309
7.649819374084473
3.054504156112671
2.9633429050445557
2.781986713409424
2.7681124210357666
2.6269314289093018
2.5585250854492188
2.509655714035034
2.5046956539154053
2.3778786659240723
2.379073143005371
21.190391540527344
20.68538475036621
20.34796905517578
19.961477279663086
19.493070602416992
19.098405838012695
18.646011352539062
18.215490341186523
17.855838775634766
17.1230411529541
1.644747257232666
1.4908978939056396
1.4682246446609497
1.411615252494812
1.3452662229537964
1.281498670578003
1.294124722480774
1.1838526725769043
1.1429411172866821
1.1383090019226074
9.421832084655762
9.224605560302734
9.024820327758789
8.87668228149414
8.599372863769531
8.366425514221191
8.139021873474121
7.935988426208496
7.810975074768066
7.6479082107543945
4.453078746795654
4.412361145019531
4.2676849365234375
4.268012046813965
4.211396217346191
4.18589973449707
4.067393779754639
4.002641677856445
3.9748501777648926
3.943068504333496
6.0520124435424805
6.0431904792785645
6.024919033050537
5.958394527435303
5.9548444747924805
5.860556602478027
5.846156120300293
5.7812604904174805
5.7490973472595215
5.724081039428711
0.4467145502567291
0.45747295022010803
0.42760032415390015
0.4203694760799408
0.4175402522087097
0.4514833688735962
0.3941718637943268
0.3841992914676666
0.3917620778083801
0.3639979064464569
9.888389587402344
9.796579360961914
9.64453411102295
9.606680870056152
9.561429023742676
9.467316627502441
9.381844520568848
9.33986759185791
9.250862121582031
9.245789527893066
2.510416269302368
2.368004083633423
2.2279536724090576
2.075819730758667
2.061063051223755
1.9730298519134521
1.9013652801513672
1.7515654563903809
1.7419239282608032
1.6858513355255127
16.015104293823242
15.924631118774414
15.616361618041992
15.397607803344727
14.897998809814453
14.665397644042969
14.348783493041992
13.843626022338867
13.521073341369629
13.247142791748047
2.6310479640960693
2.5226404666900635
2.4248175621032715
2.3927550315856934
2.300306797027588
2.2024691104888916
2.1672427654266357
2.0868096351623535
1.9696154594421387
1.9415147304534912
22.01483726501465
21.82817268371582
21.72784423828125
21.57474136352539
21.324970245361328
21.09220314025879
21.003145217895508
20.84125518798828
20.520938873291016
20.40792465209961
0.5911807417869568
0.5759401917457581
0.5537340044975281
0.47744572162628174
0.4880508482456207
0.45494115352630615
0.4031715989112854
0.36371609568595886
0.3481311500072479
0.3143152892589569
10.144493103027344
10.04648494720459
10.082192420959473
9.991368293762207
9.903182983398438
9.908915519714355
9.806695938110352
9.677759170532227
9.622076034545898
9.526274681091309
2.0620458126068115
1.8458505868911743
1.6848933696746826
1.6067506074905396
1.5586230754852295
1.500372290611267
1.3844337463378906
1.363498568534851
1.3497390747070312
1.322985053062439
9.76572036743164
9.51113224029541
9.393412590026855
9.136287689208984
9.039079666137695
8.86555290222168
8.665310859680176
8.567596435546875
8.463128089904785
8.3499174118042
4.982261657714844
4.841603755950928
4.591493129730225
4.5061726570129395
4.383222579956055
4.311118125915527
4.231703758239746
4.138697147369385
4.088071823120117
3.976235866546631
4.494142055511475
4.473019599914551
4.441777229309082
4.393490791320801
4.376319408416748
4.349005222320557
4.331459999084473
4.251861095428467
4.268702983856201
4.16953706741333
2.642146110534668
2.144033908843994
1.695576548576355
1.2525074481964111
1.1897521018981934
1.0665619373321533
1.012176513671875
0.8997823596000671
0.9384545087814331
0.8751485347747803
18.27985191345215
17.89263343811035
17.5157527923584
17.20525360107422
16.702030181884766
16.459346771240234
16.076330184936523
15.71220874786377
15.290288925170898
14.946508407592773
12.531950950622559
12.321297645568848
12.313899040222168
12.019880294799805
11.822040557861328
11.721633911132812
11.559236526489258
11.340062141418457
11.246957778930664
11.161362648010254
3.2276644706726074
3.2396209239959717
3.1240346431732178
3.116274833679199
2.9581587314605713
2.8976752758026123
2.7354328632354736
2.643707752227783
2.5786948204040527
2.4523539543151855
23.304927825927734
22.89542579650879
22.697269439697266
22.597118377685547
22.469074249267578
22.0013427734375
21.784626007080078
21.4864559173584
21.24831771850586
20.789644241333008
17.901582717895508
17.348283767700195
16.58931541442871
16.05752944946289
14.975783348083496
14.378152847290039
13.37784194946289
12.407754898071289
11.190611839294434
10.025093078613281
11.835561752319336
9.965128898620605
7.55002498626709
5.372281074523926
3.869332790374756
3.125716209411621
2.4893691539764404
2.0632362365722656
1.7071973085403442
1.2990320920944214
43.57106399536133
40.12575149536133
34.604122161865234
30.18217658996582
26.97889518737793
25.456146240234375
24.61804962158203
23.73655128479004
23.07693099975586
22.518335342407227
2.8961572647094727
2.7014541625976562
2.5278756618499756
2.3473918437957764
2.160799980163574
1.9229767322540283
1.7769639492034912
1.7171517610549927
1.5086886882781982
1.4241819381713867
11.46288013458252
10.387125968933105
9.530503273010254
8.883716583251953
8.613295555114746
8.316580772399902
8.095029830932617
7.902037143707275
7.709523677825928
7.605809688568115
6.2166428565979
5.98481559753418
5.776939868927002
5.629000186920166
5.375613212585449
5.160331726074219
5.0502753257751465
4.940764427185059
4.714624881744385
4.571495056152344
12.123499870300293
11.68323802947998
11.29995346069336
10.842842102050781
10.216404914855957
9.67371654510498
9.039355278015137
8.673056602478027
8.342302322387695
7.973572731018066
2.8248841762542725
2.617872953414917
2.421602725982666
2.294663429260254
2.033809185028076
1.894799828529358
1.8763364553451538
1.6688196659088135
1.5877755880355835
1.5353554487228394
6.655109882354736
6.479151248931885
6.4784088134765625
6.363687038421631
6.23964786529541
6.139694690704346
6.096197605133057
6.020144939422607
5.925204753875732
5.8921051025390625
3.871203660964966
3.8477725982666016
3.7959415912628174
3.7227702140808105
3.75960636138916
3.7577106952667236
3.7208476066589355
3.7102456092834473
3.6592466831207275
3.620326042175293
29.172531127929688
28.681396484375
27.86066246032715
27.6046085357666
27.000633239746094
26.091115951538086
25.56345558166504
24.731250762939453
23.5491886138916
22.51222038269043
3.4245107173919678
3.1115779876708984
2.8437185287475586
2.606132745742798
2.3948473930358887
2.0973803997039795
1.9024986028671265
1.8084452152252197
1.6874845027923584
1.4407098293304443
21.72547149658203
21.27212905883789
20.72740364074707
20.17215919494629
19.65149688720703
19.299264907836914
18.84359359741211
18.5166072845459
18.064308166503906
17.99262046813965
3.7404251098632812
3.5490880012512207
3.475942850112915
3.420118808746338
3.229478597640991
3.1828646659851074
3.12876296043396
3.010395050048828
2.9450931549072266
2.91341233253479
26.485380172729492
26.463672637939453
26.238780975341797
25.781795501708984
25.574899673461914
25.385053634643555
24.813966751098633
24.46747589111328
23.847150802612305
23.05824851989746
2.614069938659668
2.3190360069274902
2.060682773590088
1.9192440509796143
1.7505239248275757
1.6066466569900513
1.5290895700454712
1.4474738836288452
1.401820182800293
1.4161933660507202
8.148290634155273
8.120352745056152
8.08570671081543
8.019166946411133
7.849127292633057
7.8493428230285645
7.800931930541992
7.768115043640137
7.668083667755127
7.676849842071533
2.760366916656494
2.7899601459503174
2.672100782394409
2.5997695922851562
2.5769059658050537
2.573540687561035
2.482104778289795
2.4697725772857666
2.407538414001465
2.424996852874756
7.668524265289307
7.572609901428223
7.52829122543335
7.409577369689941
7.3498125076293945
7.333548545837402
7.23223876953125
7.190685272216797
7.121402263641357
7.1266584396362305
2.860774278640747
2.899841547012329
2.8073182106018066
2.543928623199463
2.5178487300872803
2.3787519931793213
2.310459613800049
2.2619845867156982
2.129335641860962
2.0362799167633057
18.130952835083008
17.990169525146484
17.7769718170166
17.60976219177246
17.474468231201172
17.403562545776367
17.03010368347168
17.08673667907715
16.89299774169922
16.72262954711914
