4.237472057342529
4.219699382781982
4.237641334533691
4.207138538360596
4.180343151092529
4.178501605987549
4.167738437652588
4.1900129318237305
4.240746974945068
4.223247528076172
77.17188262939453
75.51750183105469
74.52444458007812
73.47903442382812
72.8580322265625
72.36299133300781
71.19461059570312
70.4118423461914
69.56123352050781
68.87223815917969
3.6872153282165527
3.688828229904175
3.689532518386841
3.692300319671631
3.6904072761535645
3.688647508621216
3.6803345680236816
3.684333086013794
3.6862993240356445
3.684086799621582
12.051867485046387
11.86439323425293
11.921895027160645
11.87105941772461
11.731598854064941
11.726529121398926
11.757850646972656
11.643120765686035
11.636824607849121
11.611645698547363
3.641420364379883
3.6415657997131348
3.6407153606414795
3.6427485942840576
3.640671491622925
3.6397197246551514
3.640075445175171
3.6396093368530273
3.6382176876068115
3.6395070552825928
4.037385940551758
4.0363054275512695
4.037267208099365
4.037937641143799
4.037410736083984
4.036972522735596
4.036983013153076
4.037795543670654
4.035138130187988
4.036920547485352
3.3906726837158203
3.3895018100738525
3.391087055206299
3.381699800491333
3.3858859539031982
3.3907670974731445
3.3840596675872803
3.3819785118103027
3.3822708129882812
3.3849434852600098
17.861675262451172
17.804523468017578
17.7491512298584
17.711759567260742
17.59989356994629
17.528350830078125
17.447900772094727
17.419429779052734
17.27617073059082
17.312904357910156
3.9110002517700195
3.910891056060791
3.9114067554473877
3.9117491245269775
3.911370277404785
3.910628080368042
3.9113125801086426
3.9115102291107178
3.9114513397216797
3.9115676879882812
3.8698089122772217
3.8695156574249268
3.8700361251831055
3.8702409267425537
3.869997024536133
3.8698832988739014
3.8698196411132812
3.869967222213745
3.8700037002563477
3.8699491024017334
3.962702989578247
3.963026523590088
3.9628403186798096
3.9631099700927734
3.9637463092803955
3.96278715133667
3.963599681854248
3.962864398956299
3.962658405303955
3.962040901184082
10.792576789855957
10.745052337646484
10.811358451843262
10.695338249206543
10.693602561950684
10.655996322631836
10.672076225280762
10.678887367248535
10.629677772521973
10.648088455200195
83.98834228515625
83.26428985595703
82.09268951416016
79.41873931884766
75.3690185546875
67.5262451171875
57.33419418334961
47.798126220703125
42.0682487487793
37.88671875
2.3938488960266113
2.395047903060913
2.3917083740234375
2.3948121070861816
2.3915457725524902
2.388882637023926
2.38222336769104
2.3806896209716797
2.3837814331054688
2.379866600036621
13.564937591552734
13.488290786743164
13.432147026062012
13.44268798828125
13.376849174499512
13.361529350280762
13.292908668518066
13.251747131347656
13.164228439331055
13.109270095825195
9.91395378112793
9.903581619262695
9.856937408447266
9.842796325683594
9.830099105834961
9.788264274597168
9.753643989562988
9.723335266113281
9.699984550476074
9.683353424072266
7.4847612380981445
7.4375319480896
7.4080305099487305
7.394712448120117
7.36397123336792
7.334714412689209
7.297501564025879
7.2601728439331055
7.225606918334961
7.204761505126953
5.761912822723389
5.726649761199951
5.733338832855225
5.707222938537598
5.694682598114014
5.6695075035095215
5.658223628997803
5.622912406921387
5.612883567810059
5.5834856033325195
3.352876901626587
3.350259304046631
3.343130111694336
3.348395586013794
3.3387398719787598
3.3383898735046387
3.3490519523620605
3.343562602996826
3.344836950302124
3.3359715938568115
28.49698829650879
28.399696350097656
28.159814834594727
27.927371978759766
27.68122100830078
27.354694366455078
27.091325759887695
26.969072341918945
26.742599487304688
26.547237396240234
3.254730463027954
3.2496347427368164
3.264507532119751
3.2339022159576416
3.2246973514556885
3.226893186569214
3.2297112941741943
3.224950075149536
3.2114017009735107
3.2100517749786377
44.6175651550293
44.523475646972656
44.34140396118164
44.14398193359375
43.995277404785156
43.65803909301758
43.309322357177734
42.767642974853516
41.879695892333984
40.50917053222656
21.588510513305664
17.90789222717285
13.152286529541016
7.789797306060791
4.632386684417725
4.024519443511963
3.9213345050811768
3.8668253421783447
3.8594324588775635
3.8289682865142822
35.75948715209961
34.68138885498047
33.350372314453125
31.43355369567871
29.0115909576416
25.445926666259766
21.134706497192383
17.73358154296875
15.184529304504395
13.081808090209961
