4.237472057342529
4.219699382781982
4.237641334533691
4.207138538360596
4.180343151092529
4.178501605987549
4.167738437652588
4.1900129318237305
4.240746974945068
4.223247528076172
77.17188262939453
75.51750183105469
74.52444458007812
73.47903442382812
72.8580322265625
72.36299133300781
71.19461059570312
70.4118423461914
69.56123352050781
68.87223815917969
3.6872153282165527
3.688828229904175
3.689532518386841
3.692300319671631
3.6904072761535645
3.688647508621216
3.6803345680236816
3.684333086013794
3.6862993240356445
3.684086799621582
12.051867485046387
11.86439323425293
11.921895027160645
11.87105941772461
11.731598854064941
11.726529121398926
11.757850646972656
11.643120765686035
11.636824607849121
11.611645698547363
3.641420364379883
3.6415657997131348
3.6407153606414795
3.6427485942840576
3.640671491622925
3.6397197246551514
3.640075445175171
3.6396093368530273
3.6382176876068115
3.6395070552825928
4.037385940551758
4.0363054275512695
4.037267208099365
4.037937641143799
4.037410736083984
4.036972522735596
4.036983013153076
4.037795543670654
4.035138130187988
4.036920547485352
3.3906726837158203
3.3895018100738525
3.391087055206299
3.381699800491333
3.3858859539031982
3.3907670974731445
3.3840596675872803
3.3819785118103027
3.3822708129882812
3.3849434852600098
17.861675262451172
17.804523468017578
17.7491512298584
17.711759567260742
17.59989356994629
17.528350830078125
17.447900772094727
17.419429779052734
17.27617073059082
17.312904357910156
3.9110002517700195
3.910891056060791
3.9114067554473877
3.9117491245269775
3.911370277404785
3.910628080368042
3.9113125801086426
3.9115102291107178
3.9114513397216797
3.9115676879882812
3.8698089122772217
3.8695156574249268
3.8700361251831055
3.8702409267425537
3.869997024536133
3.8698832988739014
3.8698196411132812
3.869967222213745
3.8700037002563477
3.8699491024017334
3.962702989578247
3.963026523590088
3.9628403186798096
3.9631099700927734
3.9637463092803955
3.96278715133667
3.963599681854248
3.962864398956299
3.962658405303955
3.962040901184082
10.792576789855957
10.745052337646484
10.811358451843262
10.695338249206543
10.693602561950684
10.655996322631836
10.672076225280762
10.678887367248535
10.629677772521973
10.648088455200195
