4.237472057342529
4.219699382781982
4.237641334533691
4.207138538360596
4.180343151092529
4.178501605987549
4.167738437652588
4.1900129318237305
4.240746974945068
4.223247528076172
77.17188262939453
75.51750183105469
74.52444458007812
73.47903442382812
72.8580322265625
72.36299133300781
71.19461059570312
70.4118423461914
69.56123352050781
68.87223815917969
3.6872153282165527
3.688828229904175
3.689532518386841
3.692300319671631
3.6904072761535645
3.688647508621216
3.6803345680236816
3.684333086013794
3.6862993240356445
3.684086799621582
12.051867485046387
11.86439323425293
11.921895027160645
11.87105941772461
11.731598854064941
11.726529121398926
11.757850646972656
11.643120765686035
11.636824607849121
11.611645698547363
3.641420364379883
3.6415657997131348
3.6407153606414795
3.6427485942840576
3.640671491622925
3.6397197246551514
3.640075445175171
3.6396093368530273
3.6382176876068115
3.6395070552825928
4.037385940551758
4.0363054275512695
4.037267208099365
4.037937641143799
4.037410736083984
4.036972522735596
4.036983013153076
4.037795543670654
4.035138130187988
4.036920547485352
3.3906726837158203
3.3895018100738525
3.391087055206299
3.381699800491333
3.3858859539031982
3.3907670974731445
3.3840596675872803
3.3819785118103027
3.3822708129882812
3.3849434852600098
17.861675262451172
17.804523468017578
17.7491512298584
17.711759567260742
17.59989356994629
17.528350830078125
17.447900772094727
17.419429779052734
17.27617073059082
17.312904357910156
3.9110002517700195
3.910891056060791
3.9114067554473877
3.9117491245269775
3.911370277404785
3.910628080368042
3.9113125801086426
3.9115102291107178
3.9114513397216797
3.9115676879882812
3.8698089122772217
3.8695156574249268
3.8700361251831055
3.8702409267425537
3.869997024536133
3.8698832988739014
3.8698196411132812
3.869967222213745
3.8700037002563477
3.8699491024017334
3.962702989578247
3.963026523590088
3.9628403186798096
3.9631099700927734
3.9637463092803955
3.96278715133667
3.963599681854248
3.962864398956299
3.962658405303955
3.962040901184082
10.792576789855957
10.745052337646484
10.811358451843262
10.695338249206543
10.693602561950684
10.655996322631836
10.672076225280762
10.678887367248535
10.629677772521973
10.648088455200195
83.98834228515625
83.26428985595703
82.09268951416016
79.41873931884766
75.3690185546875
67.5262451171875
57.33419418334961
47.798126220703125
42.0682487487793
37.88671875
2.3938488960266113
2.395047903060913
2.3917083740234375
2.3948121070861816
2.3915457725524902
2.388882637023926
2.38222336769104
2.3806896209716797
2.3837814331054688
2.379866600036621
13.564937591552734
13.488290786743164
13.432147026062012
13.44268798828125
13.376849174499512
13.361529350280762
13.292908668518066
13.251747131347656
13.164228439331055
13.109270095825195
9.91395378112793
9.903581619262695
9.856937408447266
9.842796325683594
9.830099105834961
9.788264274597168
9.753643989562988
9.723335266113281
9.699984550476074
9.683353424072266
7.4847612380981445
7.4375319480896
7.4080305099487305
7.394712448120117
7.36397123336792
7.334714412689209
7.297501564025879
7.2601728439331055
7.225606918334961
7.204761505126953
5.761912822723389
5.726649761199951
5.733338832855225
5.707222938537598
5.694682598114014
5.6695075035095215
5.658223628997803
5.622912406921387
5.612883567810059
5.5834856033325195
3.352876901626587
3.350259304046631
3.343130111694336
3.348395586013794
3.3387398719787598
3.3383898735046387
3.3490519523620605
3.343562602996826
3.344836950302124
3.3359715938568115
28.49698829650879
28.399696350097656
28.159814834594727
27.927371978759766
27.68122100830078
27.354694366455078
27.091325759887695
26.969072341918945
26.742599487304688
26.547237396240234
3.254730463027954
3.2496347427368164
3.264507532119751
3.2339022159576416
3.2246973514556885
3.226893186569214
3.2297112941741943
3.224950075149536
3.2114017009735107
3.2100517749786377
44.6175651550293
44.523475646972656
44.34140396118164
44.14398193359375
43.995277404785156
43.65803909301758
43.309322357177734
42.767642974853516
41.879695892333984
40.50917053222656
21.588510513305664
17.90789222717285
13.152286529541016
7.789797306060791
4.632386684417725
4.024519443511963
3.9213345050811768
3.8668253421783447
3.8594324588775635
3.8289682865142822
35.75948715209961
34.68138885498047
33.350372314453125
31.43355369567871
29.0115909576416
25.445926666259766
21.134706497192383
17.73358154296875
15.184529304504395
13.081808090209961
7.540180683135986
5.37198543548584
4.291268825531006
3.756683588027954
3.6211752891540527
3.601057767868042
3.51369571685791
3.4573686122894287
3.463178873062134
3.4649477005004883
64.85143280029297
63.0911865234375
61.89177703857422
60.66081237792969
59.667198181152344
58.6135368347168
57.948768615722656
57.31632614135742
56.71754837036133
56.14269256591797
3.295605421066284
3.293698787689209
3.298330545425415
3.291656494140625
3.292459011077881
3.2967746257781982
3.294386148452759
3.296314239501953
3.2952535152435303
3.294207811355591
3.9447364807128906
3.94515323638916
3.9451065063476562
3.944769859313965
3.9449944496154785
3.94524884223938
3.9451420307159424
3.945305585861206
3.9453377723693848
3.945112943649292
21.609060287475586
21.647918701171875
21.531513214111328
21.44878578186035
21.448083877563477
21.2852840423584
21.336864471435547
21.245929718017578
21.16478157043457
21.08106231689453
3.8600714206695557
3.859670877456665
3.8601391315460205
3.858590602874756
3.860147714614868
3.8590309619903564
3.858978509902954
3.859178066253662
3.8570971488952637
3.8568239212036133
3.626997470855713
3.5937676429748535
3.5985300540924072
3.5726137161254883
3.589836597442627
3.5758209228515625
3.5484542846679688
3.5212137699127197
3.5113601684570312
3.5024354457855225
13.296426773071289
13.104097366333008
12.848185539245605
12.476234436035156
12.120022773742676
11.826542854309082
11.608916282653809
11.405258178710938
11.236886978149414
11.208025932312012
3.016378402709961
3.0170540809631348
3.012908697128296
3.005002021789551
3.0080316066741943
2.998006582260132
3.0106616020202637
3.005254030227661
3.0072903633117676
3.0090842247009277
3.2363436222076416
3.2362778186798096
3.2476391792297363
3.2312514781951904
3.2436435222625732
3.234807014465332
3.216928243637085
3.2385342121124268
3.2291526794433594
3.2106049060821533
29.928285598754883
29.70325469970703
29.39445686340332
28.96142578125
28.86724281311035
28.558021545410156
28.359638214111328
28.224557876586914
27.99618148803711
27.962060928344727
3.1230521202087402
3.1135382652282715
3.1238551139831543
3.0976102352142334
3.1102919578552246
3.100269079208374
3.101755142211914
3.1135618686676025
3.0906620025634766
3.082721471786499
5.529627799987793
5.551084041595459
5.514511585235596
5.526060104370117
5.503393173217773
5.506981372833252
5.4767889976501465
5.4507155418396
5.487482070922852
5.4456963539123535
3.8795158863067627
3.8783507347106934
3.8733484745025635
3.873234510421753
3.873112440109253
3.8745670318603516
3.872908592224121
3.872776508331299
3.873811960220337
3.8756678104400635
44.04364776611328
43.3680419921875
42.79258728027344
42.1053352355957
41.607574462890625
41.11275863647461
40.57460021972656
40.08639907836914
39.5843505859375
39.181861877441406
3.517803907394409
3.518402099609375
3.51814866065979
3.516092300415039
3.516954183578491
3.516231060028076
3.51719069480896
3.5165908336639404
3.5146641731262207
3.515157699584961
20.038440704345703
20.04039192199707
20.081512451171875
20.013729095458984
19.954511642456055
19.81680679321289
19.859643936157227
19.74993896484375
19.647714614868164
19.59049415588379
3.2073974609375
3.2007412910461426
3.207127094268799
3.196629762649536
3.203838348388672
3.198056697845459
3.1956913471221924
3.1954658031463623
3.1932260990142822
3.195998191833496
3.66991925239563
3.695249080657959
3.675851821899414
3.648232936859131
3.6652956008911133
3.611602306365967
3.624812126159668
3.582969903945923
3.5901036262512207
3.5293869972229004
12.049934387207031
11.996417045593262
11.922443389892578
11.882644653320312
11.84453296661377
11.787351608276367
11.76710319519043
11.669017791748047
11.63290786743164
11.599051475524902
2.816781520843506
2.830378770828247
2.827946424484253
2.8088808059692383
2.806213140487671
2.7968943119049072
2.7996346950531006
2.781237840652466
2.7812933921813965
2.7669780254364014
3.7186033725738525
3.717036008834839
3.711287498474121
3.6746740341186523
3.6838772296905518
3.689066171646118
3.675588846206665
3.699248790740967
3.6904683113098145
3.674910306930542
9.05595874786377
8.962587356567383
8.939196586608887
8.894481658935547
8.863868713378906
8.829302787780762
8.739129066467285
8.69222640991211
8.651310920715332
8.641630172729492
2.136493444442749
2.1370511054992676
2.10517954826355
2.1127538681030273
2.102116346359253
2.107314109802246
2.0939559936523438
2.0726499557495117
2.0563066005706787
2.0681910514831543
4.68087100982666
4.681011199951172
4.680859088897705
4.682157039642334
4.683379173278809
4.6815972328186035
4.681360244750977
4.6690802574157715
4.67302942276001
4.670834064483643
3.5493521690368652
3.5495104789733887
3.5491836071014404
3.5469253063201904
3.5498452186584473
3.546558380126953
3.5473949909210205
3.5473880767822266
3.5467417240142822
3.5491507053375244
3.6001250743865967
3.5991082191467285
3.600613832473755
3.599212884902954
3.597937822341919
3.5987236499786377
3.5990660190582275
3.599684476852417
3.6002485752105713
3.5991334915161133
3.4815163612365723
3.4810478687286377
3.4793758392333984
3.475766897201538
3.4850776195526123
3.4786362648010254
3.4772512912750244
3.476351499557495
3.4758846759796143
3.4765326976776123
11.0248441696167
10.987396240234375
10.936030387878418
10.959525108337402
10.952345848083496
10.903523445129395
10.841498374938965
10.887956619262695
10.827155113220215
10.81298828125
3.2584075927734375
3.257401943206787
3.2576520442962646
3.254805564880371
3.2617084980010986
3.252790927886963
3.2558090686798096
3.2457361221313477
3.244279384613037
3.251047134399414
3.509404420852661
3.478647232055664
3.4531214237213135
3.525679111480713
3.4759063720703125
3.4612181186676025
3.469935655593872
3.4189321994781494
3.442399501800537
3.3904526233673096
8.567450523376465
8.440402030944824
8.421110153198242
8.276609420776367
8.207286834716797
8.17857837677002
8.11375904083252
8.117159843444824
8.070793151855469
8.02175235748291
2.596914291381836
2.579216480255127
2.5946459770202637
2.5536205768585205
2.5467939376831055
2.5276386737823486
2.532914161682129
2.521561622619629
2.4984147548675537
2.504021167755127
3.523993730545044
3.526278018951416
3.5258867740631104
3.5123109817504883
3.5230274200439453
3.518587589263916
3.5021395683288574
3.503932476043701
3.498232841491699
3.5048327445983887
18.906869888305664
18.54163932800293
18.152793884277344
17.946033477783203
17.61360740661621
17.185142517089844
16.769771575927734
16.35381317138672
15.964118957519531
15.514301300048828
3.1058127880096436
3.105496644973755
3.096867322921753
3.09037184715271
3.0710601806640625
3.0759010314941406
3.05564022064209
3.046015739440918
3.032141923904419
3.047501802444458
3.560598611831665
3.5594825744628906
3.561067819595337
3.5579679012298584
3.560060501098633
3.55737042427063
3.556652307510376
3.5567171573638916
3.557187795639038
3.5607573986053467
6.836273670196533
6.810741424560547
6.829654693603516
6.768009185791016
6.74808931350708
6.7324700355529785
6.701091289520264
6.693248748779297
6.6678948402404785
6.63983154296875
3.1410627365112305
3.1282060146331787
3.131582736968994
3.127476930618286
3.1350677013397217
3.1308460235595703
3.129887342453003
3.129286527633667
3.1323745250701904
3.1107425689697266
3.7381339073181152
3.73717999458313
3.7435684204101562
3.7418212890625
3.7487738132476807
3.735992431640625
3.7381343841552734
3.7374749183654785
3.7319014072418213
3.735969066619873
8.0267972946167
8.025800704956055
8.01329517364502
7.982783317565918
7.996715545654297
7.961254596710205
7.9292893409729
7.933115005493164
7.9060869216918945
7.898295879364014
2.964848756790161
2.965866804122925
2.9468846321105957
2.937828302383423
2.9347949028015137
2.93729567527771
2.953206777572632
2.907341480255127
2.9019484519958496
2.8970999717712402
3.3796658515930176
3.3106889724731445
3.3044416904449463
3.2943038940429688
3.267373561859131
3.243494749069214
3.270082473754883
3.213505268096924
3.22943115234375
3.1855924129486084
10.674437522888184
10.682690620422363
10.565545082092285
10.579343795776367
10.560319900512695
10.400508880615234
10.4188232421875
10.393689155578613
10.364114761352539
10.265769004821777
3.135491371154785
3.1452224254608154
3.1160478591918945
3.104966640472412
3.109785318374634
3.0787906646728516
3.091000556945801
3.0672483444213867
3.061669111251831
3.060835361480713
5.086941719055176
5.073537826538086
5.051348686218262
5.039629936218262
5.025272369384766
4.976204872131348
5.023069381713867
4.97393274307251
4.980350017547607
4.948387622833252
3.1278719902038574
3.117267608642578
3.1174001693725586
3.078387975692749
3.053349733352661
3.0420732498168945
3.0370278358459473
3.0340397357940674
3.053241014480591
3.0435104370117188
6.818613529205322
6.645373344421387
6.519258499145508
6.341336250305176
6.264925956726074
6.173192501068115
6.0117011070251465
5.992198944091797
6.0174407958984375
5.9500298500061035
4.0573601722717285
4.066340923309326
4.071868896484375
4.0706000328063965
4.077363014221191
4.058785438537598
4.053428649902344
4.058297634124756
4.0515241622924805
4.040229320526123
3.0232977867126465
3.0167899131774902
3.0115723609924316
3.0180845260620117
3.0242369174957275
3.0170788764953613
3.0200743675231934
3.009341239929199
2.9990475177764893
3.001821994781494
12.51163101196289
12.443279266357422
12.258249282836914
12.014664649963379
11.929464340209961
11.734333992004395
11.584453582763672
11.425803184509277
11.174764633178711
11.05198860168457
3.498342514038086
3.4970040321350098
3.4926888942718506
3.484875440597534
3.4710030555725098
3.4722681045532227
3.4402859210968018
3.446659564971924
3.4475820064544678
3.446007251739502
3.8386807441711426
3.836282730102539
3.823558807373047
3.82558536529541
3.8139963150024414
3.81009840965271
3.8127832412719727
3.79643177986145
3.802626848220825
3.7982962131500244
2.748614549636841
2.730670690536499
2.7410521507263184
2.7448856830596924
2.7354071140289307
2.730560779571533
2.678680181503296
2.705322027206421
2.686272621154785
2.6437649726867676
3.06445050239563
3.0761687755584717
3.0664162635803223
3.038206100463867
3.021545171737671
3.0289673805236816
2.978503942489624
2.9981393814086914
2.966737747192383
2.9617486000061035
9.452608108520508
9.132852554321289
8.931998252868652
8.771546363830566
8.630257606506348
8.515922546386719
8.492243766784668
8.304475784301758
8.243280410766602
8.107292175292969
3.0143685340881348
3.003650188446045
2.982045888900757
2.979167938232422
2.9574222564697266
2.9653983116149902
2.9060981273651123
2.913001537322998
2.898688793182373
2.863330602645874
3.679631233215332
3.6700334548950195
3.653541326522827
3.6647331714630127
3.675654888153076
3.6493465900421143
3.6493704319000244
3.6419589519500732
3.6605193614959717
3.6155548095703125
1.889533281326294
1.8556933403015137
1.8329495191574097
1.849014401435852
1.7975118160247803
1.7169770002365112
1.7477177381515503
1.7328765392303467
1.6909114122390747
1.6441543102264404
19.451993942260742
19.252248764038086
19.15719985961914
18.9449520111084
18.684810638427734
18.58050537109375
18.425764083862305
18.23130226135254
17.969100952148438
17.799663543701172
