5.295980930328369
5.252885341644287
5.090231418609619
5.076007843017578
4.912171363830566
5.057488918304443
4.880248069763184
4.731907844543457
4.8122100830078125
4.747233867645264
4.413054943084717
4.396866321563721
4.421990394592285
4.496241569519043
4.223411560058594
4.210981845855713
4.133572578430176
4.146367073059082
4.026989936828613
3.8934571743011475
3.7297425270080566
3.7742457389831543
3.694878101348877
3.621798038482666
3.590444326400757
3.4593193531036377
3.445495128631592
3.3803699016571045
3.3313581943511963
3.2346415519714355
3.102961540222168
3.118497610092163
2.802488088607788
2.9642040729522705
2.8471055030822754
2.793520212173462
2.802581787109375
2.6694958209991455
2.6101746559143066
2.7189009189605713
3.0041613578796387
2.7379913330078125
2.6880605220794678
2.70224928855896
2.614776611328125
2.692323684692383
2.558605194091797
2.58475661277771
2.3405990600585938
2.392470598220825
2.9122562408447266
3.0495026111602783
2.832979679107666
2.931572675704956
2.708203077316284
2.847923994064331
2.6575069427490234
2.7198731899261475
2.515613079071045
2.3804728984832764
3.10780668258667
3.0684142112731934
3.0221877098083496
2.8436484336853027
2.7987430095672607
2.6427626609802246
2.7418978214263916
2.5692620277404785
2.6220204830169678
2.572970390319824
3.1684913635253906
3.082960605621338
3.018911361694336
2.989025115966797
3.0057811737060547
2.835392475128174
2.750081777572632
2.5874686241149902
2.6414549350738525
2.6904208660125732
3.539318084716797
3.3807337284088135
3.3107869625091553
3.275334596633911
3.33130145072937
3.2795557975769043
3.2619152069091797
3.1258602142333984
3.252105712890625
2.9841580390930176
4.3899102210998535
4.308821678161621
4.124080657958984
4.094308853149414
3.9714882373809814
3.8655691146850586
3.6530165672302246
3.5200443267822266
3.52154278755188
3.3551745414733887
3.3149807453155518
3.3243255615234375
3.201023578643799
3.104870319366455
2.9999043941497803
2.9539570808410645
2.8951478004455566
2.8084981441497803
2.644061326980591
2.727421283721924
2.8789474964141846
2.799576997756958
2.7333121299743652
2.6653590202331543
2.603844404220581
2.685720443725586
2.421271562576294
2.413849353790283
2.3090221881866455
2.2713820934295654
2.7085485458374023
2.7554545402526855
2.5094358921051025
2.5565345287323
2.442824602127075
2.4278342723846436
2.379511833190918
2.3244106769561768
2.170471429824829
2.1679863929748535
2.7332000732421875
2.70428204536438
2.593273401260376
2.5912907123565674
2.512559413909912
2.49273681640625
2.413971185684204
2.338313102722168
2.3036584854125977
2.23005747795105
2.846470355987549
2.886047601699829
2.851806879043579
2.790492296218872
2.7178666591644287
2.6929259300231934
2.546990394592285
2.6721110343933105
2.4866342544555664
2.6196279525756836
3.1201817989349365
3.0448291301727295
3.0836033821105957
2.893826723098755
2.9165310859680176
2.9334981441497803
2.747615337371826
2.7392635345458984
2.7192800045013428
2.5906119346618652
2.8229098320007324
2.639492988586426
2.5537755489349365
2.625060558319092
2.6647963523864746
2.558927536010742
2.416332483291626
2.39810848236084
2.39152193069458
2.3783698081970215
2.9471986293792725
2.893052577972412
2.7806320190429688
2.752772808074951
2.8290138244628906
2.7885468006134033
2.741572141647339
2.6308670043945312
2.5776822566986084
2.529311418533325
5.762996673583984
5.504940986633301
5.291381359100342
5.099216461181641
4.7242841720581055
4.518454551696777
4.379763126373291
4.300938606262207
4.165266513824463
3.9110236167907715
3.554450511932373
3.468693733215332
3.3860669136047363
3.1767754554748535
3.0573859214782715
3.0202198028564453
2.8265371322631836
2.8032162189483643
2.8081464767456055
2.5946760177612305
2.7367982864379883
2.5697576999664307
2.5598371028900146
2.528715133666992
2.376929521560669
2.288029432296753
2.1552696228027344
2.1724653244018555
2.093043565750122
2.046069383621216
2.403419256210327
2.410264730453491
2.3238203525543213
2.235215187072754
2.2058236598968506
2.068666696548462
1.9948087930679321
1.958592414855957
1.900693655014038
1.882533073425293
2.8494434356689453
2.796659469604492
2.6202447414398193
2.595498561859131
2.4273862838745117
2.4460084438323975
2.4425861835479736
2.273961305618286
2.2283599376678467
2.1458656787872314
2.541832208633423
2.5806808471679688
2.444101095199585
2.410132646560669
2.3878462314605713
2.3197264671325684
2.1129395961761475
2.1151294708251953
2.0198771953582764
2.064300298690796
2.639512062072754
2.6540822982788086
2.5476973056793213
2.5353169441223145
2.513751745223999
2.4709513187408447
2.316617965698242
2.405980110168457
2.225306749343872
2.225588798522949
2.903378963470459
2.7741143703460693
2.732543468475342
2.6820600032806396
2.5100936889648438
2.597539186477661
2.443425178527832
2.469496250152588
2.4044735431671143
2.2663168907165527
3.0664305686950684
3.094505548477173
2.865767478942871
2.945005178451538
2.8430073261260986
2.7752838134765625
2.846944808959961
2.6220808029174805
2.556574821472168
2.5368270874023438
6.994226455688477
6.795315742492676
6.65328311920166
6.634438514709473
6.395895004272461
6.28878116607666
6.245253562927246
6.080277442932129
6.012569904327393
5.859158039093018
6.107065677642822
5.9827880859375
5.830990314483643
5.7102532386779785
5.547004222869873
5.409811496734619
5.469985008239746
5.319055080413818
5.126948833465576
5.130081653594971
5.798476219177246
5.6358866691589355
5.5587663650512695
5.364091873168945
5.1948089599609375
5.170042037963867
5.114943504333496
4.906455993652344
4.815634250640869
4.73914909362793
4.763249397277832
4.558378219604492
4.483983516693115
4.421126365661621
4.21830940246582
4.222113609313965
4.191547393798828
4.095438003540039
3.8321661949157715
3.86553955078125
3.9936602115631104
3.958484411239624
3.8463311195373535
3.8119983673095703
3.7688381671905518
3.661907196044922
3.564567804336548
3.49383807182312
3.412200927734375
3.277163505554199
3.9721643924713135
3.9846506118774414
3.782179355621338
3.811159610748291
3.7905707359313965
3.588273525238037
3.569380283355713
3.4299306869506836
3.3381881713867188
3.3096446990966797
4.116128444671631
3.9657793045043945
3.941175937652588
3.8210415840148926
3.7552883625030518
3.62564754486084
3.505547046661377
3.5144126415252686
3.4401235580444336
3.4059393405914307
3.0478594303131104
3.0419423580169678
2.958333969116211
2.8795976638793945
2.808779001235962
2.7587368488311768
2.6584746837615967
2.602876901626587
2.57175874710083
2.508435010910034
3.457775592803955
3.3651492595672607
3.2293543815612793
3.2590696811676025
3.088298797607422
3.091905117034912
3.0430197715759277
2.9871363639831543
2.9504282474517822
2.824338912963867
3.3002710342407227
3.1029815673828125
2.9791152477264404
2.8329830169677734
2.6615707874298096
2.560824155807495
2.4228482246398926
2.310999631881714
2.2252089977264404
2.053086996078491
2.0964386463165283
1.944699764251709
1.8626097440719604
1.7844501733779907
1.6880536079406738
1.6188806295394897
1.4758275747299194
1.4612483978271484
1.4658896923065186
1.346913456916809
1.6653259992599487
1.6552510261535645
1.4662268161773682
1.510135293006897
1.4307621717453003
1.3765907287597656
1.3103408813476562
1.3221849203109741
1.209823489189148
1.1760939359664917
1.7761547565460205
1.784031629562378
1.6838772296905518
1.5943632125854492
1.582340121269226
1.5776550769805908
1.4633575677871704
1.4376416206359863
1.433296799659729
1.3073111772537231
2.337937831878662
2.1852633953094482
2.088958501815796
2.100466251373291
1.9433963298797607
1.9291424751281738
1.878130316734314
1.8237658739089966
1.7205289602279663
1.679655909538269
2.540093183517456
2.514544725418091
2.376258373260498
2.305337905883789
2.261443614959717
2.217040777206421
2.101933002471924
2.0120437145233154
1.8149495124816895
1.8709924221038818
2.4589619636535645
2.35858154296875
2.2789671421051025
2.1784772872924805
2.1187009811401367
2.037175416946411
2.0257561206817627
1.9530938863754272
1.886176586151123
1.8682942390441895
2.693861961364746
2.642972946166992
2.5701653957366943
2.4933531284332275
2.3538835048675537
2.302374839782715
2.318594217300415
2.234750509262085
2.1753602027893066
2.097659111022949
3.1195034980773926
3.056365966796875
3.040956974029541
2.953817129135132
2.8436026573181152
2.7957940101623535
2.738457679748535
2.6763975620269775
2.5991103649139404
2.5473897457122803
6.901326656341553
6.593294143676758
6.591214656829834
6.303337097167969
6.182319164276123
6.008655071258545
5.889891624450684
5.673901557922363
5.51663875579834
5.405949115753174
5.3284807205200195
5.139799118041992
5.131400108337402
4.916720867156982
4.865196228027344
4.711756706237793
4.569845199584961
4.404062271118164
4.3665008544921875
4.270724773406982
4.3815598487854
4.291594505310059
4.156186103820801
4.096688270568848
3.967047929763794
3.8790946006774902
3.88889217376709
3.7599027156829834
3.7200064659118652
3.625642776489258
4.285549640655518
4.249333381652832
4.094845771789551
4.069529056549072
4.01882266998291
3.9140543937683105
3.8424367904663086
3.705277919769287
3.7229771614074707
3.544198751449585
4.555941581726074
4.398138046264648
4.383251190185547
4.270210266113281
4.167416572570801
4.100577354431152
3.937079668045044
3.9534218311309814
3.761631727218628
3.8370912075042725
3.5854122638702393
3.452482223510742
3.4409050941467285
3.3988420963287354
3.30580735206604
3.12441086769104
3.220576047897339
3.1921188831329346
3.0361337661743164
3.0547704696655273
3.6697659492492676
3.531126022338867
3.4250893592834473
3.3830175399780273
3.2997183799743652
3.2027711868286133
3.1741268634796143
3.0906941890716553
3.0548901557922363
2.919039487838745
3.3068222999572754
3.2629382610321045
3.133632183074951
3.089437246322632
3.041337490081787
2.94160795211792
2.8976924419403076
2.716074228286743
2.804065227508545
2.7307772636413574
3.0895087718963623
2.979414463043213
2.9603025913238525
2.927037000656128
2.8712375164031982
2.788238286972046
2.819758415222168
2.736161231994629
2.668710470199585
2.681583881378174
