5.295980930328369
5.252885341644287
5.090231418609619
5.076007843017578
4.912171363830566
5.057488918304443
4.880248069763184
4.731907844543457
4.8122100830078125
4.747233867645264
4.413054943084717
4.396866321563721
4.421990394592285
4.496241569519043
4.223411560058594
4.210981845855713
4.133572578430176
4.146367073059082
4.026989936828613
3.8934571743011475
3.7297425270080566
3.7742457389831543
3.694878101348877
3.621798038482666
3.590444326400757
3.4593193531036377
3.445495128631592
3.3803699016571045
3.3313581943511963
3.2346415519714355
3.102961540222168
3.118497610092163
2.802488088607788
2.9642040729522705
2.8471055030822754
2.793520212173462
2.802581787109375
2.6694958209991455
2.6101746559143066
2.7189009189605713
3.0041613578796387
2.7379913330078125
2.6880605220794678
2.70224928855896
2.614776611328125
2.692323684692383
2.558605194091797
2.58475661277771
2.3405990600585938
2.392470598220825
2.9122562408447266
3.0495026111602783
2.832979679107666
2.931572675704956
2.708203077316284
2.847923994064331
2.6575069427490234
2.7198731899261475
2.515613079071045
2.3804728984832764
3.10780668258667
3.0684142112731934
3.0221877098083496
2.8436484336853027
2.7987430095672607
2.6427626609802246
2.7418978214263916
2.5692620277404785
2.6220204830169678
2.572970390319824
3.1684913635253906
3.082960605621338
3.018911361694336
2.989025115966797
3.0057811737060547
2.835392475128174
2.750081777572632
2.5874686241149902
2.6414549350738525
2.6904208660125732
3.539318084716797
3.3807337284088135
3.3107869625091553
3.275334596633911
3.33130145072937
3.2795557975769043
3.2619152069091797
3.1258602142333984
3.252105712890625
2.9841580390930176
