5.295980930328369
5.252885341644287
5.090231418609619
5.076007843017578
4.912171363830566
5.057488918304443
4.880248069763184
4.731907844543457
4.8122100830078125
4.747233867645264
4.413054943084717
4.396866321563721
4.421990394592285
4.496241569519043
4.223411560058594
4.210981845855713
4.133572578430176
4.146367073059082
4.026989936828613
3.8934571743011475
3.7297425270080566
3.7742457389831543
3.694878101348877
3.621798038482666
3.590444326400757
3.4593193531036377
3.445495128631592
3.3803699016571045
3.3313581943511963
3.2346415519714355
3.102961540222168
3.118497610092163
2.802488088607788
2.9642040729522705
2.8471055030822754
2.793520212173462
2.802581787109375
2.6694958209991455
2.6101746559143066
2.7189009189605713
3.0041613578796387
2.7379913330078125
2.6880605220794678
2.70224928855896
2.614776611328125
2.692323684692383
2.558605194091797
2.58475661277771
2.3405990600585938
2.392470598220825
2.9122562408447266
3.0495026111602783
2.832979679107666
2.931572675704956
2.708203077316284
2.847923994064331
2.6575069427490234
2.7198731899261475
2.515613079071045
2.3804728984832764
3.10780668258667
3.0684142112731934
3.0221877098083496
2.8436484336853027
2.7987430095672607
2.6427626609802246
2.7418978214263916
2.5692620277404785
2.6220204830169678
2.572970390319824
3.1684913635253906
3.082960605621338
3.018911361694336
2.989025115966797
3.0057811737060547
2.835392475128174
2.750081777572632
2.5874686241149902
2.6414549350738525
2.6904208660125732
3.539318084716797
3.3807337284088135
3.3107869625091553
3.275334596633911
3.33130145072937
3.2795557975769043
3.2619152069091797
3.1258602142333984
3.252105712890625
2.9841580390930176
4.3899102210998535
4.308821678161621
4.124080657958984
4.094308853149414
3.9714882373809814
3.8655691146850586
3.6530165672302246
3.5200443267822266
3.52154278755188
3.3551745414733887
3.3149807453155518
3.3243255615234375
3.201023578643799
3.104870319366455
2.9999043941497803
2.9539570808410645
2.8951478004455566
2.8084981441497803
2.644061326980591
2.727421283721924
2.8789474964141846
2.799576997756958
2.7333121299743652
2.6653590202331543
2.603844404220581
2.685720443725586
2.421271562576294
2.413849353790283
2.3090221881866455
2.2713820934295654
2.7085485458374023
2.7554545402526855
2.5094358921051025
2.5565345287323
2.442824602127075
2.4278342723846436
2.379511833190918
2.3244106769561768
2.170471429824829
2.1679863929748535
2.7332000732421875
2.70428204536438
2.593273401260376
2.5912907123565674
2.512559413909912
2.49273681640625
2.413971185684204
2.338313102722168
2.3036584854125977
2.23005747795105
2.846470355987549
2.886047601699829
2.851806879043579
2.790492296218872
2.7178666591644287
2.6929259300231934
2.546990394592285
2.6721110343933105
2.4866342544555664
2.6196279525756836
3.1201817989349365
3.0448291301727295
3.0836033821105957
2.893826723098755
2.9165310859680176
2.9334981441497803
2.747615337371826
2.7392635345458984
2.7192800045013428
2.5906119346618652
2.8229098320007324
2.639492988586426
2.5537755489349365
2.625060558319092
2.6647963523864746
2.558927536010742
2.416332483291626
2.39810848236084
2.39152193069458
2.3783698081970215
2.9471986293792725
2.893052577972412
2.7806320190429688
2.752772808074951
2.8290138244628906
2.7885468006134033
2.741572141647339
2.6308670043945312
2.5776822566986084
2.529311418533325
5.762996673583984
5.504940986633301
5.291381359100342
5.099216461181641
4.7242841720581055
4.518454551696777
4.379763126373291
4.300938606262207
4.165266513824463
3.9110236167907715
3.554450511932373
3.468693733215332
3.3860669136047363
3.1767754554748535
3.0573859214782715
3.0202198028564453
2.8265371322631836
2.8032162189483643
2.8081464767456055
2.5946760177612305
2.7367982864379883
2.5697576999664307
2.5598371028900146
2.528715133666992
2.376929521560669
2.288029432296753
2.1552696228027344
2.1724653244018555
2.093043565750122
2.046069383621216
2.403419256210327
2.410264730453491
2.3238203525543213
2.235215187072754
2.2058236598968506
2.068666696548462
1.9948087930679321
1.958592414855957
1.900693655014038
1.882533073425293
2.8494434356689453
2.796659469604492
2.6202447414398193
2.595498561859131
2.4273862838745117
2.4460084438323975
2.4425861835479736
2.273961305618286
2.2283599376678467
2.1458656787872314
2.541832208633423
2.5806808471679688
2.444101095199585
2.410132646560669
2.3878462314605713
2.3197264671325684
2.1129395961761475
2.1151294708251953
2.0198771953582764
2.064300298690796
2.639512062072754
2.6540822982788086
2.5476973056793213
2.5353169441223145
2.513751745223999
2.4709513187408447
2.316617965698242
2.405980110168457
2.225306749343872
2.225588798522949
2.903378963470459
2.7741143703460693
2.732543468475342
2.6820600032806396
2.5100936889648438
2.597539186477661
2.443425178527832
2.469496250152588
2.4044735431671143
2.2663168907165527
3.0664305686950684
3.094505548477173
2.865767478942871
2.945005178451538
2.8430073261260986
2.7752838134765625
2.846944808959961
2.6220808029174805
2.556574821472168
2.5368270874023438
6.994226455688477
6.795315742492676
6.65328311920166
6.634438514709473
6.395895004272461
6.28878116607666
6.245253562927246
6.080277442932129
6.012569904327393
5.859158039093018
6.107065677642822
5.9827880859375
5.830990314483643
5.7102532386779785
5.547004222869873
5.409811496734619
5.469985008239746
5.319055080413818
5.126948833465576
5.130081653594971
5.798476219177246
5.6358866691589355
5.5587663650512695
5.364091873168945
5.1948089599609375
5.170042037963867
5.114943504333496
4.906455993652344
4.815634250640869
4.73914909362793
4.763249397277832
4.558378219604492
4.483983516693115
4.421126365661621
4.21830940246582
4.222113609313965
4.191547393798828
4.095438003540039
3.8321661949157715
3.86553955078125
3.9936602115631104
3.958484411239624
3.8463311195373535
3.8119983673095703
3.7688381671905518
3.661907196044922
3.564567804336548
3.49383807182312
3.412200927734375
3.277163505554199
3.9721643924713135
3.9846506118774414
3.782179355621338
3.811159610748291
3.7905707359313965
3.588273525238037
3.569380283355713
3.4299306869506836
3.3381881713867188
3.3096446990966797
4.116128444671631
3.9657793045043945
3.941175937652588
3.8210415840148926
3.7552883625030518
3.62564754486084
3.505547046661377
3.5144126415252686
3.4401235580444336
3.4059393405914307
3.0478594303131104
3.0419423580169678
2.958333969116211
2.8795976638793945
2.808779001235962
2.7587368488311768
2.6584746837615967
2.602876901626587
2.57175874710083
2.508435010910034
3.457775592803955
3.3651492595672607
3.2293543815612793
3.2590696811676025
3.088298797607422
3.091905117034912
3.0430197715759277
2.9871363639831543
2.9504282474517822
2.824338912963867
3.3002710342407227
3.1029815673828125
2.9791152477264404
2.8329830169677734
2.6615707874298096
2.560824155807495
2.4228482246398926
2.310999631881714
2.2252089977264404
2.053086996078491
2.0964386463165283
1.944699764251709
1.8626097440719604
1.7844501733779907
1.6880536079406738
1.6188806295394897
1.4758275747299194
1.4612483978271484
1.4658896923065186
1.346913456916809
1.6653259992599487
1.6552510261535645
1.4662268161773682
1.510135293006897
1.4307621717453003
1.3765907287597656
1.3103408813476562
1.3221849203109741
1.209823489189148
1.1760939359664917
1.7761547565460205
1.784031629562378
1.6838772296905518
1.5943632125854492
1.582340121269226
1.5776550769805908
1.4633575677871704
1.4376416206359863
1.433296799659729
1.3073111772537231
2.337937831878662
2.1852633953094482
2.088958501815796
2.100466251373291
1.9433963298797607
1.9291424751281738
1.878130316734314
1.8237658739089966
1.7205289602279663
1.679655909538269
2.540093183517456
2.514544725418091
2.376258373260498
2.305337905883789
2.261443614959717
2.217040777206421
2.101933002471924
2.0120437145233154
1.8149495124816895
1.8709924221038818
2.4589619636535645
2.35858154296875
2.2789671421051025
2.1784772872924805
2.1187009811401367
2.037175416946411
2.0257561206817627
1.9530938863754272
1.886176586151123
1.8682942390441895
2.693861961364746
2.642972946166992
2.5701653957366943
2.4933531284332275
2.3538835048675537
2.302374839782715
2.318594217300415
2.234750509262085
2.1753602027893066
2.097659111022949
3.1195034980773926
3.056365966796875
3.040956974029541
2.953817129135132
2.8436026573181152
2.7957940101623535
2.738457679748535
2.6763975620269775
2.5991103649139404
2.5473897457122803
6.901326656341553
6.593294143676758
6.591214656829834
6.303337097167969
6.182319164276123
6.008655071258545
5.889891624450684
5.673901557922363
5.51663875579834
5.405949115753174
5.3284807205200195
5.139799118041992
5.131400108337402
4.916720867156982
4.865196228027344
4.711756706237793
4.569845199584961
4.404062271118164
4.3665008544921875
4.270724773406982
4.3815598487854
4.291594505310059
4.156186103820801
4.096688270568848
3.967047929763794
3.8790946006774902
3.88889217376709
3.7599027156829834
3.7200064659118652
3.625642776489258
4.285549640655518
4.249333381652832
4.094845771789551
4.069529056549072
4.01882266998291
3.9140543937683105
3.8424367904663086
3.705277919769287
3.7229771614074707
3.544198751449585
4.555941581726074
4.398138046264648
4.383251190185547
4.270210266113281
4.167416572570801
4.100577354431152
3.937079668045044
3.9534218311309814
3.761631727218628
3.8370912075042725
3.5854122638702393
3.452482223510742
3.4409050941467285
3.3988420963287354
3.30580735206604
3.12441086769104
3.220576047897339
3.1921188831329346
3.0361337661743164
3.0547704696655273
3.6697659492492676
3.531126022338867
3.4250893592834473
3.3830175399780273
3.2997183799743652
3.2027711868286133
3.1741268634796143
3.0906941890716553
3.0548901557922363
2.919039487838745
3.3068222999572754
3.2629382610321045
3.133632183074951
3.089437246322632
3.041337490081787
2.94160795211792
2.8976924419403076
2.716074228286743
2.804065227508545
2.7307772636413574
3.0895087718963623
2.979414463043213
2.9603025913238525
2.927037000656128
2.8712375164031982
2.788238286972046
2.819758415222168
2.736161231994629
2.668710470199585
2.681583881378174
5.807461261749268
5.601696491241455
5.4249773025512695
5.280615329742432
5.130064010620117
4.946961402893066
4.853292942047119
4.710020065307617
4.497805595397949
4.378554821014404
4.10006856918335
3.983424663543701
3.871534824371338
3.746899127960205
3.636444091796875
3.536470651626587
3.4527347087860107
3.361599922180176
3.299541711807251
3.2049174308776855
3.0460526943206787
2.952082633972168
2.895989179611206
2.7976014614105225
2.7502784729003906
2.7117719650268555
2.593414068222046
2.5213170051574707
2.520878314971924
2.4695322513580322
2.4649248123168945
2.3782641887664795
2.328645706176758
2.3893935680389404
2.229762077331543
2.19486665725708
2.1154961585998535
2.118947982788086
2.0334432125091553
2.1139256954193115
2.2627902030944824
2.2115914821624756
2.243100881576538
2.09724760055542
2.106694459915161
2.041620969772339
1.986287236213684
1.923409342765808
1.9719103574752808
1.9129142761230469
2.264706611633301
2.203571081161499
2.1610381603240967
2.1003546714782715
2.0874862670898438
2.0435149669647217
1.9789669513702393
1.9116003513336182
1.828912377357483
1.8442258834838867
2.643312692642212
2.510491371154785
2.4286811351776123
2.3597705364227295
2.2967705726623535
2.2787251472473145
2.1845123767852783
2.1489670276641846
2.0868961811065674
2.0165212154388428
2.7772200107574463
2.7286007404327393
2.6352384090423584
2.539543628692627
2.4677207469940186
2.448105812072754
2.3816092014312744
2.3582394123077393
2.254908323287964
2.181579351425171
3.0860953330993652
3.083693504333496
3.0214078426361084
2.9551427364349365
2.886132001876831
2.8054823875427246
2.7677531242370605
2.632220983505249
2.675114631652832
2.594136953353882
6.253604412078857
6.118588447570801
5.899482250213623
5.849299907684326
5.614659786224365
5.473756313323975
5.301815032958984
5.1981096267700195
5.0753278732299805
4.924870491027832
4.780543804168701
4.6609930992126465
4.534358978271484
4.473420143127441
4.385978698730469
4.229644775390625
4.190509796142578
4.097519397735596
4.015016078948975
3.931755781173706
3.874056816101074
3.7378652095794678
3.698683977127075
3.606780767440796
3.491100788116455
3.457159996032715
3.406400203704834
3.304539203643799
3.2136943340301514
3.1614489555358887
3.2934136390686035
3.166346788406372
3.1096994876861572
3.022768974304199
3.0337045192718506
2.8862197399139404
2.8452610969543457
2.7813589572906494
2.74188494682312
2.653519868850708
3.1086339950561523
2.99623441696167
2.914850950241089
2.834972620010376
2.7364253997802734
2.600857734680176
2.578369140625
2.5006048679351807
2.41965651512146
2.386868715286255
3.0803678035736084
3.0302839279174805
2.857697010040283
2.7076735496520996
2.676419973373413
2.5126681327819824
2.5292809009552
2.3710339069366455
2.3356733322143555
2.285792827606201
3.197730541229248
3.048100471496582
2.9971938133239746
2.8249495029449463
2.8091561794281006
2.7052419185638428
2.630523920059204
2.55161452293396
2.5397279262542725
2.4675378799438477
3.0518879890441895
2.9781227111816406
2.898552417755127
2.7899606227874756
2.7574973106384277
2.629652500152588
2.6612000465393066
2.6035945415496826
2.5041935443878174
2.4574098587036133
3.0761559009552
3.0131783485412598
2.9598193168640137
2.8938674926757812
2.8408548831939697
2.8505568504333496
2.704824686050415
2.6317481994628906
2.585839033126831
2.5694823265075684
7.927937030792236
7.539026260375977
7.333953857421875
7.136337757110596
6.849979400634766
6.666261672973633
6.450479984283447
6.265167236328125
6.123987197875977
5.940845489501953
5.655763149261475
5.5333662033081055
5.415946006774902
5.280163764953613
5.165136814117432
5.074374675750732
4.93632173538208
4.8650665283203125
4.753323078155518
4.714404582977295
4.507875442504883
4.448488235473633
4.317530155181885
4.2626824378967285
4.180882453918457
4.123915195465088
4.040138244628906
4.0185933113098145
3.8897545337677
3.8247246742248535
4.172360420227051
4.132427215576172
3.9763574600219727
3.902554512023926
3.859830141067505
3.790018081665039
3.7870640754699707
3.628568172454834
3.5942485332489014
3.493364095687866
3.8933966159820557
3.8480260372161865
3.7214508056640625
3.697148084640503
3.5582239627838135
3.3903956413269043
3.407366991043091
3.326209306716919
3.237175464630127
3.2452025413513184
4.025290489196777
3.9164741039276123
3.801645040512085
3.649052619934082
3.608846426010132
3.4333670139312744
3.343958854675293
3.3292136192321777
3.2533178329467773
3.2057039737701416
3.4867777824401855
3.3763904571533203
3.283306121826172
3.2536702156066895
3.169785976409912
3.082712411880493
3.0192108154296875
2.9604902267456055
2.894514322280884
2.812544345855713
3.526120662689209
3.566664218902588
3.4385581016540527
3.3763864040374756
3.2866687774658203
3.311619758605957
3.154937267303467
3.1331381797790527
3.0415756702423096
2.976271152496338
3.3188564777374268
3.302798271179199
3.1715128421783447
3.2048394680023193
3.0256083011627197
2.9602527618408203
2.9598898887634277
2.8533802032470703
2.8484346866607666
2.7630720138549805
5.5603556632995605
5.371603488922119
5.1756367683410645
5.003551959991455
4.81877326965332
4.570072650909424
4.409510135650635
4.215134143829346
3.999488115310669
3.8550920486450195
3.603268623352051
3.449249029159546
3.309699535369873
3.143043279647827
2.9696176052093506
2.8537631034851074
2.756610870361328
2.602078914642334
2.4795093536376953
2.3122522830963135
2.4584643840789795
2.3085124492645264
2.2218539714813232
2.1280367374420166
2.0179197788238525
1.9709677696228027
1.898384690284729
1.800812005996704
1.719092845916748
1.6423656940460205
2.3564453125
2.2574737071990967
2.1340532302856445
2.060791015625
1.9937933683395386
1.8899742364883423
1.8349229097366333
1.700100302696228
1.7185285091400146
1.6547352075576782
2.3797969818115234
2.248304843902588
2.1490578651428223
2.1578593254089355
2.011988878250122
1.963741421699524
1.8560150861740112
1.782954216003418
1.7153338193893433
1.6537344455718994
2.7778496742248535
2.7026145458221436
2.531419038772583
2.523637294769287
2.4478328227996826
2.2709903717041016
2.178898334503174
2.160897731781006
2.0846805572509766
1.9987140893936157
2.887021780014038
2.729871988296509
2.683602809906006
2.5430922508239746
2.449180841445923
2.3345885276794434
2.3188092708587646
2.266068696975708
2.164991617202759
2.0388402938842773
2.715568780899048
2.71052885055542
2.5311665534973145
2.5589470863342285
2.4522714614868164
2.374378204345703
2.3417651653289795
2.22126841545105
2.1833503246307373
2.0672857761383057
2.727142572402954
2.714587688446045
2.5872857570648193
2.554811477661133
2.5090203285217285
2.408599376678467
2.3497724533081055
2.2728171348571777
2.1828503608703613
2.175720691680908
4.015011310577393
3.8409652709960938
3.636080026626587
3.4069392681121826
3.268781900405884
3.1402015686035156
3.0036966800689697
2.875633716583252
2.7621865272521973
2.6688387393951416
2.772718667984009
2.6620559692382812
2.595242738723755
2.497197389602661
2.4096429347991943
2.283703565597534
2.2242751121520996
2.147165298461914
2.0282535552978516
1.9879189729690552
2.3847503662109375
2.315089225769043
2.237898826599121
2.197174072265625
2.054980516433716
2.0150132179260254
1.9319409132003784
1.8953545093536377
1.8084172010421753
1.7558091878890991
2.5255839824676514
2.4796323776245117
2.4098501205444336
2.273496627807617
2.1936726570129395
2.108435869216919
2.119471549987793
2.0764756202697754
2.0027384757995605
1.991698145866394
2.797480821609497
2.766484498977661
2.6469717025756836
2.6019153594970703
2.5273096561431885
2.4677860736846924
2.4238643646240234
2.3857812881469727
2.3186628818511963
2.29013991355896
2.6501970291137695
2.6266231536865234
2.538883686065674
2.4551053047180176
2.400641441345215
2.3523809909820557
2.303534746170044
2.338425636291504
2.239021062850952
2.210681200027466
2.896789073944092
2.8657331466674805
2.8007044792175293
2.7706425189971924
2.662604808807373
2.659564256668091
2.666144609451294
2.574753522872925
2.4986517429351807
2.491164207458496
3.356485605239868
3.3101158142089844
3.25539493560791
3.250185966491699
3.120468854904175
3.0341765880584717
3.047102212905884
2.9447243213653564
2.9453530311584473
2.900728464126587
3.2300658226013184
3.1814351081848145
3.1533429622650146
3.0801753997802734
3.059058427810669
3.0124869346618652
2.9474639892578125
2.895559549331665
2.9017333984375
2.8211090564727783
5.948034286499023
5.76745080947876
5.628785133361816
5.437041759490967
5.3248982429504395
5.128701210021973
5.015237808227539
4.899531364440918
4.760686874389648
4.6772356033325195
4.589951992034912
4.483364582061768
4.368963241577148
4.289510250091553
4.220250129699707
4.075436592102051
3.9803004264831543
3.876476764678955
3.825448989868164
3.711902141571045
4.13074254989624
4.051126480102539
3.908357620239258
3.8095219135284424
3.7425026893615723
3.654848337173462
3.5418717861175537
3.4802334308624268
3.4296810626983643
3.333801746368408
3.9553329944610596
3.848994255065918
3.7680180072784424
3.6654958724975586
3.5260705947875977
3.448862075805664
3.367253541946411
3.2376389503479004
3.197192668914795
3.133436441421509
4.117736339569092
3.9313037395477295
3.8079302310943604
3.647472858428955
3.5367536544799805
3.468092918395996
3.438760995864868
3.3075978755950928
3.3009798526763916
3.1747894287109375
4.109816074371338
4.00497579574585
3.8651983737945557
3.780715227127075
3.742464303970337
3.6591620445251465
3.5421297550201416
3.4330713748931885
3.3164281845092773
3.2392473220825195
3.5393338203430176
3.3733298778533936
3.34653639793396
3.242307662963867
3.160308361053467
3.128787040710449
3.073625087738037
2.9860751628875732
2.9204955101013184
2.9015965461730957
3.7505364418029785
3.655778408050537
3.5843400955200195
3.461613416671753
3.3838372230529785
3.3615593910217285
3.2121944427490234
3.1583194732666016
3.1248342990875244
3.0186522006988525
3.408649444580078
3.34190034866333
3.223379135131836
3.161271095275879
3.1395046710968018
3.044069290161133
2.9917476177215576
2.8754560947418213
2.8868041038513184
2.791431188583374
5.313122272491455
5.046483993530273
4.77180290222168
4.5332112312316895
4.285994052886963
4.052642345428467
3.8574090003967285
3.638543128967285
3.5023560523986816
3.3386826515197754
3.346165657043457
3.141610622406006
3.02479887008667
2.8824217319488525
2.8049685955047607
2.695920944213867
2.544525623321533
2.4582021236419678
2.3423378467559814
2.268467664718628
2.536414384841919
2.4420883655548096
2.319265604019165
2.1911404132843018
2.0948970317840576
2.029208183288574
2.000030755996704
1.8689144849777222
1.843824863433838
1.81461501121521
2.639077663421631
2.4991891384124756
2.449275016784668
2.300733804702759
2.216167688369751
2.114539623260498
2.1046547889709473
1.9910736083984375
1.9598411321640015
1.8663241863250732
3.08437180519104
2.9664955139160156
2.8609256744384766
2.7598824501037598
2.717452049255371
2.5861008167266846
2.5546045303344727
2.434349536895752
2.347308397293091
2.270033597946167
2.9091107845306396
2.8609211444854736
2.7135043144226074
2.7276859283447266
2.5776307582855225
2.478278875350952
2.4548988342285156
2.379601240158081
2.2497482299804688
2.184583902359009
3.027053117752075
2.945981025695801
2.915635824203491
2.837045431137085
2.73842716217041
2.7286150455474854
2.5628137588500977
2.5550596714019775
2.451387882232666
2.409724235534668
3.436638355255127
3.316333055496216
3.2879481315612793
3.1888039112091064
3.1357390880584717
3.0604121685028076
2.9405922889709473
2.8646957874298096
2.8170104026794434
2.8029332160949707
3.2708163261413574
3.149364948272705
3.140442371368408
3.0832862854003906
3.0692057609558105
2.902177095413208
2.8564319610595703
2.8200085163116455
2.7695353031158447
2.634408712387085
6.76715612411499
6.4310102462768555
6.202253818511963
5.965530872344971
5.755244255065918
5.593898296356201
5.3698320388793945
5.214970588684082
5.059206008911133
4.8159871101379395
4.751177787780762
4.6329522132873535
4.470764636993408
4.36444616317749
4.242664337158203
4.143115997314453
4.034036636352539
3.9385430812835693
3.859247922897339
3.784076690673828
4.229598045349121
4.073634624481201
3.970247268676758
3.8944783210754395
3.7689168453216553
3.700087547302246
3.5706276893615723
3.489574432373047
3.443615198135376
3.3196494579315186
3.8763062953948975
3.78375244140625
3.6646840572357178
3.495851516723633
3.4242372512817383
3.337306261062622
3.1806180477142334
3.100595712661743
3.0023531913757324
2.9518394470214844
3.8639466762542725
3.6964640617370605
3.5751888751983643
3.4781243801116943
3.2246835231781006
3.136894941329956
3.086845636367798
3.0393545627593994
2.9253947734832764
2.873445749282837
3.787121295928955
3.6012911796569824
3.445485830307007
3.2880561351776123
3.247466564178467
3.162137031555176
3.0433404445648193
2.9170238971710205
2.7915995121002197
2.6929616928100586
3.7416374683380127
3.6462881565093994
3.4457814693450928
3.246548891067505
3.1317825317382812
3.048633575439453
3.068927526473999
2.8849592208862305
2.850301742553711
2.7403347492218018
3.7127134799957275
3.548309564590454
3.3897078037261963
3.3448901176452637
3.241833209991455
3.142639636993408
3.183635950088501
2.988309621810913
2.951631784439087
2.7396464347839355
3.6426727771759033
3.4733335971832275
3.376182794570923
3.3441414833068848
3.161438226699829
3.1835923194885254
3.0610203742980957
2.9930272102355957
2.8963987827301025
2.8648602962493896
3.7322590351104736
3.447622299194336
3.2013440132141113
3.072812080383301
2.812222480773926
2.640953302383423
2.5211362838745117
2.298992156982422
2.1906347274780273
2.016927480697632
2.152834177017212
2.0132765769958496
1.8899930715560913
1.7587292194366455
1.6058443784713745
1.4999454021453857
1.4302423000335693
1.2870341539382935
1.2206175327301025
1.1811044216156006
1.6348599195480347
1.6139503717422485
1.4026747941970825
1.370476484298706
1.3254780769348145
1.2358628511428833
1.1670491695404053
1.1023836135864258
1.0770554542541504
1.0397299528121948
1.7658047676086426
1.654721975326538
1.5545097589492798
1.5014314651489258
1.391093373298645
1.3290562629699707
1.3401175737380981
1.274828314781189
1.1775795221328735
1.1425931453704834
2.115828275680542
1.9937341213226318
1.92787504196167
1.773923397064209
1.675278902053833
1.6782810688018799
1.5006924867630005
1.4047479629516602
1.3581465482711792
1.2980575561523438
2.6317672729492188
2.471186399459839
2.3527822494506836
2.197272300720215
2.098440408706665
2.0238475799560547
1.9233744144439697
1.7919784784317017
1.7272794246673584
1.6750684976577759
2.4703311920166016
2.4082415103912354
2.346980094909668
2.230567455291748
2.191101551055908
2.0426464080810547
2.005079507827759
1.8961814641952515
1.9036450386047363
1.8359754085540771
2.6795833110809326
2.621612787246704
2.5193636417388916
2.397171974182129
2.338007688522339
2.249711513519287
2.231343984603882
2.139812469482422
2.108372211456299
2.029531478881836
3.0503547191619873
2.974947690963745
2.8230512142181396
2.7941386699676514
2.7345049381256104
2.6197667121887207
2.4848079681396484
2.4781477451324463
2.423431158065796
2.4147019386291504
5.385672569274902
5.149949073791504
4.855457782745361
4.579599857330322
4.323707103729248
4.087037086486816
3.820920467376709
3.6488289833068848
3.423457145690918
3.2943711280822754
3.0769824981689453
2.8912432193756104
2.7872180938720703
2.667717933654785
2.486872434616089
2.416107177734375
2.3065905570983887
2.216392993927002
2.15745210647583
2.0930447578430176
2.2811379432678223
2.231783866882324
2.148799419403076
2.086591958999634
2.0156521797180176
1.9360371828079224
1.9252842664718628
1.8129130601882935
1.8217829465866089
1.7411010265350342
2.278611421585083
2.197190999984741
2.148973226547241
2.101435422897339
1.978460669517517
1.929832100868225
1.914292812347412
1.8596835136413574
1.7760248184204102
1.7432215213775635
2.538240909576416
2.4868357181549072
2.3809077739715576
2.3282864093780518
2.2498018741607666
2.203226327896118
2.1505870819091797
2.077162981033325
2.0545670986175537
1.9872537851333618
2.9059925079345703
2.8401832580566406
2.780761241912842
2.6901681423187256
2.6115381717681885
2.5827338695526123
2.4490764141082764
2.4159276485443115
2.3534204959869385
2.315065860748291
2.844492197036743
2.7564733028411865
2.6988813877105713
2.5714056491851807
2.5112087726593018
2.479186534881592
2.3970532417297363
2.3058128356933594
2.2927956581115723
2.169532060623169
2.8570287227630615
2.7784178256988525
2.7361326217651367
2.6639413833618164
2.5859081745147705
2.484344244003296
2.426744222640991
2.311936855316162
2.357896327972412
2.2639548778533936
2.6643893718719482
2.6207759380340576
2.5613784790039062
2.4661145210266113
2.408010244369507
2.310422658920288
2.2106168270111084
2.2252583503723145
2.1574690341949463
2.0720157623291016
5.78057336807251
5.491131782531738
5.255076885223389
4.890797138214111
4.659538269042969
4.450456619262695
4.211136341094971
4.021509170532227
3.874842643737793
3.6706383228302
3.73041033744812
3.5884780883789062
3.3733065128326416
3.197800874710083
3.0659162998199463
2.9021172523498535
2.8063406944274902
2.6987853050231934
2.5621023178100586
2.434436082839966
2.9318554401397705
2.757513999938965
2.6804747581481934
2.549731969833374
2.4179012775421143
2.295772075653076
2.208623170852661
2.0834014415740967
1.973585605621338
1.8986425399780273
2.6023240089416504
2.5215530395507812
2.379563570022583
2.25590181350708
2.145226240158081
2.090956211090088
1.9805539846420288
1.845157504081726
1.8484691381454468
1.6888436079025269
2.6250362396240234
2.489068031311035
2.361341953277588
2.2395243644714355
2.1305763721466064
2.076777935028076
1.9677340984344482
1.92254638671875
1.8906519412994385
1.7918717861175537
2.4832422733306885
2.405154228210449
2.3312182426452637
2.2090671062469482
2.141955852508545
2.0672788619995117
1.9680864810943604
1.9286673069000244
1.8135846853256226
1.793308973312378
2.7940876483917236
2.7672088146209717
2.6259446144104004
2.5026957988739014
2.477766752243042
2.3662641048431396
2.2467002868652344
2.256878137588501
2.1697492599487305
2.0790939331054688
2.602060317993164
2.5260300636291504
2.4525647163391113
2.409499406814575
2.3667514324188232
2.330648422241211
2.228647470474243
2.18715500831604
2.1255290508270264
2.1042306423187256
3.137181043624878
3.0180275440216064
2.9569036960601807
2.960909843444824
2.8606204986572266
2.7253165245056152
2.6866836547851562
2.637699604034424
2.544529438018799
2.56899356842041
5.355692386627197
5.088971138000488
4.817734241485596
4.60345983505249
4.33484411239624
4.114957332611084
3.9438531398773193
3.766083240509033
3.5945706367492676
3.3874452114105225
3.275940418243408
3.1374597549438477
2.953141927719116
2.809145927429199
2.6693506240844727
2.5737481117248535
2.457517623901367
2.3550031185150146
2.1938087940216064
2.098544120788574
2.209987163543701
2.0932936668395996
2.0258476734161377
1.8927958011627197
1.788864254951477
1.7384153604507446
1.591592788696289
1.535873293876648
1.4912829399108887
1.3837417364120483
2.1398701667785645
2.0110437870025635
1.9504033327102661
1.821180820465088
1.7738412618637085
1.7159360647201538
1.6109756231307983
1.572615623474121
1.5076009035110474
1.46678626537323
2.391296148300171
2.1925384998321533
2.130894422531128
2.068941831588745
1.9513658285140991
1.8672953844070435
1.8069384098052979
1.7147512435913086
1.6842931509017944
1.573446273803711
2.566861629486084
2.494288921356201
2.424738645553589
2.326178789138794
2.2460551261901855
2.136451482772827
2.1135523319244385
1.999859094619751
1.9142400026321411
1.870467185974121
2.785902261734009
2.742898464202881
2.562208652496338
2.5005645751953125
2.4933974742889404
2.412292957305908
2.281695604324341
2.251481294631958
2.2124998569488525
2.153846263885498
3.2010293006896973
3.134962558746338
3.0725655555725098
2.970716714859009
2.919726848602295
2.791604995727539
2.696998357772827
2.658334493637085
2.6276943683624268
2.499502420425415
2.511873483657837
2.4722487926483154
2.3814496994018555
2.2848310470581055
2.2656049728393555
2.2795987129211426
2.1552181243896484
2.1399903297424316
2.0490307807922363
1.981824517250061
6.58362340927124
6.249370574951172
5.888685703277588
5.553763389587402
5.254863262176514
4.9279255867004395
4.675718307495117
4.422078609466553
4.178398609161377
3.9709722995758057
3.7217791080474854
3.5442094802856445
3.3606879711151123
3.1714563369750977
3.026920795440674
2.897573471069336
2.760465145111084
2.6778392791748047
2.5559775829315186
2.486835479736328
2.8355159759521484
2.717677116394043
2.6091818809509277
2.520899772644043
2.3701469898223877
2.2843194007873535
2.255441427230835
2.1393587589263916
2.0706822872161865
1.9770172834396362
2.9723477363586426
2.852950096130371
2.729403018951416
2.6213021278381348
2.5090224742889404
2.4724228382110596
2.3112428188323975
2.273404359817505
2.319458484649658
2.18540620803833
3.450350284576416
3.265866279602051
3.1589109897613525
3.070486307144165
2.9281747341156006
2.863438606262207
2.7647016048431396
2.7856969833374023
2.6281707286834717
2.538865566253662
3.3220224380493164
3.2514805793762207
3.2131190299987793
3.0843379497528076
2.9227454662323
2.7801480293273926
2.804877281188965
2.6510701179504395
2.7318203449249268
2.5746707916259766
3.4426138401031494
3.2934107780456543
3.2679810523986816
3.140765428543091
3.042766571044922
2.9592223167419434
2.790794849395752
2.790532350540161
2.713459014892578
2.6744582653045654
3.0288591384887695
3.0299346446990967
2.9228265285491943
2.8063340187072754
2.8202974796295166
2.750558376312256
2.629483938217163
2.5111331939697266
2.4462530612945557
2.37972354888916
3.4642391204833984
3.3654232025146484
3.2664859294891357
3.1544461250305176
3.120666742324829
2.9347264766693115
2.9248878955841064
2.806854009628296
2.7494802474975586
2.647331476211548
5.148045539855957
4.749818801879883
4.38830041885376
4.041957378387451
3.758417844772339
3.4731924533843994
3.2636778354644775
3.0545718669891357
2.8236629962921143
2.642704486846924
2.571863889694214
2.390251874923706
2.2202954292297363
2.1164889335632324
1.8847721815109253
1.835397720336914
1.7082982063293457
1.5884171724319458
1.518690586090088
1.412208914756775
1.9175158739089966
1.742814064025879
1.7151328325271606
1.612549066543579
1.5377943515777588
1.4527567625045776
1.3583085536956787
1.336981177330017
1.302607774734497
1.2108347415924072
2.0876994132995605
1.898156762123108
1.8185521364212036
1.7185616493225098
1.6132714748382568
1.5516654253005981
1.4970154762268066
1.4220366477966309
1.3686882257461548
1.337201714515686
2.342336416244507
2.227966547012329
2.0583600997924805
1.9061977863311768
1.8658452033996582
1.7338812351226807
1.650957703590393
1.5938587188720703
1.5523806810379028
1.4965476989746094
3.0137405395507812
2.9673359394073486
2.8031771183013916
2.6951231956481934
2.6666531562805176
2.5307886600494385
2.3898212909698486
2.3470609188079834
2.2977755069732666
2.2792091369628906
2.7715437412261963
2.6905529499053955
2.57255220413208
2.558750629425049
2.5241034030914307
2.380056381225586
2.3384947776794434
2.2462220191955566
2.282503843307495
2.247495651245117
3.3423995971679688
3.3090403079986572
3.1084554195404053
3.054131269454956
3.0265207290649414
2.924880266189575
2.9096975326538086
2.8064358234405518
2.694956064224243
2.6100964546203613
2.4235801696777344
2.4350779056549072
2.3706159591674805
2.274277687072754
2.29183030128479
2.1700594425201416
2.1948041915893555
2.11513352394104
2.030264139175415
1.999539852142334
4.014464855194092
3.755765914916992
3.5075254440307617
3.249809741973877
3.022696018218994
2.88601016998291
2.7145047187805176
2.5318727493286133
2.3701908588409424
2.3141255378723145
2.1409823894500732
2.04587984085083
1.94190514087677
1.8994593620300293
1.7735284566879272
1.74070405960083
1.6311841011047363
1.5864595174789429
1.4848034381866455
1.4674806594848633
1.8169629573822021
1.776774525642395
1.6911464929580688
1.6678260564804077
1.5917999744415283
1.5554838180541992
1.524706482887268
1.4519507884979248
1.3851312398910522
1.390937089920044
2.011704206466675
1.9750638008117676
1.858396291732788
1.7925162315368652
1.760870337486267
1.7207807302474976
1.6575756072998047
1.6278917789459229
1.5481326580047607
1.534108281135559
2.657130002975464
2.515449047088623
2.4363481998443604
2.350079298019409
2.2855005264282227
2.188506603240967
2.1492953300476074
2.128143787384033
2.0090532302856445
1.9393391609191895
2.8243730068206787
2.7812066078186035
2.5799994468688965
2.5320167541503906
2.463923931121826
2.3831465244293213
2.318312168121338
2.2824244499206543
2.2337632179260254
2.1837754249572754
2.8103103637695312
2.7430999279022217
2.7005441188812256
2.6076056957244873
2.5630834102630615
2.4738476276397705
2.431741714477539
2.397207021713257
2.3430304527282715
2.2997748851776123
3.118757486343384
3.000772476196289
2.9702491760253906
2.9202442169189453
2.8255701065063477
2.764723062515259
2.7301740646362305
2.659393310546875
2.6082088947296143
2.6215012073516846
3.3007349967956543
3.2214391231536865
3.11376690864563
3.1442952156066895
3.0369224548339844
2.9271862506866455
2.909252643585205
2.8220770359039307
2.819117784500122
2.7006332874298096
3.8943777084350586
3.644221305847168
3.402082681655884
3.1899681091308594
2.93817138671875
2.7903378009796143
2.637831926345825
2.4138195514678955
2.284895658493042
2.1314046382904053
2.04681658744812
2.0054118633270264
1.8725868463516235
1.736311674118042
1.6373162269592285
1.5469597578048706
1.463747262954712
1.4321894645690918
1.3380544185638428
1.2634284496307373
1.50428307056427
1.446169137954712
1.399322509765625
1.335701584815979
1.3073745965957642
1.1842002868652344
1.175649642944336
1.1677948236465454
1.0834503173828125
1.0249238014221191
1.441204309463501
1.3822845220565796
1.3494927883148193
1.2939870357513428
1.263433575630188
1.170859456062317
1.1329867839813232
1.1109938621520996
1.0770626068115234
1.0211323499679565
1.8131579160690308
1.663946270942688
1.5773911476135254
1.5001252889633179
1.4604021310806274
1.3968628644943237
1.3433709144592285
1.2879502773284912
1.2222906351089478
1.1707592010498047
2.1887149810791016
2.0014700889587402
1.917673110961914
1.8105705976486206
1.689287781715393
1.6027700901031494
1.5206372737884521
1.455642580986023
1.3571161031723022
1.2915774583816528
2.5955212116241455
2.5141305923461914
2.3756890296936035
2.261716842651367
2.0997073650360107
1.9923514127731323
1.9091213941574097
1.8557370901107788
1.7714661359786987
1.6959707736968994
2.7744224071502686
2.560886859893799
2.4934825897216797
2.422325372695923
2.268556833267212
2.197499990463257
2.1540143489837646
2.075761556625366
2.004850149154663
1.9500715732574463
2.655914545059204
2.5042290687561035
2.4177298545837402
2.4256300926208496
2.2676424980163574
2.236370086669922
2.1468944549560547
2.0572731494903564
2.040660858154297
2.014279842376709
6.826730251312256
6.5141143798828125
6.197823524475098
5.935855865478516
5.66599178314209
5.433537483215332
5.214759349822998
4.943711757659912
4.740365505218506
4.608879566192627
4.586784839630127
4.443382263183594
4.2379302978515625
4.141907215118408
3.987743377685547
3.920632839202881
3.8035945892333984
3.7140679359436035
3.5798556804656982
3.4741766452789307
4.031999588012695
3.842139482498169
3.7523117065429688
3.638791084289551
3.4926605224609375
3.4294991493225098
3.2450530529022217
3.183793783187866
3.1154699325561523
3.032083034515381
3.749502658843994
3.53837251663208
3.4070546627044678
3.2588417530059814
3.1073739528656006
3.095712900161743
2.9031033515930176
2.8552517890930176
2.764021396636963
2.6655092239379883
3.466778039932251
3.3045542240142822
3.214660882949829
3.1050868034362793
3.0454094409942627
2.929780960083008
2.8491671085357666
2.801346778869629
2.703157663345337
2.6462297439575195
3.775595188140869
3.7161688804626465
3.6713337898254395
3.4970383644104004
3.4365620613098145
3.3293700218200684
3.341432809829712
3.191908836364746
3.0511209964752197
2.9867594242095947
3.5246214866638184
3.346407175064087
3.2891387939453125
3.2182483673095703
3.1782586574554443
3.020420789718628
2.998727560043335
2.9195876121520996
2.880038022994995
2.817655086517334
3.367840051651001
3.295063018798828
3.1928932666778564
3.13334321975708
3.0679736137390137
3.00699782371521
2.908336877822876
2.8260726928710938
2.868800640106201
2.7294230461120605
2.984098434448242
2.840165138244629
2.862832546234131
2.708258867263794
2.6630325317382812
2.678748369216919
2.56862211227417
2.5483241081237793
2.477236747741699
2.421489715576172
1.709699273109436
1.4929124116897583
1.3344781398773193
1.1809546947479248
1.0657188892364502
0.9222642183303833
0.8593065738677979
0.7701985239982605
0.722714900970459
0.6603237390518188
1.216163992881775
1.119439721107483
1.0345817804336548
0.9635379910469055
0.9129958748817444
0.8882946372032166
0.8529743552207947
0.7855181694030762
0.7669948935508728
0.7176259160041809
1.5355266332626343
1.4596689939498901
1.3760381937026978
1.2516264915466309
1.2038103342056274
1.1545134782791138
1.119611382484436
1.0607903003692627
0.9762535691261292
0.9651392698287964
1.9098812341690063
1.716473937034607
1.63211989402771
1.5345306396484375
1.42051100730896
1.402057409286499
1.279472827911377
1.2243773937225342
1.1770875453948975
1.1280527114868164
2.2812588214874268
2.142531156539917
2.00848126411438
1.8795772790908813
1.7852976322174072
1.684043526649475
1.5669163465499878
1.532583236694336
1.4380429983139038
1.4244287014007568
2.442317008972168
2.2931056022644043
2.183297872543335
2.0772547721862793
1.98406982421875
1.9327361583709717
1.8145471811294556
1.7822234630584717
1.6562098264694214
1.6236968040466309
2.7545580863952637
2.646395444869995
2.5861220359802246
2.488429546356201
2.4117236137390137
2.338273525238037
2.2539398670196533
2.313631772994995
2.1816582679748535
2.11655855178833
2.9538815021514893
2.8853886127471924
2.7919888496398926
2.727144718170166
2.671873092651367
2.5835509300231934
2.5525503158569336
2.523364305496216
2.443702459335327
2.4267332553863525
3.058279275894165
3.033914804458618
2.911043882369995
2.8609538078308105
2.736565351486206
2.7500500679016113
2.6748430728912354
2.642103433609009
2.5718259811401367
2.4757494926452637
3.7272207736968994
3.4188454151153564
3.09177565574646
2.8099517822265625
2.57814621925354
2.419146776199341
2.224412202835083
2.1105196475982666
1.9539607763290405
1.879549503326416
2.1195573806762695
1.9885711669921875
1.9245622158050537
1.7844350337982178
1.7635332345962524
1.6477501392364502
1.5466986894607544
1.467550277709961
1.3807834386825562
1.3209655284881592
2.0155346393585205
1.9136013984680176
1.7640984058380127
1.7071490287780762
1.6047507524490356
1.5483636856079102
1.5151692628860474
1.4585016965866089
1.3520393371582031
1.306543231010437
2.190943479537964
2.0926313400268555
2.0032174587249756
1.8674293756484985
1.8688191175460815
1.7028878927230835
1.623498558998108
1.5759053230285645
1.5075305700302124
1.4873647689819336
2.7171058654785156
2.5388128757476807
2.4388883113861084
2.3339273929595947
2.2214481830596924
2.102053642272949
2.0420618057250977
1.9848947525024414
1.8584567308425903
1.7520092725753784
2.7109780311584473
2.6149117946624756
2.5134706497192383
2.4515037536621094
2.338707685470581
2.275550603866577
2.2230935096740723
2.1424264907836914
2.052663803100586
1.95827054977417
3.0930063724517822
3.059255599975586
2.9204323291778564
2.8663015365600586
2.7906312942504883
2.708815097808838
2.6478452682495117
2.6347551345825195
2.475276231765747
2.4166088104248047
2.637316942214966
2.4901187419891357
2.496488332748413
2.3610785007476807
2.328130006790161
2.314122200012207
2.2455084323883057
2.1224935054779053
2.1686320304870605
2.081282615661621
3.2841684818267822
3.1932332515716553
3.153398275375366
3.075119733810425
2.949862003326416
2.940248489379883
2.8158974647521973
2.6411056518554688
2.6765365600585938
2.511831760406494
0.8444246649742126
0.7928524613380432
0.7076654434204102
0.6548145413398743
0.5741357803344727
0.5250464081764221
0.4823158085346222
0.47137215733528137
0.4230492115020752
0.4064745008945465
0.9889419674873352
0.8838959336280823
0.8332812786102295
0.7697563767433167
0.7162981033325195
0.6602602601051331
0.6388893127441406
0.5696992874145508
0.5480784177780151
0.5115949511528015
1.2208592891693115
1.116237998008728
1.0042810440063477
0.9353207349777222
0.8751062154769897
0.8243274092674255
0.7404572367668152
0.6903132796287537
0.6505793929100037
0.6412511467933655
1.493355631828308
1.4015655517578125
1.286120891571045
1.1472605466842651
1.0619511604309082
0.9817185401916504
0.8909081220626831
0.8375720977783203
0.8275972604751587
0.7659198045730591
1.7999539375305176
1.597175121307373
1.4816237688064575
1.3746862411499023
1.2628827095031738
1.136985182762146
1.0988799333572388
1.0795444250106812
1.011337399482727
0.9370926022529602
2.0300395488739014
1.8914313316345215
1.7583786249160767
1.6737011671066284
1.5790164470672607
1.4704294204711914
1.4132843017578125
1.296356439590454
1.2644295692443848
1.274909257888794
2.578524351119995
2.4065170288085938
2.321291208267212
2.1691012382507324
2.1354315280914307
2.027474880218506
1.9747633934020996
1.8582429885864258
1.8843804597854614
1.8013118505477905
2.5516321659088135
2.375227689743042
2.373589038848877
2.284355401992798
2.134869337081909
2.0619120597839355
2.017960548400879
1.8872913122177124
1.8007526397705078
1.7687559127807617
2.9496941566467285
2.7678444385528564
2.727468490600586
2.525308609008789
2.4837167263031006
2.3445324897766113
2.284018039703369
2.193537473678589
2.162114143371582
2.034670829772949
5.999154090881348
5.680907249450684
5.4153733253479
5.132368087768555
4.909793853759766
4.644455909729004
4.403195381164551
4.152874946594238
3.9375762939453125
3.715636730194092
3.7551631927490234
3.6234290599823
3.4198834896087646
3.2302374839782715
3.1180057525634766
3.0298221111297607
2.9296224117279053
2.821038246154785
2.6913363933563232
2.6396543979644775
3.152740001678467
3.0103304386138916
2.838437557220459
2.803842782974243
2.707512855529785
2.607900857925415
2.496295928955078
2.467179536819458
2.3571298122406006
2.2908267974853516
3.0347423553466797
2.9079225063323975
2.770909309387207
2.71095609664917
2.6461222171783447
2.540876865386963
2.491055727005005
2.421447515487671
2.3660714626312256
2.2908430099487305
2.849473714828491
2.7614641189575195
2.6729400157928467
2.625244140625
2.5550289154052734
2.508681058883667
2.4435696601867676
2.3866519927978516
2.3731017112731934
2.3286185264587402
2.884770631790161
2.71286940574646
2.6836841106414795
2.6113407611846924
2.5479044914245605
2.495932102203369
2.4009852409362793
2.390793561935425
2.3859810829162598
2.3338217735290527
2.782888889312744
2.6824326515197754
2.597252368927002
2.5463616847991943
2.549595832824707
2.4171924591064453
2.437352180480957
2.3870930671691895
2.314422845840454
2.289996862411499
2.9578425884246826
2.861194610595703
2.821135997772217
2.787710189819336
2.7209887504577637
2.68957781791687
2.603928565979004
2.5768375396728516
2.4912161827087402
2.4820010662078857
3.4527602195739746
3.284546375274658
3.2669594287872314
3.1872148513793945
3.1466972827911377
3.0364739894866943
3.032860517501831
2.880094528198242
2.849242687225342
2.8277482986450195
4.15903377532959
3.8526487350463867
3.6145808696746826
3.340414524078369
3.1253244876861572
2.9477319717407227
2.773732900619507
2.699570894241333
2.5125203132629395
2.419332981109619
2.326108932495117
2.2538862228393555
2.172983407974243
2.0596041679382324
2.003228187561035
1.9353644847869873
1.861901044845581
1.7875964641571045
1.7343599796295166
1.6682672500610352
1.9252430200576782
1.8495447635650635
1.8422341346740723
1.7097127437591553
1.685032606124878
1.671622395515442
1.6057318449020386
1.5267198085784912
1.4821760654449463
1.4901554584503174
1.796379566192627
1.8029017448425293
1.6859424114227295
1.6863429546356201
1.592786192893982
1.5212950706481934
1.5056735277175903
1.4589917659759521
1.3889470100402832
1.332796335220337
1.9361144304275513
1.8997329473495483
1.8121793270111084
1.797815203666687
1.7322330474853516
1.5873254537582397
1.5593503713607788
1.497293472290039
1.4386471509933472
1.4187073707580566
2.381946086883545
2.2143754959106445
2.1528704166412354
2.044818878173828
1.990472435951233
1.8832659721374512
1.801571011543274
1.7211718559265137
1.6447101831436157
1.5962549448013306
2.577200412750244
2.4898252487182617
2.3597028255462646
2.2735085487365723
2.18593692779541
2.0460004806518555
2.045527935028076
1.9640718698501587
1.9396735429763794
1.8455508947372437
2.9974992275238037
2.879927158355713
2.7804081439971924
2.7299861907958984
2.6433398723602295
2.553088426589966
2.470183849334717
2.4164795875549316
2.315260410308838
2.212209463119507
2.755679130554199
2.6596767902374268
2.6201705932617188
2.4687232971191406
2.4729790687561035
2.447471857070923
2.363898992538452
2.2693662643432617
2.23134708404541
2.145297050476074
4.9414849281311035
4.571712970733643
4.168587684631348
3.8091208934783936
3.498936653137207
3.1958656311035156
2.966627359390259
2.7573342323303223
2.570373296737671
2.4540021419525146
2.2297306060791016
2.1158483028411865
2.0548763275146484
1.9828039407730103
1.885270357131958
1.7826061248779297
1.724778652191162
1.6201422214508057
1.5665396451950073
1.539943814277649
1.6108503341674805
1.541009783744812
1.5208383798599243
1.4810371398925781
1.3991279602050781
1.3422199487686157
1.2770663499832153
1.227078914642334
1.1855005025863647
1.1317338943481445
1.4476368427276611
1.3823809623718262
1.3440003395080566
1.2735974788665771
1.2395689487457275
1.2060352563858032
1.1350901126861572
1.120751976966858
1.115349292755127
1.0548707246780396
1.657041311264038
1.5446369647979736
1.5134795904159546
1.4246279001235962
1.4274494647979736
1.3837851285934448
1.3427906036376953
1.3239580392837524
1.2772709131240845
1.2235792875289917
2.1216156482696533
1.9590948820114136
1.8711670637130737
1.7916386127471924
1.760926604270935
1.6539230346679688
1.6230170726776123
1.5467379093170166
1.5017584562301636
1.4400336742401123
2.4550418853759766
2.326399564743042
2.2163941860198975
2.171443462371826
2.0683510303497314
1.9786714315414429
1.8942071199417114
1.888961672782898
1.8220365047454834
1.7746570110321045
2.768569231033325
2.6743788719177246
2.5772697925567627
2.509261131286621
2.429689407348633
2.4123029708862305
2.3024308681488037
2.2278122901916504
2.188525676727295
2.1228790283203125
2.224161386489868
2.1163485050201416
2.057546615600586
2.045154333114624
2.0437326431274414
1.9353049993515015
1.8569599390029907
1.844064712524414
1.8061169385910034
1.780139684677124
6.472903251647949
6.098493576049805
5.750595569610596
5.440825939178467
5.142715930938721
4.851098537445068
4.574203014373779
4.360342502593994
4.138047218322754
3.9440858364105225
3.68770694732666
3.553441047668457
3.367291212081909
3.2300727367401123
3.065408229827881
2.9644594192504883
2.8801417350769043
2.75378155708313
2.6734225749969482
2.570915937423706
2.7789199352264404
2.673581838607788
2.5732827186584473
2.5065701007843018
2.439620018005371
2.3662729263305664
2.2449376583099365
2.166914939880371
2.1360201835632324
2.0972373485565186
2.618056058883667
2.4973807334899902
2.4086506366729736
2.361647844314575
2.239198684692383
2.219575881958008
2.052015542984009
2.0575153827667236
1.9379786252975464
1.865951657295227
2.782806396484375
2.749600410461426
2.5174343585968018
2.3890585899353027
2.352095127105713
2.2593986988067627
2.1932029724121094
2.0744869709014893
1.9515520334243774
1.9251279830932617
2.907731771469116
2.755704402923584
2.681467056274414
2.5301427841186523
2.48740291595459
2.336055278778076
2.3862929344177246
2.2615673542022705
2.133251667022705
2.085814952850342
2.7447376251220703
2.697524309158325
2.6494991779327393
2.523550271987915
2.379478693008423
2.3209264278411865
2.26482892036438
2.272428512573242
2.146254301071167
2.1193454265594482
3.153395891189575
3.0574951171875
2.9547979831695557
2.8698928356170654
2.7805066108703613
2.6475026607513428
2.5511741638183594
2.4599783420562744
2.3919265270233154
2.336127281188965
2.4369380474090576
2.321545362472534
2.2995691299438477
2.2665295600891113
2.200049638748169
2.073988914489746
2.053311586380005
2.028890371322632
1.979383111000061
1.917376160621643
4.513983249664307
4.227415561676025
3.9541256427764893
3.6671946048736572
3.452335834503174
3.2200777530670166
3.0112242698669434
2.862563371658325
2.6167125701904297
2.517075538635254
2.265273094177246
2.1341331005096436
2.0016510486602783
1.9457441568374634
1.8635802268981934
1.7384737730026245
1.689192295074463
1.580944299697876
1.4792649745941162
1.4077136516571045
1.644928216934204
1.4896185398101807
1.40897536277771
1.391920804977417
1.2948431968688965
1.26651930809021
1.1916639804840088
1.1528589725494385
1.0932499170303345
1.0638926029205322
1.508002519607544
1.4253603219985962
1.4271882772445679
1.3352326154708862
1.2865335941314697
1.271732211112976
1.1565954685211182
1.1190688610076904
1.0835922956466675
1.0549064874649048
1.6819899082183838
1.6213666200637817
1.5455448627471924
1.4936259984970093
1.442318081855774
1.3763232231140137
1.3366680145263672
1.287363052368164
1.2201086282730103
1.218601107597351
2.0224804878234863
1.9674696922302246
1.8634989261627197
1.7526147365570068
1.659140706062317
1.6664789915084839
1.611351490020752
1.499996304512024
1.445841908454895
1.4156954288482666
2.572021484375
2.506052017211914
2.3744046688079834
2.2507643699645996
2.1568527221679688
2.064826488494873
2.0051000118255615
1.9275153875350952
1.8650734424591064
1.7992933988571167
2.741824150085449
2.612382411956787
2.475403308868408
2.376119375228882
2.2907562255859375
2.2472474575042725
2.1664528846740723
2.116086483001709
2.0508008003234863
1.9559810161590576
3.081739902496338
3.1416091918945312
2.898226022720337
2.857234477996826
2.733048915863037
2.765970230102539
2.594470739364624
2.579747200012207
2.4540700912475586
2.3953869342803955
5.862916469573975
5.619460105895996
5.375743389129639
5.149447441101074
4.912624359130859
4.725364685058594
4.49449348449707
4.306637287139893
4.123631477355957
3.9812116622924805
3.6266367435455322
3.522006034851074
3.445507764816284
3.275437355041504
3.22011137008667
3.0772831439971924
2.944103717803955
2.920973539352417
2.7653279304504395
2.7001638412475586
2.6325459480285645
2.5673468112945557
2.483043909072876
2.3923897743225098
2.323646068572998
2.2320363521575928
2.184739828109741
2.1425745487213135
2.0686488151550293
2.0222837924957275
2.2012434005737305
2.1636576652526855
2.128185749053955
1.9994345903396606
2.001979112625122
1.9285410642623901
1.8636099100112915
1.8175294399261475
1.793944001197815
1.7089322805404663
2.305087089538574
2.277881145477295
2.1526176929473877
2.1661338806152344
2.0176024436950684
2.007549524307251
1.9190914630889893
1.8526811599731445
1.8166584968566895
1.7712851762771606
2.8190715312957764
2.7474398612976074
2.6647729873657227
2.6255440711975098
2.4690489768981934
2.4416873455047607
2.349649667739868
2.347064971923828
2.374112606048584
2.22224497795105
3.3724520206451416
3.3176238536834717
3.2403721809387207
3.2445263862609863
3.1152164936065674
3.0310299396514893
2.911268472671509
2.8995964527130127
2.912292003631592
2.744621753692627
2.9943602085113525
2.9928808212280273
2.944851875305176
2.8760948181152344
2.7936902046203613
2.6892499923706055
2.7545583248138428
2.563182830810547
2.533580780029297
2.5192649364471436
3.253279447555542
3.24129581451416
3.1559643745422363
3.0946877002716064
3.0387706756591797
2.940387487411499
2.871105909347534
2.85081148147583
2.7952399253845215
2.8104798793792725
4.866787433624268
4.5196213722229
4.244447708129883
3.9424102306365967
3.6951653957366943
3.4587674140930176
3.235180616378784
3.0020735263824463
2.833706855773926
2.6325318813323975
2.659696102142334
2.5305957794189453
2.3570709228515625
2.2229361534118652
2.1146905422210693
1.9934155941009521
1.8744460344314575
1.8001899719238281
1.7005666494369507
1.6599267721176147
1.8176429271697998
1.7472796440124512
1.638913631439209
1.5760729312896729
1.502444863319397
1.4412418603897095
1.3911041021347046
1.3507580757141113
1.2908238172531128
1.2246428728103638
1.959699273109436
1.8278577327728271
1.8036277294158936
1.7458382844924927
1.6398378610610962
1.6297249794006348
1.5232563018798828
1.4802309274673462
1.4533414840698242
1.3905842304229736
2.408231496810913
2.258732795715332
2.1695854663848877
2.104809284210205
1.9854620695114136
1.893881916999817
1.865912914276123
1.7751471996307373
1.6867848634719849
1.6240801811218262
2.4981131553649902
2.369408130645752
2.237076997756958
2.126544952392578
2.1033663749694824
2.00242280960083
1.9241381883621216
1.8714337348937988
1.7990251779556274
1.6900134086608887
2.744621753692627
2.6607792377471924
2.5752012729644775
2.434112310409546
2.399553060531616
2.307192087173462
2.2595396041870117
2.140617609024048
2.0931007862091064
1.9914064407348633
3.0816121101379395
3.0065038204193115
2.8456389904022217
2.759251117706299
2.6810648441314697
2.5740411281585693
2.461113929748535
2.3910083770751953
2.33587646484375
2.240741729736328
2.9692180156707764
2.860927104949951
2.7598299980163574
2.6754724979400635
2.624046802520752
2.5446419715881348
2.474372148513794
2.3959474563598633
2.281007766723633
2.2307510375976562
