5.295980930328369
5.252885341644287
5.090231418609619
5.076007843017578
4.912171363830566
5.057488918304443
4.880248069763184
4.731907844543457
4.8122100830078125
4.747233867645264
4.413054943084717
4.396866321563721
4.421990394592285
4.496241569519043
4.223411560058594
4.210981845855713
4.133572578430176
4.146367073059082
4.026989936828613
3.8934571743011475
3.7297425270080566
3.7742457389831543
3.694878101348877
3.621798038482666
3.590444326400757
3.4593193531036377
3.445495128631592
3.3803699016571045
3.3313581943511963
3.2346415519714355
3.102961540222168
3.118497610092163
2.802488088607788
2.9642040729522705
2.8471055030822754
2.793520212173462
2.802581787109375
2.6694958209991455
2.6101746559143066
2.7189009189605713
3.0041613578796387
2.7379913330078125
2.6880605220794678
2.70224928855896
2.614776611328125
2.692323684692383
2.558605194091797
2.58475661277771
2.3405990600585938
2.392470598220825
2.9122562408447266
3.0495026111602783
2.832979679107666
2.931572675704956
2.708203077316284
2.847923994064331
2.6575069427490234
2.7198731899261475
2.515613079071045
2.3804728984832764
3.10780668258667
3.0684142112731934
3.0221877098083496
2.8436484336853027
2.7987430095672607
2.6427626609802246
2.7418978214263916
2.5692620277404785
2.6220204830169678
2.572970390319824
3.1684913635253906
3.082960605621338
3.018911361694336
2.989025115966797
3.0057811737060547
2.835392475128174
2.750081777572632
2.5874686241149902
2.6414549350738525
2.6904208660125732
3.539318084716797
3.3807337284088135
3.3107869625091553
3.275334596633911
3.33130145072937
3.2795557975769043
3.2619152069091797
3.1258602142333984
3.252105712890625
2.9841580390930176
4.3899102210998535
4.308821678161621
4.124080657958984
4.094308853149414
3.9714882373809814
3.8655691146850586
3.6530165672302246
3.5200443267822266
3.52154278755188
3.3551745414733887
3.3149807453155518
3.3243255615234375
3.201023578643799
3.104870319366455
2.9999043941497803
2.9539570808410645
2.8951478004455566
2.8084981441497803
2.644061326980591
2.727421283721924
2.8789474964141846
2.799576997756958
2.7333121299743652
2.6653590202331543
2.603844404220581
2.685720443725586
2.421271562576294
2.413849353790283
2.3090221881866455
2.2713820934295654
2.7085485458374023
2.7554545402526855
2.5094358921051025
2.5565345287323
2.442824602127075
2.4278342723846436
2.379511833190918
2.3244106769561768
2.170471429824829
2.1679863929748535
2.7332000732421875
2.70428204536438
2.593273401260376
2.5912907123565674
2.512559413909912
2.49273681640625
2.413971185684204
2.338313102722168
2.3036584854125977
2.23005747795105
2.846470355987549
2.886047601699829
2.851806879043579
2.790492296218872
2.7178666591644287
2.6929259300231934
2.546990394592285
2.6721110343933105
2.4866342544555664
2.6196279525756836
3.1201817989349365
3.0448291301727295
3.0836033821105957
2.893826723098755
2.9165310859680176
2.9334981441497803
2.747615337371826
2.7392635345458984
2.7192800045013428
2.5906119346618652
2.8229098320007324
2.639492988586426
2.5537755489349365
2.625060558319092
2.6647963523864746
2.558927536010742
2.416332483291626
2.39810848236084
2.39152193069458
2.3783698081970215
2.9471986293792725
2.893052577972412
2.7806320190429688
2.752772808074951
2.8290138244628906
2.7885468006134033
2.741572141647339
2.6308670043945312
2.5776822566986084
2.529311418533325
