4.237472057342529
4.219699382781982
4.237641334533691
4.207138538360596
4.180343151092529
4.178501605987549
4.167738437652588
4.1900129318237305
4.240746974945068
4.223247528076172
77.13774871826172
75.47786712646484
74.48391723632812
73.45281982421875
72.8421859741211
72.30780029296875
71.16783142089844
70.36465454101562
69.48554992675781
68.78907012939453
3.6789004802703857
3.679372549057007
3.6838691234588623
3.6860458850860596
3.6821110248565674
3.6817657947540283
3.6722958087921143
3.67464542388916
3.680508613586426
3.677203416824341
12.940733909606934
12.738662719726562
12.799482345581055
12.745107650756836
12.593244552612305
12.588068008422852
12.610037803649902
12.479125022888184
12.473416328430176
12.44067096710205
3.5767736434936523
3.578153610229492
3.5753962993621826
3.577366828918457
3.574406147003174
3.571481704711914
3.5740582942962646
3.569612979888916
3.5737526416778564
3.572913646697998
4.0375237464904785
4.038582801818848
4.0383620262146
4.037991523742676
4.036652088165283
4.038261413574219
4.0372633934021
4.0385260581970215
4.035872936248779
4.038801193237305
2.9946610927581787
3.001823902130127
2.993591785430908
2.990659236907959
2.991118907928467
2.977734327316284
2.972527503967285
2.977022647857666
2.9957704544067383
2.97216796875
24.132966995239258
23.89278221130371
23.555322647094727
23.310693740844727
23.06739044189453
22.627782821655273
22.49378776550293
22.29473114013672
22.096342086791992
21.946517944335938
3.880415201187134
3.879829168319702
3.8783836364746094
3.878329277038574
3.877974271774292
3.877987861633301
3.8774986267089844
3.8794708251953125
3.8783726692199707
3.876253128051758
8.457475662231445
8.474925994873047
8.4133939743042
8.444127082824707
8.41187572479248
8.384052276611328
8.398788452148438
8.39330768585205
8.425272941589355
8.365058898925781
3.7570416927337646
3.7577240467071533
3.7645339965820312
3.758685827255249
3.7602458000183105
3.7606201171875
3.756788969039917
3.759350538253784
3.757476329803467
3.7555840015411377
7.5920844078063965
7.5231170654296875
7.502915382385254
7.43527889251709
7.4364447593688965
7.399581432342529
7.375869274139404
7.333040237426758
7.288710594177246
7.241011142730713
87.68011474609375
84.94287109375
81.03822326660156
72.92428588867188
61.41785430908203
51.19956588745117
44.67778396606445
40.611392974853516
36.76532745361328
32.403892517089844
2.5269615650177
2.5269041061401367
2.528510570526123
2.5256383419036865
2.5239570140838623
2.519658327102661
2.516268730163574
2.51043438911438
2.5133132934570312
2.5050323009490967
29.07124900817871
28.865671157836914
28.680166244506836
28.64531898498535
28.326387405395508
28.062589645385742
27.54500961303711
26.738496780395508
25.312904357910156
23.627622604370117
18.884563446044922
17.389436721801758
15.174543380737305
12.956459999084473
11.180770874023438
9.521158218383789
8.167174339294434
7.156144618988037
6.409844875335693
5.885015964508057
26.104358673095703
25.54717254638672
25.1296443939209
24.556005477905273
24.06599998474121
23.515745162963867
22.77794647216797
21.85055160522461
20.990781784057617
20.051292419433594
19.543670654296875
19.095672607421875
18.634170532226562
18.013595581054688
17.547779083251953
17.00962257385254
16.446203231811523
15.943239212036133
15.482316970825195
14.91437816619873
3.6449618339538574
3.637140989303589
3.640468120574951
3.647418737411499
3.644963264465332
3.6440236568450928
3.6342976093292236
3.6393234729766846
3.6300582885742188
3.6424880027770996
27.557674407958984
27.063608169555664
26.601293563842773
26.168025970458984
25.69933319091797
25.0450496673584
24.765609741210938
24.27234649658203
24.018449783325195
23.61336898803711
2.77801775932312
2.771366596221924
2.763831615447998
2.74750018119812
2.7472968101501465
2.718946933746338
2.6857645511627197
2.703993797302246
2.692692279815674
2.6616392135620117
4.122056007385254
4.119049549102783
4.120866298675537
4.112380027770996
4.117870807647705
4.1134867668151855
4.116820335388184
4.115442276000977
4.110554218292236
4.115921974182129
13.828255653381348
13.84385871887207
13.776327133178711
13.711456298828125
13.68355941772461
13.602030754089355
13.550064086914062
13.472810745239258
13.412065505981445
13.30734634399414
2.662893056869507
2.6484663486480713
2.6313345432281494
2.6337175369262695
2.6383519172668457
2.632565975189209
2.6352858543395996
2.62276291847229
2.6092047691345215
2.6133270263671875
3.4599711894989014
3.4530043601989746
3.4495723247528076
3.4465620517730713
3.4405934810638428
3.434417724609375
3.4332058429718018
3.435901165008545
3.420030117034912
3.416865825653076
19.956270217895508
19.799144744873047
19.591083526611328
19.378250122070312
19.171140670776367
19.000484466552734
18.757808685302734
18.484182357788086
18.18189239501953
17.87895965576172
3.491750717163086
3.4948604106903076
3.490720748901367
3.49302077293396
3.4930131435394287
3.4915273189544678
3.4886558055877686
3.48639178276062
3.4909849166870117
3.492486000061035
4.576066493988037
4.570292949676514
4.5575175285339355
4.570829391479492
4.563952445983887
4.56315803527832
4.562481880187988
4.556118965148926
4.5447258949279785
4.550769805908203
3.7100155353546143
3.6729917526245117
3.6496329307556152
3.645242691040039
3.603862762451172
3.599581241607666
3.5806314945220947
3.568488121032715
3.548774003982544
3.5448319911956787
34.421016693115234
34.049617767333984
33.772178649902344
33.51671600341797
33.250160217285156
32.864891052246094
32.634918212890625
32.31895446777344
31.960586547851562
31.71547508239746
3.2134149074554443
3.211571216583252
3.2105469703674316
3.2164223194122314
3.2007555961608887
3.2137093544006348
3.2049691677093506
3.2065815925598145
3.228930950164795
3.200914144515991
18.82630157470703
18.462080001831055
18.310752868652344
18.27501106262207
17.98004913330078
17.719402313232422
17.406936645507812
17.283672332763672
17.00480842590332
16.737016677856445
1.9565403461456299
1.9559913873672485
1.9233728647232056
1.8997505903244019
1.9084678888320923
1.8947769403457642
1.8957237005233765
1.837575078010559
1.861656665802002
1.806748390197754
3.9962172508239746
4.008142471313477
4.004201412200928
3.9920198917388916
3.9946813583374023
3.998246192932129
3.9961681365966797
4.003171920776367
3.98540997505188
3.9959557056427
2.2265663146972656
2.218428611755371
2.233876943588257
2.2368276119232178
2.2190446853637695
2.2099273204803467
2.215346336364746
2.2066538333892822
2.2058560848236084
2.1862592697143555
13.7811861038208
13.70703125
13.66601276397705
13.497949600219727
13.478608131408691
13.372931480407715
13.360748291015625
13.214133262634277
13.150717735290527
13.065799713134766
2.9959452152252197
2.998023509979248
3.0021653175354004
2.9931085109710693
2.992921829223633
2.9939496517181396
2.9893627166748047
2.9899721145629883
2.9883346557617188
2.981508493423462
8.043007850646973
7.952996253967285
7.855374336242676
7.8171467781066895
7.7152180671691895
7.595094203948975
7.50986909866333
7.424624443054199
7.418736457824707
7.301018238067627
3.4573614597320557
3.457932949066162
3.462531566619873
3.4589648246765137
3.4540822505950928
3.453387975692749
3.461158037185669
3.4510762691497803
3.4524941444396973
3.458369255065918
23.975557327270508
22.542490005493164
21.391469955444336
20.643898010253906
19.9317684173584
19.506223678588867
19.212495803833008
18.997447967529297
18.647693634033203
18.47018051147461
3.3603923320770264
3.3599741458892822
3.3574302196502686
3.362578868865967
3.360598087310791
3.3621678352355957
3.358250141143799
3.3583805561065674
3.361600399017334
3.3590891361236572
28.47736358642578
27.84404754638672
27.140588760375977
26.581525802612305
26.121719360351562
25.966209411621094
25.754552841186523
25.496124267578125
25.356958389282227
25.140180587768555
3.325563907623291
3.3126790523529053
3.320937395095825
3.3195278644561768
3.3136024475097656
3.3093013763427734
3.307633638381958
3.3151259422302246
3.3118672370910645
3.296342611312866
20.142738342285156
19.977622985839844
19.70702362060547
19.440643310546875
19.199522018432617
18.717546463012695
18.4667911529541
18.19021987915039
17.89829444885254
17.390050888061523
1.2535033226013184
1.276703119277954
1.2428321838378906
1.194779396057129
1.1838973760604858
1.1682026386260986
1.0957530736923218
1.0991814136505127
1.0582574605941772
1.0674076080322266
4.170785427093506
4.185963153839111
4.151659965515137
4.180393218994141
4.172750949859619
4.138591766357422
4.15562105178833
4.124721527099609
4.11679744720459
4.11832332611084
11.427257537841797
10.916433334350586
10.277199745178223
9.49682331085205
9.02737045288086
8.471631050109863
7.98338508605957
7.610081672668457
7.447820663452148
7.243940830230713
26.44153594970703
25.879547119140625
25.168752670288086
24.662498474121094
23.999191284179688
23.38913917541504
22.829856872558594
22.351242065429688
21.808439254760742
21.226713180541992
2.0641074180603027
2.067025899887085
2.0631532669067383
2.058847665786743
2.058345079421997
2.058342456817627
2.055522918701172
2.071659803390503
2.0714292526245117
2.0493156909942627
4.06482458114624
4.060874938964844
4.067844390869141
4.054859638214111
4.05083703994751
4.060754299163818
4.0459818840026855
4.052146911621094
4.0431718826293945
4.045822620391846
22.213956832885742
21.77072525024414
21.430870056152344
20.811979293823242
20.377216339111328
19.890838623046875
19.463136672973633
18.963470458984375
18.407848358154297
18.10379409790039
2.4943294525146484
2.4907028675079346
2.491057872772217
2.481691598892212
2.4870998859405518
2.4870989322662354
2.490785837173462
2.479188919067383
2.4778449535369873
2.4782557487487793
4.609659194946289
4.615664482116699
4.611422538757324
4.610647201538086
4.589663982391357
4.593099117279053
4.57697868347168
4.5705485343933105
4.571028709411621
4.572558403015137
3.638592004776001
3.6218597888946533
3.6233527660369873
3.6222586631774902
3.631300210952759
3.6210532188415527
3.613750696182251
3.606942892074585
3.600713014602661
3.5997800827026367
3.5532448291778564
3.5501747131347656
3.5462119579315186
3.5512092113494873
3.552656650543213
3.5581343173980713
3.5614895820617676
3.5531532764434814
3.5568299293518066
3.5444436073303223
22.340641021728516
21.86687660217285
21.404752731323242
21.10083770751953
20.73105812072754
20.40271759033203
19.953462600708008
19.949962615966797
19.598529815673828
19.443927764892578
2.5197319984436035
2.493134021759033
2.465381383895874
2.4612200260162354
2.467078685760498
2.4545371532440186
2.4444875717163086
2.4540023803710938
2.4189929962158203
2.3779327869415283
3.498133420944214
3.491825819015503
3.5097484588623047
3.499675750732422
3.487407922744751
3.4853734970092773
3.4961049556732178
3.494699478149414
3.4904441833496094
3.4960620403289795
8.619756698608398
8.58336067199707
8.571907043457031
8.558977127075195
8.566811561584473
8.503240585327148
8.439240455627441
8.460760116577148
8.421948432922363
8.416115760803223
2.6898140907287598
2.6868369579315186
2.6696884632110596
2.6566362380981445
2.659597873687744
2.643805742263794
2.6413559913635254
2.6298043727874756
2.628920555114746
2.6421620845794678
18.86310577392578
18.646089553833008
18.37116241455078
18.166677474975586
17.934818267822266
17.78070068359375
17.612056732177734
17.414213180541992
17.28955078125
17.06229019165039
3.083080768585205
3.084212303161621
3.081023931503296
3.080392360687256
3.07533860206604
3.077094316482544
3.0796890258789062
3.0749263763427734
3.074860095977783
3.0817065238952637
3.6284947395324707
3.6293816566467285
3.623366117477417
3.63079833984375
3.622807025909424
3.620004177093506
3.6206114292144775
3.6310372352600098
3.6205925941467285
3.6248486042022705
20.63459587097168
20.469125747680664
20.178482055664062
20.052963256835938
19.910118103027344
19.70150375366211
19.45340919494629
19.220857620239258
18.931610107421875
18.674293518066406
2.2393579483032227
2.245037078857422
2.2361490726470947
2.235593795776367
2.232076644897461
2.231081008911133
2.2341489791870117
2.2321810722351074
2.2277135848999023
2.2308716773986816
3.9883711338043213
3.990818500518799
3.9831650257110596
3.9872279167175293
3.9792425632476807
3.9803130626678467
3.97934889793396
3.9814422130584717
3.9805824756622314
3.980611801147461
3.2971994876861572
3.301164150238037
3.2933363914489746
3.286658525466919
3.2901363372802734
3.304948568344116
3.293609380722046
3.290178060531616
3.2784342765808105
3.2656898498535156
24.098464965820312
23.703149795532227
23.11330795288086
22.56959342956543
21.8587646484375
21.080055236816406
20.824491500854492
20.30950927734375
19.901283264160156
19.494260787963867
0.5391026139259338
0.541253924369812
0.5443288087844849
0.5211470127105713
0.5138562917709351
0.5044546723365784
0.5039660930633545
0.5000374913215637
0.48494184017181396
0.47756141424179077
4.230250358581543
4.22555685043335
4.2163896560668945
4.222842693328857
4.224533557891846
4.231733322143555
4.212996482849121
4.198086738586426
4.190888404846191
4.2121076583862305
13.089459419250488
12.867037773132324
12.7542085647583
12.59138298034668
12.413681030273438
12.22363567352295
12.040066719055176
11.866334915161133
11.688838958740234
11.483514785766602
3.126110315322876
3.1037817001342773
3.1085827350616455
3.0856869220733643
3.1130051612854004
3.1074459552764893
3.0884928703308105
3.0861291885375977
3.0982513427734375
3.0884597301483154
7.3823723793029785
7.369960308074951
7.377320289611816
7.368802547454834
7.357492446899414
7.336047649383545
7.309360504150391
7.347086429595947
7.321311950683594
7.330301284790039
3.1338202953338623
3.1372146606445312
3.134383201599121
3.1354219913482666
3.1336846351623535
3.136746644973755
3.134000301361084
3.1340153217315674
3.135773181915283
3.134305477142334
2.9435970783233643
2.92785906791687
2.934490203857422
2.9223792552948
2.888376235961914
2.894670009613037
2.8890767097473145
2.883518934249878
2.874619245529175
2.8777735233306885
8.225602149963379
8.10561752319336
8.01927375793457
7.8761982917785645
7.82354211807251
7.690396785736084
7.50950813293457
7.442627906799316
7.352710723876953
7.2349629402160645
3.2498960494995117
3.2502708435058594
3.252563953399658
3.246371269226074
3.246112585067749
3.2509500980377197
3.2494680881500244
3.2484965324401855
3.2477831840515137
3.2435219287872314
4.119370937347412
4.120513916015625
4.1225786209106445
4.1205244064331055
4.123049736022949
4.121000289916992
4.120208263397217
4.121816635131836
4.122615337371826
4.120821475982666
3.414153814315796
3.418020486831665
3.3952298164367676
3.415574312210083
3.403977870941162
3.4099724292755127
3.411705732345581
3.4078030586242676
3.408801555633545
3.4084603786468506
27.447174072265625
27.0701847076416
26.682849884033203
26.16712188720703
25.91973304748535
25.615665435791016
25.3433837890625
24.996295928955078
24.640958786010742
24.452346801757812
4.711128234863281
4.7276482582092285
4.723751068115234
4.703883647918701
4.634969711303711
4.601762294769287
4.624087810516357
4.591968536376953
4.504288673400879
4.559422016143799
3.9572958946228027
3.9490396976470947
3.9499101638793945
3.9288430213928223
3.9228577613830566
3.9040613174438477
3.916313409805298
3.918271064758301
3.9045965671539307
3.8912837505340576
9.756233215332031
9.27584171295166
8.863215446472168
8.428268432617188
8.124828338623047
7.779779434204102
7.363845348358154
6.9955735206604
6.6297926902771
6.35982608795166
2.961940288543701
2.937587261199951
2.9140572547912598
2.9287302494049072
2.927318811416626
2.9170660972595215
2.9168834686279297
2.911648988723755
2.893710136413574
2.897228479385376
3.7184526920318604
3.718031406402588
3.7182040214538574
3.7185587882995605
3.718351364135742
3.7178518772125244
3.717726707458496
3.7189743518829346
3.7182977199554443
3.7188124656677246
4.331968307495117
4.332421779632568
4.332436561584473
4.331014633178711
4.331825256347656
4.33193302154541
4.332320690155029
4.331821918487549
4.33260440826416
4.331896781921387
3.364525079727173
3.3678386211395264
3.3632454872131348
3.363223075866699
3.3648178577423096
3.366619825363159
3.361537456512451
3.3667309284210205
3.365335464477539
3.3657894134521484
4.61885929107666
4.612832546234131
4.60595178604126
4.611481666564941
4.6005377769470215
4.599982738494873
4.593990325927734
4.598500728607178
4.591325283050537
4.592721462249756
2.918440580368042
2.9311158657073975
2.9214980602264404
2.8950440883636475
2.9032812118530273
2.862769603729248
2.8752024173736572
2.875868082046509
2.8466875553131104
2.862783432006836
4.565916061401367
4.569824695587158
4.5537638664245605
4.559871673583984
4.5545759201049805
4.547078609466553
4.534680366516113
4.524347305297852
4.543575286865234
4.533755779266357
3.3550474643707275
3.362548828125
3.3564608097076416
3.354356527328491
3.3526298999786377
3.35862398147583
3.3587095737457275
3.3513693809509277
3.3509438037872314
3.3522963523864746
18.250152587890625
17.978351593017578
17.86185646057129
17.66985321044922
17.3349552154541
17.280122756958008
17.042810440063477
16.870325088500977
16.701618194580078
16.530715942382812
2.9223783016204834
2.89721417427063
2.908453941345215
2.9080564975738525
2.908830165863037
2.8780367374420166
2.880164861679077
2.8807363510131836
2.8725152015686035
2.8569998741149902
3.975809335708618
3.958360195159912
3.9639170169830322
3.95135760307312
3.9545838832855225
3.9452338218688965
3.9367895126342773
3.9198014736175537
3.9204049110412598
3.9148056507110596
4.8852362632751465
4.832934856414795
4.8401384353637695
4.7792463302612305
4.746786594390869
4.744271278381348
4.702902793884277
4.699372291564941
4.668219566345215
4.652952194213867
35.97347640991211
35.28012466430664
34.86748504638672
34.35446548461914
33.846763610839844
33.55620574951172
32.8704948425293
32.65788269042969
32.29988098144531
31.98434829711914
12.217976570129395
12.04202938079834
11.72585678100586
11.534184455871582
11.339200973510742
11.0263090133667
10.802433013916016
10.499306678771973
10.081199645996094
9.791191101074219
3.0888595581054688
3.092299222946167
3.0918147563934326
3.0880508422851562
3.0867574214935303
3.090442180633545
3.0872037410736084
3.0879526138305664
3.0875651836395264
3.08758807182312
12.552881240844727
12.488011360168457
12.332173347473145
12.207038879394531
12.099071502685547
11.901196479797363
11.852767944335938
11.727287292480469
11.645490646362305
11.585209846496582
3.2715466022491455
3.2704763412475586
3.2718372344970703
3.2713375091552734
3.2696168422698975
3.271167039871216
3.2711446285247803
3.270345687866211
3.270631790161133
3.2711174488067627
3.8112218379974365
3.8112218379974365
3.8112218379974365
3.8112218379974365
3.8112218379974365
3.8112096786499023
3.8112218379974365
3.8112218379974365
3.811183452606201
3.8112218379974365
3.4330878257751465
3.4342095851898193
3.4325625896453857
3.4330496788024902
3.433476448059082
3.4337518215179443
3.4354405403137207
3.4340341091156006
3.4355854988098145
3.43532657623291
3.118443727493286
3.120133638381958
3.1101949214935303
3.116391181945801
3.116537570953369
3.111996650695801
3.1058340072631836
3.108065128326416
3.114119529724121
3.1075026988983154
24.419809341430664
23.77642822265625
23.448745727539062
23.052446365356445
22.587982177734375
22.253273010253906
21.920494079589844
21.554912567138672
21.293149948120117
21.01877212524414
2.332766056060791
2.2783560752868652
2.3092777729034424
2.289422035217285
2.2788360118865967
2.228933811187744
2.2259252071380615
2.243561029434204
2.2028415203094482
2.189171314239502
3.683950424194336
3.688363552093506
3.673628807067871
3.679316282272339
3.6752262115478516
3.680647850036621
3.685697555541992
3.6730706691741943
3.669462203979492
3.6578569412231445
14.128658294677734
13.833106994628906
13.597787857055664
13.285327911376953
13.124792098999023
12.923887252807617
12.702672958374023
12.535026550292969
12.36406421661377
12.196831703186035
3.7852365970611572
3.7916953563690186
3.7753071784973145
3.78863787651062
3.7932820320129395
3.7432687282562256
3.7518579959869385
3.742177724838257
3.753418207168579
3.7307510375976562
3.761866569519043
3.7623648643493652
3.764521360397339
3.763061285018921
3.7604918479919434
3.7604615688323975
3.757012367248535
3.758878231048584
3.7572853565216064
3.7563531398773193
2.7873141765594482
2.7762444019317627
2.7824642658233643
2.7792911529541016
2.77524995803833
2.7745916843414307
2.7744688987731934
2.773003101348877
2.772275447845459
2.7616398334503174
4.305893421173096
4.309054851531982
4.309483051300049
4.305568695068359
4.30635929107666
4.305635929107666
4.292588233947754
4.2981085777282715
4.294418811798096
4.291954517364502
12.22533893585205
11.966487884521484
11.623345375061035
11.24928092956543
10.947406768798828
10.656782150268555
10.427679061889648
10.094514846801758
9.773825645446777
9.475994110107422
2.5182924270629883
2.509885311126709
2.5152013301849365
2.5044775009155273
2.4989523887634277
2.494978189468384
2.484624147415161
2.481627941131592
2.4824414253234863
2.4774203300476074
3.2208168506622314
3.219536542892456
3.2202954292297363
3.2188987731933594
3.2206056118011475
3.218980550765991
3.2193942070007324
3.220029830932617
3.2197813987731934
3.220546007156372
3.1729514598846436
3.164623737335205
3.167208671569824
3.161212921142578
3.1693029403686523
3.1641972064971924
3.1639044284820557
3.1647186279296875
3.1574766635894775
3.1610536575317383
13.188738822937012
13.19078540802002
13.011786460876465
12.909039497375488
12.877187728881836
12.810320854187012
12.705160140991211
12.662110328674316
12.584547996520996
12.465198516845703
2.491892099380493
2.4739174842834473
2.484633684158325
2.4455490112304688
2.433288335800171
2.4317612648010254
2.3966240882873535
2.387840986251831
2.3655848503112793
2.3771166801452637
3.4670350551605225
3.4451916217803955
3.4495439529418945
3.4492743015289307
3.443342685699463
3.438667058944702
3.4468979835510254
3.439148187637329
3.4286835193634033
3.4370298385620117
17.74419403076172
17.347328186035156
16.71958351135254
16.201393127441406
15.590639114379883
15.018401145935059
14.56798267364502
14.125822067260742
13.587797164916992
13.111096382141113
3.125211477279663
3.1226744651794434
3.1209514141082764
3.1177728176116943
3.113982677459717
3.122445821762085
3.1059987545013428
3.109548807144165
3.103846549987793
3.0922744274139404
3.844289541244507
3.8440067768096924
3.842606544494629
3.8418095111846924
3.84004545211792
3.8428285121917725
3.8466880321502686
3.8471038341522217
3.840467929840088
3.8413851261138916
3.8403944969177246
3.8391051292419434
3.842663049697876
3.8388450145721436
3.839200019836426
3.836425304412842
3.837672710418701
3.8354735374450684
3.8328583240509033
3.835773229598999
3.2708001136779785
3.272181510925293
3.2699337005615234
3.270831823348999
3.2708044052124023
3.270728826522827
3.2710349559783936
3.270097017288208
3.270678997039795
3.270829439163208
4.168888092041016
4.166966438293457
4.161126613616943
4.163389205932617
4.167433261871338
4.1665496826171875
4.157926559448242
4.161043167114258
4.161388397216797
4.15511417388916
3.1183817386627197
3.1178529262542725
3.11700439453125
3.1181063652038574
3.116816759109497
3.117131471633911
3.1174263954162598
3.1172661781311035
3.1173183917999268
3.117398738861084
1.9255754947662354
1.9165655374526978
1.9080002307891846
1.9211487770080566
1.9076440334320068
1.9024388790130615
1.89950430393219
1.8990776538848877
1.8797972202301025
1.892263650894165
3.240370988845825
3.2438724040985107
3.247184991836548
3.2327115535736084
3.2360424995422363
3.237675905227661
3.2383716106414795
3.234802484512329
3.2285170555114746
3.234365940093994
13.722131729125977
13.582612991333008
13.671219825744629
13.524515151977539
13.495631217956543
13.413863182067871
13.34960651397705
13.268966674804688
13.25493049621582
13.273609161376953
2.147021532058716
2.1480562686920166
2.1272048950195312
2.100255012512207
2.107881784439087
2.1042959690093994
2.09332537651062
2.085221290588379
2.0877060890197754
2.09273099899292
3.636308431625366
3.6300365924835205
3.623708486557007
3.614670753479004
3.6109061241149902
3.598487615585327
3.6058034896850586
3.593484878540039
3.578700304031372
3.597874879837036
22.4893856048584
22.424602508544922
22.45286750793457
22.512693405151367
22.292694091796875
22.3697452545166
22.23154640197754
22.172021865844727
22.213525772094727
22.205089569091797
3.3748648166656494
3.373412609100342
3.3893790245056152
3.3710620403289795
3.377760648727417
3.3806657791137695
3.371835708618164
3.368530511856079
3.370777130126953
3.36327862739563
11.124122619628906
10.938872337341309
10.835692405700684
10.568696975708008
10.330313682556152
10.187702178955078
9.928572654724121
9.707237243652344
9.454341888427734
9.23559284210205
3.6850671768188477
3.684734344482422
3.6850080490112305
3.6851558685302734
3.685089111328125
3.6844282150268555
3.6840407848358154
3.684859037399292
3.6842093467712402
3.684699773788452
4.113620758056641
4.117565155029297
4.115551471710205
4.114282608032227
4.112934589385986
4.113443374633789
4.110514163970947
4.110105037689209
4.112255096435547
4.112039566040039
3.1950504779815674
3.1950693130493164
3.19502854347229
3.195046901702881
3.195012092590332
3.194997787475586
3.195028781890869
3.1950881481170654
3.1950361728668213
3.195021390914917
4.206779956817627
4.206502914428711
4.206517696380615
4.206554889678955
4.206776142120361
4.206378936767578
4.206684112548828
4.206279277801514
4.20633602142334
4.206063747406006
3.3822758197784424
3.3762145042419434
3.3796656131744385
3.379159450531006
3.378324031829834
3.377234935760498
3.3780364990234375
3.380019426345825
3.37390398979187
3.375319242477417
3.365903854370117
3.363213539123535
3.366581439971924
3.357089042663574
3.3531017303466797
3.355952501296997
3.365406036376953
3.3634257316589355
3.359607696533203
3.360368251800537
9.02122974395752
8.949315071105957
8.915410041809082
8.70532512664795
8.698457717895508
8.53822135925293
8.571823120117188
8.480361938476562
8.394794464111328
8.30789852142334
3.1835968494415283
3.179506778717041
3.1822352409362793
3.179137945175171
3.168064832687378
3.168196201324463
3.1593029499053955
3.166918992996216
3.149953603744507
3.149824380874634
3.349289655685425
3.3668599128723145
3.345829963684082
3.349411725997925
3.341132164001465
3.3356423377990723
3.3263039588928223
3.3202531337738037
3.313318967819214
3.3066699504852295
30.11119270324707
29.735313415527344
29.367225646972656
29.024057388305664
28.696443557739258
28.31242561340332
27.96501350402832
27.42577362060547
27.202939987182617
26.82888412475586
2.46757173538208
2.4658708572387695
2.4666051864624023
2.4667956829071045
2.4715189933776855
2.467853307723999
2.4732227325439453
2.462170362472534
2.4641201496124268
2.46651029586792
6.289085388183594
6.302006721496582
6.264873027801514
6.2533674240112305
6.253568172454834
6.250253677368164
6.2147698402404785
6.209563255310059
6.206413745880127
6.193938255310059
2.7709274291992188
2.7659735679626465
2.7683558464050293
2.7653462886810303
2.76302170753479
2.769129991531372
2.7662646770477295
2.7678117752075195
2.7632672786712646
2.761072874069214
3.820432186126709
3.8196640014648438
3.8203845024108887
3.8205270767211914
3.819934844970703
3.818417549133301
3.820038080215454
3.8189752101898193
3.819601058959961
3.819687843322754
3.838146686553955
3.838141441345215
3.8379478454589844
3.8381998538970947
3.837843894958496
3.8381874561309814
3.8379077911376953
3.8378751277923584
3.838212013244629
3.8380556106567383
3.7622976303100586
3.761401414871216
3.7631752490997314
3.761195659637451
3.7634572982788086
3.762911319732666
3.760918617248535
3.759840965270996
3.761676788330078
3.761519432067871
3.665982246398926
3.6659510135650635
3.6659722328186035
3.666001319885254
3.6658740043640137
3.6659183502197266
3.6661369800567627
3.6659862995147705
3.666048049926758
3.6660773754119873
3.289865016937256
3.2851314544677734
3.2809581756591797
3.283951759338379
3.281825304031372
3.2838149070739746
3.2818825244903564
3.2844231128692627
3.2834649085998535
3.2811665534973145
11.063261032104492
10.941411972045898
10.866296768188477
10.772716522216797
10.698714256286621
10.675933837890625
10.629247665405273
10.58153247833252
10.493973731994629
10.455231666564941
1.9507317543029785
1.9491937160491943
1.9451184272766113
1.929857850074768
1.9222038984298706
1.9286479949951172
1.906872034072876
1.9246456623077393
1.9017083644866943
1.9034100770950317
3.8814752101898193
3.8933050632476807
3.874293804168701
3.856992721557617
3.869067907333374
3.8380210399627686
3.810509204864502
3.8438520431518555
3.816617965698242
3.8050053119659424
0.5091100335121155
0.4849519431591034
0.49163731932640076
0.46983247995376587
0.46751660108566284
0.45813268423080444
0.455221563577652
0.445048987865448
0.4380844831466675
0.4483703672885895
30.845069885253906
30.620925903320312
30.493982315063477
30.316608428955078
30.169898986816406
30.02576446533203
29.852235794067383
29.732654571533203
29.526302337646484
29.442243576049805
3.626248836517334
3.6262247562408447
3.6254682540893555
3.626702070236206
3.6261003017425537
3.6260294914245605
3.6263344287872314
3.6256103515625
3.6260452270507812
3.6256215572357178
3.8994038105010986
3.898801803588867
3.898873805999756
3.8991546630859375
3.8987154960632324
3.8972864151000977
3.8994460105895996
3.8984293937683105
3.8985607624053955
3.8985159397125244
2.833038568496704
2.8327019214630127
2.8326733112335205
2.8328373432159424
2.8324408531188965
2.831960439682007
2.8340752124786377
2.8316168785095215
2.8317079544067383
2.8304483890533447
12.8444185256958
12.852273941040039
12.852489471435547
12.842453956604004
12.83657169342041
12.833490371704102
12.827970504760742
12.831607818603516
12.831628799438477
12.828214645385742
3.864469051361084
3.8617749214172363
3.862344264984131
3.8650739192962646
3.8619251251220703
3.8624701499938965
3.8615050315856934
3.856679677963257
3.858591079711914
3.8527019023895264
5.455989360809326
5.438298225402832
5.379061698913574
5.333326816558838
5.321954727172852
5.238962650299072
5.204636096954346
5.136379718780518
5.13982629776001
5.06643009185791
3.7324202060699463
3.734326124191284
3.7317874431610107
3.7367284297943115
3.7297942638397217
3.728776693344116
3.7277212142944336
3.7298848628997803
3.727015972137451
3.730304479598999
15.416746139526367
15.179315567016602
15.02639102935791
14.932448387145996
14.673316955566406
14.52613353729248
14.34520149230957
14.208483695983887
14.123294830322266
13.95263671875
2.848653554916382
2.85614013671875
2.840834140777588
2.8354902267456055
2.8286614418029785
2.8125410079956055
2.8224475383758545
2.8309924602508545
2.810959815979004
2.7996973991394043
3.9471282958984375
3.9479246139526367
3.932640790939331
3.9487924575805664
3.9508066177368164
3.935929775238037
3.9327361583709717
3.9347262382507324
3.931647777557373
3.9404807090759277
6.30770206451416
6.290384292602539
6.2794718742370605
6.23396110534668
6.258395195007324
6.223536491394043
6.212548732757568
6.207415580749512
6.203758239746094
6.170324325561523
1.997604250907898
2.012922763824463
2.0069220066070557
2.025771141052246
1.9850995540618896
1.999135971069336
1.9832929372787476
2.005589246749878
1.9804024696350098
1.9906115531921387
11.146268844604492
10.934640884399414
10.679593086242676
10.325824737548828
10.034492492675781
9.61505126953125
9.080570220947266
8.532917976379395
7.788610935211182
7.041040420532227
3.1407573223114014
3.1415343284606934
3.1428890228271484
3.141106128692627
3.141450881958008
3.142834424972534
3.1425857543945312
3.1413466930389404
3.143101692199707
3.142235040664673
5.025900363922119
5.025171756744385
5.012235164642334
5.023221969604492
5.018551826477051
5.011508941650391
5.01716423034668
5.015711784362793
5.002513408660889
5.0041422843933105
3.1408281326293945
3.143862247467041
3.1443560123443604
3.1403939723968506
3.1381709575653076
3.133920192718506
3.1335208415985107
3.12680721282959
3.1285955905914307
3.1307711601257324
5.984091758728027
5.521856784820557
5.011367321014404
4.835118293762207
4.579537868499756
4.493363380432129
4.431056499481201
4.355972766876221
4.347623348236084
4.316326141357422
3.4073376655578613
3.408062696456909
3.4072751998901367
3.4082305431365967
3.4078824520111084
3.407925605773926
3.408342123031616
3.4082980155944824
3.407317876815796
3.4078831672668457
3.2571771144866943
3.247758388519287
3.2477221488952637
3.2569828033447266
3.2512502670288086
3.2461044788360596
3.249201536178589
3.2520315647125244
3.2433948516845703
3.247617483139038
12.906765937805176
12.709420204162598
12.613452911376953
12.41158390045166
12.365558624267578
12.179376602172852
11.978978157043457
11.868284225463867
11.784589767456055
11.651226997375488
3.3176941871643066
3.3333542346954346
3.2816200256347656
3.315356492996216
3.2955474853515625
3.2891783714294434
3.262089729309082
3.262864112854004
3.2510342597961426
3.2267966270446777
5.714279651641846
5.706162929534912
5.684744358062744
5.6810126304626465
5.648531913757324
5.656019687652588
5.645285129547119
5.59211540222168
5.611424446105957
5.596981048583984
3.3194527626037598
3.3158950805664062
3.322624921798706
3.311767339706421
3.3015079498291016
3.309468984603882
3.296022415161133
3.320425033569336
3.291527271270752
3.282433032989502
5.65232515335083
5.650649547576904
5.612628936767578
5.603206634521484
5.582353591918945
5.564309120178223
5.5396881103515625
5.512807369232178
5.50370979309082
5.46236515045166
4.500607013702393
4.499279499053955
4.50164794921875
4.498812198638916
4.497121810913086
4.496374130249023
4.49431848526001
4.4973578453063965
4.497893810272217
4.491508960723877
3.423430919647217
3.4234278202056885
3.423429250717163
3.4234392642974854
3.4234392642974854
3.4234373569488525
3.423433542251587
3.423434257507324
3.4234392642974854
3.423429012298584
4.0580949783325195
4.057820796966553
4.058464527130127
4.058035373687744
4.0578389167785645
4.05796480178833
4.058049201965332
4.058556079864502
4.058465003967285
4.057823181152344
3.3768246173858643
3.3745944499969482
3.37579607963562
3.376020669937134
3.375521659851074
3.3776357173919678
3.3754518032073975
3.376282215118408
3.3767549991607666
3.37593936920166
7.894036293029785
7.776178359985352
7.699357986450195
7.575521945953369
7.464427471160889
7.377040863037109
7.225809574127197
7.119106292724609
6.999597072601318
6.904453754425049
3.162411689758301
3.1612162590026855
3.1622352600097656
3.160353660583496
3.1609838008880615
3.161954879760742
3.1617767810821533
3.161728858947754
3.1605453491210938
3.1619956493377686
3.388049840927124
3.3788914680480957
3.384165048599243
3.3806538581848145
3.3710379600524902
3.365060329437256
3.3726141452789307
3.3806803226470947
3.3767778873443604
3.3777542114257812
8.713019371032715
8.574965476989746
8.491023063659668
8.350488662719727
8.295042037963867
8.178424835205078
8.089082717895508
8.001955032348633
7.955767631530762
7.813225746154785
2.1888351440429688
2.169604539871216
2.15029239654541
2.133129596710205
2.1482651233673096
2.1143643856048584
2.112694501876831
2.099149227142334
2.090717315673828
2.0876595973968506
3.7222471237182617
3.7227783203125
3.7034778594970703
3.7096481323242188
3.703230142593384
3.6890387535095215
3.6805293560028076
3.698286771774292
3.682277202606201
3.6894352436065674
13.645812034606934
13.611056327819824
13.465846061706543
13.427217483520508
13.336130142211914
13.232580184936523
13.191926956176758
13.07214069366455
13.004934310913086
12.928705215454102
1.7579762935638428
1.7614655494689941
1.732016921043396
1.7250224351882935
1.7235313653945923
1.7408467531204224
1.7068159580230713
1.7002452611923218
1.7036570310592651
1.6858983039855957
4.048228740692139
4.049025535583496
4.048301696777344
4.046452522277832
4.047490119934082
4.045104026794434
4.046589374542236
4.048257827758789
4.047471046447754
4.045230388641357
1.9993891716003418
2.0041005611419678
2.003194570541382
2.0001885890960693
1.998837947845459
1.9998559951782227
2.0020241737365723
2.0065724849700928
1.994009256362915
1.9926358461380005
6.3685526847839355
6.377513408660889
6.371050834655762
6.368236541748047
6.358134746551514
6.323520660400391
6.32819128036499
6.34334659576416
6.316579818725586
6.263454437255859
3.189805030822754
3.190436601638794
3.1899051666259766
3.190837860107422
3.190962791442871
3.190248966217041
3.1918139457702637
3.189504861831665
3.187758207321167
3.189646005630493
43.28561019897461
42.63846206665039
42.01806640625
41.51563262939453
40.966285705566406
40.59075164794922
40.164241790771484
39.88016891479492
39.5205078125
39.22643280029297
3.794961452484131
3.7845895290374756
3.788633346557617
3.787214517593384
3.7768290042877197
3.780344009399414
3.769080877304077
3.772988796234131
3.7667288780212402
3.7675042152404785
3.228435516357422
3.2284622192382812
3.222748041152954
3.216646671295166
3.2223289012908936
3.22529935836792
3.2196874618530273
3.2197253704071045
3.2242894172668457
3.2242493629455566
22.725269317626953
22.517526626586914
22.138731002807617
21.898956298828125
21.650129318237305
21.409008026123047
21.19501304626465
20.8658390045166
20.775712966918945
20.553245544433594
3.556307792663574
3.4763388633728027
3.5250930786132812
3.4972167015075684
3.4256365299224854
3.436208963394165
3.4071812629699707
3.3788504600524902
3.3427724838256836
3.348126173019409
3.406905174255371
3.401933431625366
3.4047365188598633
3.4046547412872314
3.4060566425323486
3.4022791385650635
3.4003915786743164
3.4025540351867676
3.406101703643799
3.3989572525024414
7.373838901519775
7.3362345695495605
7.307888031005859
7.2608184814453125
7.247711181640625
7.193581581115723
7.1946611404418945
7.19712495803833
7.158650875091553
7.151350498199463
1.7523175477981567
1.7321453094482422
1.752756118774414
1.7333892583847046
1.7269103527069092
1.717858910560608
1.719569444656372
1.7156473398208618
1.7024515867233276
1.7133983373641968
