4.237472057342529
4.219699382781982
4.237641334533691
4.207138538360596
4.180343151092529
4.178501605987549
4.167738437652588
4.1900129318237305
4.240746974945068
4.223247528076172
77.13774871826172
75.47786712646484
74.48391723632812
73.45281982421875
72.8421859741211
72.30780029296875
71.16783142089844
70.36465454101562
69.48554992675781
68.78907012939453
3.6789004802703857
3.679372549057007
3.6838691234588623
3.6860458850860596
3.6821110248565674
3.6817657947540283
3.6722958087921143
3.67464542388916
3.680508613586426
3.677203416824341
12.940733909606934
12.738662719726562
12.799482345581055
12.745107650756836
12.593244552612305
12.588068008422852
12.610037803649902
12.479125022888184
12.473416328430176
12.44067096710205
3.5767736434936523
3.578153610229492
3.5753962993621826
3.577366828918457
3.574406147003174
3.571481704711914
3.5740582942962646
3.569612979888916
3.5737526416778564
3.572913646697998
4.0375237464904785
4.038582801818848
4.0383620262146
4.037991523742676
4.036652088165283
4.038261413574219
4.0372633934021
4.0385260581970215
4.035872936248779
4.038801193237305
2.9946610927581787
3.001823902130127
2.993591785430908
2.990659236907959
2.991118907928467
2.977734327316284
2.972527503967285
2.977022647857666
2.9957704544067383
2.97216796875
24.132966995239258
23.89278221130371
23.555322647094727
23.310693740844727
23.06739044189453
22.627782821655273
22.49378776550293
22.29473114013672
22.096342086791992
21.946517944335938
3.880415201187134
3.879829168319702
3.8783836364746094
3.878329277038574
3.877974271774292
3.877987861633301
3.8774986267089844
3.8794708251953125
3.8783726692199707
3.876253128051758
8.457475662231445
8.474925994873047
8.4133939743042
8.444127082824707
8.41187572479248
8.384052276611328
8.398788452148438
8.39330768585205
8.425272941589355
8.365058898925781
3.7570416927337646
3.7577240467071533
3.7645339965820312
3.758685827255249
3.7602458000183105
3.7606201171875
3.756788969039917
3.759350538253784
3.757476329803467
3.7555840015411377
7.5920844078063965
7.5231170654296875
7.502915382385254
7.43527889251709
7.4364447593688965
7.399581432342529
7.375869274139404
7.333040237426758
7.288710594177246
7.241011142730713
87.68011474609375
84.94287109375
81.03822326660156
72.92428588867188
61.41785430908203
51.19956588745117
44.67778396606445
40.611392974853516
36.76532745361328
32.403892517089844
2.5269615650177
2.5269041061401367
2.528510570526123
2.5256383419036865
2.5239570140838623
2.519658327102661
2.516268730163574
2.51043438911438
2.5133132934570312
2.5050323009490967
29.07124900817871
28.865671157836914
28.680166244506836
28.64531898498535
28.326387405395508
28.062589645385742
27.54500961303711
26.738496780395508
25.312904357910156
23.627622604370117
18.884563446044922
17.389436721801758
15.174543380737305
12.956459999084473
11.180770874023438
9.521158218383789
8.167174339294434
7.156144618988037
6.409844875335693
5.885015964508057
26.104358673095703
25.54717254638672
25.1296443939209
24.556005477905273
24.06599998474121
23.515745162963867
22.77794647216797
21.85055160522461
20.990781784057617
20.051292419433594
19.543670654296875
19.095672607421875
18.634170532226562
18.013595581054688
17.547779083251953
17.00962257385254
16.446203231811523
15.943239212036133
15.482316970825195
14.91437816619873
3.6449618339538574
3.637140989303589
3.640468120574951
3.647418737411499
3.644963264465332
3.6440236568450928
3.6342976093292236
3.6393234729766846
3.6300582885742188
3.6424880027770996
27.557674407958984
27.063608169555664
26.601293563842773
26.168025970458984
25.69933319091797
25.0450496673584
24.765609741210938
24.27234649658203
24.018449783325195
23.61336898803711
2.77801775932312
2.771366596221924
2.763831615447998
2.74750018119812
2.7472968101501465
2.718946933746338
2.6857645511627197
2.703993797302246
2.692692279815674
2.6616392135620117
4.122056007385254
4.119049549102783
4.120866298675537
4.112380027770996
4.117870807647705
4.1134867668151855
4.116820335388184
4.115442276000977
4.110554218292236
4.115921974182129
13.828255653381348
13.84385871887207
13.776327133178711
13.711456298828125
13.68355941772461
13.602030754089355
13.550064086914062
13.472810745239258
13.412065505981445
13.30734634399414
2.662893056869507
2.6484663486480713
2.6313345432281494
2.6337175369262695
2.6383519172668457
2.632565975189209
2.6352858543395996
2.62276291847229
2.6092047691345215
2.6133270263671875
3.4599711894989014
3.4530043601989746
3.4495723247528076
3.4465620517730713
3.4405934810638428
3.434417724609375
3.4332058429718018
3.435901165008545
3.420030117034912
3.416865825653076
19.956270217895508
19.799144744873047
19.591083526611328
19.378250122070312
19.171140670776367
19.000484466552734
18.757808685302734
18.484182357788086
18.18189239501953
17.87895965576172
3.491750717163086
3.4948604106903076
3.490720748901367
3.49302077293396
3.4930131435394287
3.4915273189544678
3.4886558055877686
3.48639178276062
3.4909849166870117
3.492486000061035
4.576066493988037
4.570292949676514
4.5575175285339355
4.570829391479492
4.563952445983887
4.56315803527832
4.562481880187988
4.556118965148926
4.5447258949279785
4.550769805908203
3.7100155353546143
3.6729917526245117
3.6496329307556152
3.645242691040039
3.603862762451172
3.599581241607666
3.5806314945220947
3.568488121032715
3.548774003982544
3.5448319911956787
34.421016693115234
34.049617767333984
33.772178649902344
33.51671600341797
33.250160217285156
32.864891052246094
32.634918212890625
32.31895446777344
31.960586547851562
31.71547508239746
3.2134149074554443
3.211571216583252
3.2105469703674316
3.2164223194122314
3.2007555961608887
3.2137093544006348
3.2049691677093506
3.2065815925598145
3.228930950164795
3.200914144515991
18.82630157470703
18.462080001831055
18.310752868652344
18.27501106262207
17.98004913330078
17.719402313232422
17.406936645507812
17.283672332763672
17.00480842590332
16.737016677856445
1.9565403461456299
1.9559913873672485
1.9233728647232056
1.8997505903244019
1.9084678888320923
1.8947769403457642
1.8957237005233765
1.837575078010559
1.861656665802002
1.806748390197754
3.9962172508239746
4.008142471313477
4.004201412200928
3.9920198917388916
3.9946813583374023
3.998246192932129
3.9961681365966797
4.003171920776367
3.98540997505188
3.9959557056427
2.2265663146972656
2.218428611755371
2.233876943588257
2.2368276119232178
2.2190446853637695
2.2099273204803467
2.215346336364746
2.2066538333892822
2.2058560848236084
2.1862592697143555
13.7811861038208
13.70703125
13.66601276397705
13.497949600219727
13.478608131408691
13.372931480407715
13.360748291015625
13.214133262634277
13.150717735290527
13.065799713134766
2.9959452152252197
2.998023509979248
3.0021653175354004
2.9931085109710693
2.992921829223633
2.9939496517181396
2.9893627166748047
2.9899721145629883
2.9883346557617188
2.981508493423462
8.043007850646973
7.952996253967285
7.855374336242676
7.8171467781066895
7.7152180671691895
7.595094203948975
7.50986909866333
7.424624443054199
7.418736457824707
7.301018238067627
3.4573614597320557
3.457932949066162
3.462531566619873
3.4589648246765137
3.4540822505950928
3.453387975692749
3.461158037185669
3.4510762691497803
3.4524941444396973
3.458369255065918
23.975557327270508
22.542490005493164
21.391469955444336
20.643898010253906
19.9317684173584
19.506223678588867
19.212495803833008
18.997447967529297
18.647693634033203
18.47018051147461
3.3603923320770264
3.3599741458892822
3.3574302196502686
3.362578868865967
3.360598087310791
3.3621678352355957
3.358250141143799
3.3583805561065674
3.361600399017334
3.3590891361236572
28.47736358642578
27.84404754638672
27.140588760375977
26.581525802612305
26.121719360351562
25.966209411621094
25.754552841186523
25.496124267578125
25.356958389282227
25.140180587768555
3.325563907623291
3.3126790523529053
3.320937395095825
3.3195278644561768
3.3136024475097656
3.3093013763427734
3.307633638381958
3.3151259422302246
3.3118672370910645
3.296342611312866
20.142738342285156
19.977622985839844
19.70702362060547
19.440643310546875
19.199522018432617
18.717546463012695
18.4667911529541
18.19021987915039
17.89829444885254
17.390050888061523
1.2535033226013184
1.276703119277954
1.2428321838378906
1.194779396057129
1.1838973760604858
1.1682026386260986
1.0957530736923218
1.0991814136505127
1.0582574605941772
1.0674076080322266
4.170785427093506
4.185963153839111
4.151659965515137
4.180393218994141
4.172750949859619
4.138591766357422
4.15562105178833
4.124721527099609
4.11679744720459
4.11832332611084
11.427257537841797
10.916433334350586
10.277199745178223
9.49682331085205
9.02737045288086
8.471631050109863
7.98338508605957
7.610081672668457
7.447820663452148
7.243940830230713
26.44153594970703
25.879547119140625
25.168752670288086
24.662498474121094
23.999191284179688
23.38913917541504
22.829856872558594
22.351242065429688
21.808439254760742
21.226713180541992
2.0641074180603027
2.067025899887085
2.0631532669067383
2.058847665786743
2.058345079421997
2.058342456817627
2.055522918701172
2.071659803390503
2.0714292526245117
2.0493156909942627
4.06482458114624
4.060874938964844
4.067844390869141
4.054859638214111
4.05083703994751
4.060754299163818
4.0459818840026855
4.052146911621094
4.0431718826293945
4.045822620391846
22.213956832885742
21.77072525024414
21.430870056152344
20.811979293823242
20.377216339111328
19.890838623046875
19.463136672973633
18.963470458984375
18.407848358154297
18.10379409790039
2.4943294525146484
2.4907028675079346
2.491057872772217
2.481691598892212
2.4870998859405518
2.4870989322662354
2.490785837173462
2.479188919067383
2.4778449535369873
2.4782557487487793
4.609659194946289
4.615664482116699
4.611422538757324
4.610647201538086
4.589663982391357
4.593099117279053
4.57697868347168
4.5705485343933105
4.571028709411621
4.572558403015137
3.638592004776001
3.6218597888946533
3.6233527660369873
3.6222586631774902
3.631300210952759
3.6210532188415527
3.613750696182251
3.606942892074585
3.600713014602661
3.5997800827026367
3.5532448291778564
3.5501747131347656
3.5462119579315186
3.5512092113494873
3.552656650543213
3.5581343173980713
3.5614895820617676
3.5531532764434814
3.5568299293518066
3.5444436073303223
22.340641021728516
21.86687660217285
21.404752731323242
21.10083770751953
20.73105812072754
20.40271759033203
19.953462600708008
19.949962615966797
19.598529815673828
19.443927764892578
2.5197319984436035
2.493134021759033
2.465381383895874
2.4612200260162354
2.467078685760498
2.4545371532440186
2.4444875717163086
2.4540023803710938
2.4189929962158203
2.3779327869415283
3.498133420944214
3.491825819015503
3.5097484588623047
3.499675750732422
3.487407922744751
3.4853734970092773
3.4961049556732178
3.494699478149414
3.4904441833496094
3.4960620403289795
8.619756698608398
8.58336067199707
8.571907043457031
8.558977127075195
8.566811561584473
8.503240585327148
8.439240455627441
8.460760116577148
8.421948432922363
8.416115760803223
2.6898140907287598
2.6868369579315186
2.6696884632110596
2.6566362380981445
2.659597873687744
2.643805742263794
2.6413559913635254
2.6298043727874756
2.628920555114746
2.6421620845794678
