4.237472057342529
4.219699382781982
4.237641334533691
4.207138538360596
4.180343151092529
4.178501605987549
4.167738437652588
4.1900129318237305
4.240746974945068
4.223247528076172
77.13774871826172
75.47786712646484
74.48391723632812
73.45281982421875
72.8421859741211
72.30780029296875
71.16783142089844
70.36465454101562
69.48554992675781
68.78907012939453
3.6789004802703857
3.679372549057007
3.6838691234588623
3.6860458850860596
3.6821110248565674
3.6817657947540283
3.6722958087921143
3.67464542388916
3.680508613586426
3.677203416824341
12.940733909606934
12.738662719726562
12.799482345581055
12.745107650756836
12.593244552612305
12.588068008422852
12.610037803649902
12.479125022888184
12.473416328430176
12.44067096710205
3.5767736434936523
3.578153610229492
3.5753962993621826
3.577366828918457
3.574406147003174
3.571481704711914
3.5740582942962646
3.569612979888916
3.5737526416778564
3.572913646697998
4.0375237464904785
4.038582801818848
4.0383620262146
4.037991523742676
4.036652088165283
4.038261413574219
4.0372633934021
4.0385260581970215
4.035872936248779
4.038801193237305
2.9946610927581787
3.001823902130127
2.993591785430908
2.990659236907959
2.991118907928467
2.977734327316284
2.972527503967285
2.977022647857666
2.9957704544067383
2.97216796875
24.132966995239258
23.89278221130371
23.555322647094727
23.310693740844727
23.06739044189453
22.627782821655273
22.49378776550293
22.29473114013672
22.096342086791992
21.946517944335938
3.880415201187134
3.879829168319702
3.8783836364746094
3.878329277038574
3.877974271774292
3.877987861633301
3.8774986267089844
3.8794708251953125
3.8783726692199707
3.876253128051758
8.457475662231445
8.474925994873047
8.4133939743042
8.444127082824707
8.41187572479248
8.384052276611328
8.398788452148438
8.39330768585205
8.425272941589355
8.365058898925781
3.7570416927337646
3.7577240467071533
3.7645339965820312
3.758685827255249
3.7602458000183105
3.7606201171875
3.756788969039917
3.759350538253784
3.757476329803467
3.7555840015411377
7.5920844078063965
7.5231170654296875
7.502915382385254
7.43527889251709
7.4364447593688965
7.399581432342529
7.375869274139404
7.333040237426758
7.288710594177246
7.241011142730713
87.68011474609375
84.94287109375
81.03822326660156
72.92428588867188
61.41785430908203
51.19956588745117
44.67778396606445
40.611392974853516
36.76532745361328
32.403892517089844
2.5269615650177
2.5269041061401367
2.528510570526123
2.5256383419036865
2.5239570140838623
2.519658327102661
2.516268730163574
2.51043438911438
2.5133132934570312
2.5050323009490967
29.07124900817871
28.865671157836914
28.680166244506836
28.64531898498535
28.326387405395508
28.062589645385742
27.54500961303711
26.738496780395508
25.312904357910156
23.627622604370117
18.884563446044922
17.389436721801758
15.174543380737305
12.956459999084473
11.180770874023438
9.521158218383789
8.167174339294434
7.156144618988037
6.409844875335693
5.885015964508057
26.104358673095703
25.54717254638672
25.1296443939209
24.556005477905273
24.06599998474121
23.515745162963867
22.77794647216797
21.85055160522461
20.990781784057617
20.051292419433594
19.543670654296875
19.095672607421875
18.634170532226562
18.013595581054688
17.547779083251953
17.00962257385254
16.446203231811523
15.943239212036133
15.482316970825195
14.91437816619873
3.6449618339538574
3.637140989303589
3.640468120574951
3.647418737411499
3.644963264465332
3.6440236568450928
3.6342976093292236
3.6393234729766846
3.6300582885742188
3.6424880027770996
27.557674407958984
27.063608169555664
26.601293563842773
26.168025970458984
25.69933319091797
25.0450496673584
24.765609741210938
24.27234649658203
24.018449783325195
23.61336898803711
2.77801775932312
2.771366596221924
2.763831615447998
2.74750018119812
2.7472968101501465
2.718946933746338
2.6857645511627197
2.703993797302246
2.692692279815674
2.6616392135620117
4.122056007385254
4.119049549102783
4.120866298675537
4.112380027770996
4.117870807647705
4.1134867668151855
4.116820335388184
4.115442276000977
4.110554218292236
4.115921974182129
13.828255653381348
13.84385871887207
13.776327133178711
13.711456298828125
13.68355941772461
13.602030754089355
13.550064086914062
13.472810745239258
13.412065505981445
13.30734634399414
2.662893056869507
2.6484663486480713
2.6313345432281494
2.6337175369262695
2.6383519172668457
2.632565975189209
2.6352858543395996
2.62276291847229
2.6092047691345215
2.6133270263671875
3.4599711894989014
3.4530043601989746
3.4495723247528076
3.4465620517730713
3.4405934810638428
3.434417724609375
3.4332058429718018
3.435901165008545
3.420030117034912
3.416865825653076
19.956270217895508
19.799144744873047
19.591083526611328
19.378250122070312
19.171140670776367
19.000484466552734
18.757808685302734
18.484182357788086
18.18189239501953
17.87895965576172
3.491750717163086
3.4948604106903076
3.490720748901367
3.49302077293396
3.4930131435394287
3.4915273189544678
3.4886558055877686
3.48639178276062
3.4909849166870117
3.492486000061035
4.576066493988037
4.570292949676514
4.5575175285339355
4.570829391479492
4.563952445983887
4.56315803527832
4.562481880187988
4.556118965148926
4.5447258949279785
4.550769805908203
3.7100155353546143
3.6729917526245117
3.6496329307556152
3.645242691040039
3.603862762451172
3.599581241607666
3.5806314945220947
3.568488121032715
3.548774003982544
3.5448319911956787
34.421016693115234
34.049617767333984
33.772178649902344
33.51671600341797
33.250160217285156
32.864891052246094
32.634918212890625
32.31895446777344
31.960586547851562
31.71547508239746
3.2134149074554443
3.211571216583252
3.2105469703674316
3.2164223194122314
3.2007555961608887
3.2137093544006348
3.2049691677093506
3.2065815925598145
3.228930950164795
3.200914144515991
18.82630157470703
18.462080001831055
18.310752868652344
18.27501106262207
17.98004913330078
17.719402313232422
17.406936645507812
17.283672332763672
17.00480842590332
16.737016677856445
1.9565403461456299
1.9559913873672485
1.9233728647232056
1.8997505903244019
1.9084678888320923
1.8947769403457642
1.8957237005233765
1.837575078010559
1.861656665802002
1.806748390197754
3.9962172508239746
4.008142471313477
4.004201412200928
3.9920198917388916
3.9946813583374023
3.998246192932129
3.9961681365966797
4.003171920776367
3.98540997505188
3.9959557056427
2.2265663146972656
2.218428611755371
2.233876943588257
2.2368276119232178
2.2190446853637695
2.2099273204803467
2.215346336364746
2.2066538333892822
2.2058560848236084
2.1862592697143555
13.7811861038208
13.70703125
13.66601276397705
13.497949600219727
13.478608131408691
13.372931480407715
13.360748291015625
13.214133262634277
13.150717735290527
13.065799713134766
2.9959452152252197
2.998023509979248
3.0021653175354004
2.9931085109710693
2.992921829223633
2.9939496517181396
2.9893627166748047
2.9899721145629883
2.9883346557617188
2.981508493423462
8.043007850646973
7.952996253967285
7.855374336242676
7.8171467781066895
7.7152180671691895
7.595094203948975
7.50986909866333
7.424624443054199
7.418736457824707
7.301018238067627
3.4573614597320557
3.457932949066162
3.462531566619873
3.4589648246765137
3.4540822505950928
3.453387975692749
3.461158037185669
3.4510762691497803
3.4524941444396973
3.458369255065918
23.975557327270508
22.542490005493164
21.391469955444336
20.643898010253906
19.9317684173584
19.506223678588867
19.212495803833008
18.997447967529297
18.647693634033203
18.47018051147461
3.3603923320770264
3.3599741458892822
3.3574302196502686
3.362578868865967
3.360598087310791
3.3621678352355957
3.358250141143799
3.3583805561065674
3.361600399017334
3.3590891361236572
28.47736358642578
27.84404754638672
27.140588760375977
26.581525802612305
26.121719360351562
25.966209411621094
25.754552841186523
25.496124267578125
25.356958389282227
25.140180587768555
3.325563907623291
3.3126790523529053
3.320937395095825
3.3195278644561768
3.3136024475097656
3.3093013763427734
3.307633638381958
3.3151259422302246
3.3118672370910645
3.296342611312866
20.142738342285156
19.977622985839844
19.70702362060547
19.440643310546875
19.199522018432617
18.717546463012695
18.4667911529541
18.19021987915039
17.89829444885254
17.390050888061523
1.2535033226013184
1.276703119277954
1.2428321838378906
1.194779396057129
1.1838973760604858
1.1682026386260986
1.0957530736923218
1.0991814136505127
1.0582574605941772
1.0674076080322266
4.170785427093506
4.185963153839111
4.151659965515137
4.180393218994141
4.172750949859619
4.138591766357422
4.15562105178833
4.124721527099609
4.11679744720459
4.11832332611084
11.427257537841797
10.916433334350586
10.277199745178223
9.49682331085205
9.02737045288086
8.471631050109863
7.98338508605957
7.610081672668457
7.447820663452148
7.243940830230713
26.44153594970703
25.879547119140625
25.168752670288086
24.662498474121094
23.999191284179688
23.38913917541504
22.829856872558594
22.351242065429688
21.808439254760742
21.226713180541992
2.0641074180603027
2.067025899887085
2.0631532669067383
2.058847665786743
2.058345079421997
2.058342456817627
2.055522918701172
2.071659803390503
2.0714292526245117
2.0493156909942627
4.06482458114624
4.060874938964844
4.067844390869141
4.054859638214111
4.05083703994751
4.060754299163818
4.0459818840026855
4.052146911621094
4.0431718826293945
4.045822620391846
22.213956832885742
21.77072525024414
21.430870056152344
20.811979293823242
20.377216339111328
19.890838623046875
19.463136672973633
18.963470458984375
18.407848358154297
18.10379409790039
2.4943294525146484
2.4907028675079346
2.491057872772217
2.481691598892212
2.4870998859405518
2.4870989322662354
2.490785837173462
2.479188919067383
2.4778449535369873
2.4782557487487793
4.609659194946289
4.615664482116699
4.611422538757324
4.610647201538086
4.589663982391357
4.593099117279053
4.57697868347168
4.5705485343933105
4.571028709411621
4.572558403015137
3.638592004776001
3.6218597888946533
3.6233527660369873
3.6222586631774902
3.631300210952759
3.6210532188415527
3.613750696182251
3.606942892074585
3.600713014602661
3.5997800827026367
3.5532448291778564
3.5501747131347656
3.5462119579315186
3.5512092113494873
3.552656650543213
3.5581343173980713
3.5614895820617676
3.5531532764434814
3.5568299293518066
3.5444436073303223
22.340641021728516
21.86687660217285
21.404752731323242
21.10083770751953
20.73105812072754
20.40271759033203
19.953462600708008
19.949962615966797
19.598529815673828
19.443927764892578
2.5197319984436035
2.493134021759033
2.465381383895874
2.4612200260162354
2.467078685760498
2.4545371532440186
2.4444875717163086
2.4540023803710938
2.4189929962158203
2.3779327869415283
3.498133420944214
3.491825819015503
3.5097484588623047
3.499675750732422
3.487407922744751
3.4853734970092773
3.4961049556732178
3.494699478149414
3.4904441833496094
3.4960620403289795
8.619756698608398
8.58336067199707
8.571907043457031
8.558977127075195
8.566811561584473
8.503240585327148
8.439240455627441
8.460760116577148
8.421948432922363
8.416115760803223
2.6898140907287598
2.6868369579315186
2.6696884632110596
2.6566362380981445
2.659597873687744
2.643805742263794
2.6413559913635254
2.6298043727874756
2.628920555114746
2.6421620845794678
18.86310577392578
18.646089553833008
18.37116241455078
18.166677474975586
17.934818267822266
17.78070068359375
17.612056732177734
17.414213180541992
17.28955078125
17.06229019165039
3.083080768585205
3.084212303161621
3.081023931503296
3.080392360687256
3.07533860206604
3.077094316482544
3.0796890258789062
3.0749263763427734
3.074860095977783
3.0817065238952637
3.6284947395324707
3.6293816566467285
3.623366117477417
3.63079833984375
3.622807025909424
3.620004177093506
3.6206114292144775
3.6310372352600098
3.6205925941467285
3.6248486042022705
20.63459587097168
20.469125747680664
20.178482055664062
20.052963256835938
19.910118103027344
19.70150375366211
19.45340919494629
19.220857620239258
18.931610107421875
18.674293518066406
2.2393579483032227
2.245037078857422
2.2361490726470947
2.235593795776367
2.232076644897461
2.231081008911133
2.2341489791870117
2.2321810722351074
2.2277135848999023
2.2308716773986816
3.9883711338043213
3.990818500518799
3.9831650257110596
3.9872279167175293
3.9792425632476807
3.9803130626678467
3.97934889793396
3.9814422130584717
3.9805824756622314
3.980611801147461
3.2971994876861572
3.301164150238037
3.2933363914489746
3.286658525466919
3.2901363372802734
3.304948568344116
3.293609380722046
3.290178060531616
3.2784342765808105
3.2656898498535156
24.098464965820312
23.703149795532227
23.11330795288086
22.56959342956543
21.8587646484375
21.080055236816406
20.824491500854492
20.30950927734375
19.901283264160156
19.494260787963867
0.5391026139259338
0.541253924369812
0.5443288087844849
0.5211470127105713
0.5138562917709351
0.5044546723365784
0.5039660930633545
0.5000374913215637
0.48494184017181396
0.47756141424179077
4.230250358581543
4.22555685043335
4.2163896560668945
4.222842693328857
4.224533557891846
4.231733322143555
4.212996482849121
4.198086738586426
4.190888404846191
4.2121076583862305
13.089459419250488
12.867037773132324
12.7542085647583
12.59138298034668
12.413681030273438
12.22363567352295
12.040066719055176
11.866334915161133
11.688838958740234
11.483514785766602
3.126110315322876
3.1037817001342773
3.1085827350616455
3.0856869220733643
3.1130051612854004
3.1074459552764893
3.0884928703308105
3.0861291885375977
3.0982513427734375
3.0884597301483154
7.3823723793029785
7.369960308074951
7.377320289611816
7.368802547454834
7.357492446899414
7.336047649383545
7.309360504150391
7.347086429595947
7.321311950683594
7.330301284790039
3.1338202953338623
3.1372146606445312
3.134383201599121
3.1354219913482666
3.1336846351623535
3.136746644973755
3.134000301361084
3.1340153217315674
3.135773181915283
3.134305477142334
2.9435970783233643
2.92785906791687
2.934490203857422
2.9223792552948
2.888376235961914
2.894670009613037
2.8890767097473145
2.883518934249878
2.874619245529175
2.8777735233306885
8.225602149963379
8.10561752319336
8.01927375793457
7.8761982917785645
7.82354211807251
7.690396785736084
7.50950813293457
7.442627906799316
7.352710723876953
7.2349629402160645
3.2498960494995117
3.2502708435058594
3.252563953399658
3.246371269226074
3.246112585067749
3.2509500980377197
3.2494680881500244
3.2484965324401855
3.2477831840515137
3.2435219287872314
4.119370937347412
4.120513916015625
4.1225786209106445
4.1205244064331055
4.123049736022949
4.121000289916992
4.120208263397217
4.121816635131836
4.122615337371826
4.120821475982666
3.414153814315796
3.418020486831665
3.3952298164367676
3.415574312210083
3.403977870941162
3.4099724292755127
3.411705732345581
3.4078030586242676
3.408801555633545
3.4084603786468506
27.447174072265625
27.0701847076416
26.682849884033203
26.16712188720703
25.91973304748535
25.615665435791016
25.3433837890625
24.996295928955078
24.640958786010742
24.452346801757812
4.711128234863281
4.7276482582092285
4.723751068115234
4.703883647918701
4.634969711303711
4.601762294769287
4.624087810516357
4.591968536376953
4.504288673400879
4.559422016143799
3.9572958946228027
3.9490396976470947
3.9499101638793945
3.9288430213928223
3.9228577613830566
3.9040613174438477
3.916313409805298
3.918271064758301
3.9045965671539307
3.8912837505340576
9.756233215332031
9.27584171295166
8.863215446472168
8.428268432617188
8.124828338623047
7.779779434204102
7.363845348358154
6.9955735206604
6.6297926902771
6.35982608795166
2.961940288543701
2.937587261199951
2.9140572547912598
2.9287302494049072
2.927318811416626
2.9170660972595215
2.9168834686279297
2.911648988723755
2.893710136413574
2.897228479385376
3.7184526920318604
3.718031406402588
3.7182040214538574
3.7185587882995605
3.718351364135742
3.7178518772125244
3.717726707458496
3.7189743518829346
3.7182977199554443
3.7188124656677246
4.331968307495117
4.332421779632568
4.332436561584473
4.331014633178711
4.331825256347656
4.33193302154541
4.332320690155029
4.331821918487549
4.33260440826416
4.331896781921387
3.364525079727173
3.3678386211395264
3.3632454872131348
3.363223075866699
3.3648178577423096
3.366619825363159
3.361537456512451
3.3667309284210205
3.365335464477539
3.3657894134521484
4.61885929107666
4.612832546234131
4.60595178604126
4.611481666564941
4.6005377769470215
4.599982738494873
4.593990325927734
4.598500728607178
4.591325283050537
4.592721462249756
2.918440580368042
2.9311158657073975
2.9214980602264404
2.8950440883636475
2.9032812118530273
2.862769603729248
2.8752024173736572
2.875868082046509
2.8466875553131104
2.862783432006836
4.565916061401367
4.569824695587158
4.5537638664245605
4.559871673583984
4.5545759201049805
4.547078609466553
4.534680366516113
4.524347305297852
4.543575286865234
4.533755779266357
3.3550474643707275
3.362548828125
3.3564608097076416
3.354356527328491
3.3526298999786377
3.35862398147583
3.3587095737457275
3.3513693809509277
3.3509438037872314
3.3522963523864746
18.250152587890625
17.978351593017578
17.86185646057129
17.66985321044922
17.3349552154541
17.280122756958008
17.042810440063477
16.870325088500977
16.701618194580078
16.530715942382812
2.9223783016204834
2.89721417427063
2.908453941345215
2.9080564975738525
2.908830165863037
2.8780367374420166
2.880164861679077
2.8807363510131836
2.8725152015686035
2.8569998741149902
3.975809335708618
3.958360195159912
3.9639170169830322
3.95135760307312
3.9545838832855225
3.9452338218688965
3.9367895126342773
3.9198014736175537
3.9204049110412598
3.9148056507110596
4.8852362632751465
4.832934856414795
4.8401384353637695
4.7792463302612305
4.746786594390869
4.744271278381348
4.702902793884277
4.699372291564941
4.668219566345215
4.652952194213867
35.97347640991211
35.28012466430664
34.86748504638672
34.35446548461914
33.846763610839844
33.55620574951172
32.8704948425293
32.65788269042969
32.29988098144531
31.98434829711914
12.217976570129395
12.04202938079834
11.72585678100586
11.534184455871582
11.339200973510742
11.0263090133667
10.802433013916016
10.499306678771973
10.081199645996094
9.791191101074219
3.0888595581054688
3.092299222946167
3.0918147563934326
3.0880508422851562
3.0867574214935303
3.090442180633545
3.0872037410736084
3.0879526138305664
3.0875651836395264
3.08758807182312
12.552881240844727
12.488011360168457
12.332173347473145
12.207038879394531
12.099071502685547
11.901196479797363
11.852767944335938
11.727287292480469
11.645490646362305
11.585209846496582
3.2715466022491455
3.2704763412475586
3.2718372344970703
3.2713375091552734
3.2696168422698975
3.271167039871216
3.2711446285247803
3.270345687866211
3.270631790161133
3.2711174488067627
3.8112218379974365
3.8112218379974365
3.8112218379974365
3.8112218379974365
3.8112218379974365
3.8112096786499023
3.8112218379974365
3.8112218379974365
3.811183452606201
3.8112218379974365
3.4330878257751465
3.4342095851898193
3.4325625896453857
3.4330496788024902
3.433476448059082
3.4337518215179443
3.4354405403137207
3.4340341091156006
3.4355854988098145
3.43532657623291
3.118443727493286
3.120133638381958
3.1101949214935303
3.116391181945801
3.116537570953369
3.111996650695801
3.1058340072631836
3.108065128326416
3.114119529724121
3.1075026988983154
24.419809341430664
23.77642822265625
23.448745727539062
23.052446365356445
22.587982177734375
22.253273010253906
21.920494079589844
21.554912567138672
21.293149948120117
21.01877212524414
2.332766056060791
2.2783560752868652
2.3092777729034424
2.289422035217285
2.2788360118865967
2.228933811187744
2.2259252071380615
2.243561029434204
2.2028415203094482
2.189171314239502
3.683950424194336
3.688363552093506
3.673628807067871
3.679316282272339
3.6752262115478516
3.680647850036621
3.685697555541992
3.6730706691741943
3.669462203979492
3.6578569412231445
14.128658294677734
13.833106994628906
13.597787857055664
13.285327911376953
13.124792098999023
12.923887252807617
12.702672958374023
12.535026550292969
12.36406421661377
12.196831703186035
3.7852365970611572
3.7916953563690186
3.7753071784973145
3.78863787651062
3.7932820320129395
3.7432687282562256
3.7518579959869385
3.742177724838257
3.753418207168579
3.7307510375976562
3.761866569519043
3.7623648643493652
3.764521360397339
3.763061285018921
3.7604918479919434
3.7604615688323975
3.757012367248535
3.758878231048584
3.7572853565216064
3.7563531398773193
2.7873141765594482
2.7762444019317627
2.7824642658233643
2.7792911529541016
2.77524995803833
2.7745916843414307
2.7744688987731934
2.773003101348877
2.772275447845459
2.7616398334503174
4.305893421173096
4.309054851531982
4.309483051300049
4.305568695068359
4.30635929107666
4.305635929107666
4.292588233947754
4.2981085777282715
4.294418811798096
4.291954517364502
12.22533893585205
11.966487884521484
11.623345375061035
11.24928092956543
10.947406768798828
10.656782150268555
10.427679061889648
10.094514846801758
9.773825645446777
9.475994110107422
2.5182924270629883
2.509885311126709
2.5152013301849365
2.5044775009155273
2.4989523887634277
2.494978189468384
2.484624147415161
2.481627941131592
2.4824414253234863
2.4774203300476074
3.2208168506622314
3.219536542892456
3.2202954292297363
3.2188987731933594
3.2206056118011475
3.218980550765991
3.2193942070007324
3.220029830932617
3.2197813987731934
3.220546007156372
3.1729514598846436
3.164623737335205
3.167208671569824
3.161212921142578
3.1693029403686523
3.1641972064971924
3.1639044284820557
3.1647186279296875
3.1574766635894775
3.1610536575317383
13.188738822937012
13.19078540802002
13.011786460876465
12.909039497375488
12.877187728881836
12.810320854187012
12.705160140991211
12.662110328674316
12.584547996520996
12.465198516845703
2.491892099380493
2.4739174842834473
2.484633684158325
2.4455490112304688
2.433288335800171
2.4317612648010254
2.3966240882873535
2.387840986251831
2.3655848503112793
2.3771166801452637
3.4670350551605225
3.4451916217803955
3.4495439529418945
3.4492743015289307
3.443342685699463
3.438667058944702
3.4468979835510254
3.439148187637329
3.4286835193634033
3.4370298385620117
17.74419403076172
17.347328186035156
16.71958351135254
16.201393127441406
15.590639114379883
15.018401145935059
14.56798267364502
14.125822067260742
13.587797164916992
13.111096382141113
3.125211477279663
3.1226744651794434
3.1209514141082764
3.1177728176116943
3.113982677459717
3.122445821762085
3.1059987545013428
3.109548807144165
3.103846549987793
3.0922744274139404
3.844289541244507
3.8440067768096924
3.842606544494629
3.8418095111846924
3.84004545211792
3.8428285121917725
3.8466880321502686
3.8471038341522217
3.840467929840088
3.8413851261138916
3.8403944969177246
3.8391051292419434
3.842663049697876
3.8388450145721436
3.839200019836426
3.836425304412842
3.837672710418701
3.8354735374450684
3.8328583240509033
3.835773229598999
3.2708001136779785
3.272181510925293
3.2699337005615234
3.270831823348999
3.2708044052124023
3.270728826522827
3.2710349559783936
3.270097017288208
3.270678997039795
3.270829439163208
4.168888092041016
4.166966438293457
4.161126613616943
4.163389205932617
4.167433261871338
4.1665496826171875
4.157926559448242
4.161043167114258
4.161388397216797
4.15511417388916
3.1183817386627197
3.1178529262542725
3.11700439453125
3.1181063652038574
3.116816759109497
3.117131471633911
3.1174263954162598
3.1172661781311035
3.1173183917999268
3.117398738861084
1.9255754947662354
1.9165655374526978
1.9080002307891846
1.9211487770080566
1.9076440334320068
1.9024388790130615
1.89950430393219
1.8990776538848877
1.8797972202301025
1.892263650894165
3.240370988845825
3.2438724040985107
3.247184991836548
3.2327115535736084
3.2360424995422363
3.237675905227661
3.2383716106414795
3.234802484512329
3.2285170555114746
3.234365940093994
13.722131729125977
13.582612991333008
13.671219825744629
13.524515151977539
13.495631217956543
13.413863182067871
13.34960651397705
13.268966674804688
13.25493049621582
13.273609161376953
2.147021532058716
2.1480562686920166
2.1272048950195312
2.100255012512207
2.107881784439087
2.1042959690093994
2.09332537651062
2.085221290588379
2.0877060890197754
2.09273099899292
3.636308431625366
3.6300365924835205
3.623708486557007
3.614670753479004
3.6109061241149902
3.598487615585327
3.6058034896850586
3.593484878540039
3.578700304031372
3.597874879837036
22.4893856048584
22.424602508544922
22.45286750793457
22.512693405151367
22.292694091796875
22.3697452545166
22.23154640197754
22.172021865844727
22.213525772094727
22.205089569091797
3.3748648166656494
3.373412609100342
3.3893790245056152
3.3710620403289795
3.377760648727417
3.3806657791137695
3.371835708618164
3.368530511856079
3.370777130126953
3.36327862739563
11.124122619628906
10.938872337341309
10.835692405700684
10.568696975708008
10.330313682556152
10.187702178955078
9.928572654724121
9.707237243652344
9.454341888427734
9.23559284210205
3.6850671768188477
3.684734344482422
3.6850080490112305
3.6851558685302734
3.685089111328125
3.6844282150268555
3.6840407848358154
3.684859037399292
3.6842093467712402
3.684699773788452
4.113620758056641
4.117565155029297
4.115551471710205
4.114282608032227
4.112934589385986
4.113443374633789
4.110514163970947
4.110105037689209
4.112255096435547
4.112039566040039
3.1950504779815674
3.1950693130493164
3.19502854347229
3.195046901702881
3.195012092590332
3.194997787475586
3.195028781890869
3.1950881481170654
3.1950361728668213
3.195021390914917
4.206779956817627
4.206502914428711
4.206517696380615
4.206554889678955
4.206776142120361
4.206378936767578
4.206684112548828
4.206279277801514
4.20633602142334
4.206063747406006
3.3822758197784424
3.3762145042419434
3.3796656131744385
3.379159450531006
3.378324031829834
3.377234935760498
3.3780364990234375
3.380019426345825
3.37390398979187
3.375319242477417
3.365903854370117
3.363213539123535
3.366581439971924
3.357089042663574
3.3531017303466797
3.355952501296997
3.365406036376953
3.3634257316589355
3.359607696533203
3.360368251800537
9.02122974395752
8.949315071105957
8.915410041809082
8.70532512664795
8.698457717895508
8.53822135925293
8.571823120117188
8.480361938476562
8.394794464111328
8.30789852142334
3.1835968494415283
3.179506778717041
3.1822352409362793
3.179137945175171
3.168064832687378
3.168196201324463
3.1593029499053955
3.166918992996216
3.149953603744507
3.149824380874634
3.349289655685425
3.3668599128723145
3.345829963684082
3.349411725997925
3.341132164001465
3.3356423377990723
3.3263039588928223
3.3202531337738037
3.313318967819214
3.3066699504852295
30.11119270324707
29.735313415527344
29.367225646972656
29.024057388305664
28.696443557739258
28.31242561340332
27.96501350402832
27.42577362060547
27.202939987182617
26.82888412475586
2.46757173538208
2.4658708572387695
2.4666051864624023
2.4667956829071045
2.4715189933776855
2.467853307723999
2.4732227325439453
2.462170362472534
2.4641201496124268
2.46651029586792
6.289085388183594
6.302006721496582
6.264873027801514
6.2533674240112305
6.253568172454834
6.250253677368164
6.2147698402404785
6.209563255310059
6.206413745880127
6.193938255310059
2.7709274291992188
2.7659735679626465
2.7683558464050293
2.7653462886810303
2.76302170753479
2.769129991531372
2.7662646770477295
2.7678117752075195
2.7632672786712646
2.761072874069214
3.820432186126709
3.8196640014648438
3.8203845024108887
3.8205270767211914
3.819934844970703
3.818417549133301
3.820038080215454
3.8189752101898193
3.819601058959961
3.819687843322754
3.838146686553955
3.838141441345215
3.8379478454589844
3.8381998538970947
3.837843894958496
3.8381874561309814
3.8379077911376953
3.8378751277923584
3.838212013244629
3.8380556106567383
3.7622976303100586
3.761401414871216
3.7631752490997314
3.761195659637451
3.7634572982788086
3.762911319732666
3.760918617248535
3.759840965270996
3.761676788330078
3.761519432067871
3.665982246398926
3.6659510135650635
3.6659722328186035
3.666001319885254
3.6658740043640137
3.6659183502197266
3.6661369800567627
3.6659862995147705
3.666048049926758
3.6660773754119873
3.289865016937256
3.2851314544677734
3.2809581756591797
3.283951759338379
3.281825304031372
3.2838149070739746
3.2818825244903564
3.2844231128692627
3.2834649085998535
3.2811665534973145
11.063261032104492
10.941411972045898
10.866296768188477
10.772716522216797
10.698714256286621
10.675933837890625
10.629247665405273
10.58153247833252
10.493973731994629
10.455231666564941
1.9507317543029785
1.9491937160491943
1.9451184272766113
1.929857850074768
1.9222038984298706
1.9286479949951172
1.906872034072876
1.9246456623077393
1.9017083644866943
1.9034100770950317
3.8814752101898193
3.8933050632476807
3.874293804168701
3.856992721557617
3.869067907333374
3.8380210399627686
3.810509204864502
3.8438520431518555
3.816617965698242
3.8050053119659424
0.5091100335121155
0.4849519431591034
0.49163731932640076
0.46983247995376587
0.46751660108566284
0.45813268423080444
0.455221563577652
0.445048987865448
0.4380844831466675
0.4483703672885895
30.845069885253906
30.620925903320312
30.493982315063477
30.316608428955078
30.169898986816406
30.02576446533203
29.852235794067383
29.732654571533203
29.526302337646484
29.442243576049805
3.626248836517334
3.6262247562408447
3.6254682540893555
3.626702070236206
3.6261003017425537
3.6260294914245605
3.6263344287872314
3.6256103515625
3.6260452270507812
3.6256215572357178
3.8994038105010986
3.898801803588867
3.898873805999756
3.8991546630859375
3.8987154960632324
3.8972864151000977
3.8994460105895996
3.8984293937683105
3.8985607624053955
3.8985159397125244
2.833038568496704
2.8327019214630127
2.8326733112335205
2.8328373432159424
2.8324408531188965
2.831960439682007
2.8340752124786377
2.8316168785095215
2.8317079544067383
2.8304483890533447
12.8444185256958
12.852273941040039
12.852489471435547
12.842453956604004
12.83657169342041
12.833490371704102
12.827970504760742
12.831607818603516
12.831628799438477
12.828214645385742
3.864469051361084
3.8617749214172363
3.862344264984131
3.8650739192962646
3.8619251251220703
3.8624701499938965
3.8615050315856934
3.856679677963257
3.858591079711914
3.8527019023895264
5.455989360809326
5.438298225402832
5.379061698913574
5.333326816558838
5.321954727172852
5.238962650299072
5.204636096954346
5.136379718780518
5.13982629776001
5.06643009185791
3.7324202060699463
3.734326124191284
3.7317874431610107
3.7367284297943115
3.7297942638397217
3.728776693344116
3.7277212142944336
3.7298848628997803
3.727015972137451
3.730304479598999
15.416746139526367
15.179315567016602
15.02639102935791
14.932448387145996
14.673316955566406
14.52613353729248
14.34520149230957
14.208483695983887
14.123294830322266
13.95263671875
2.848653554916382
2.85614013671875
2.840834140777588
2.8354902267456055
2.8286614418029785
2.8125410079956055
2.8224475383758545
2.8309924602508545
2.810959815979004
2.7996973991394043
3.9471282958984375
3.9479246139526367
3.932640790939331
3.9487924575805664
3.9508066177368164
3.935929775238037
3.9327361583709717
3.9347262382507324
3.931647777557373
3.9404807090759277
6.30770206451416
6.290384292602539
6.2794718742370605
6.23396110534668
6.258395195007324
6.223536491394043
6.212548732757568
6.207415580749512
6.203758239746094
6.170324325561523
1.997604250907898
2.012922763824463
2.0069220066070557
2.025771141052246
1.9850995540618896
1.999135971069336
1.9832929372787476
2.005589246749878
1.9804024696350098
1.9906115531921387
11.146268844604492
10.934640884399414
10.679593086242676
10.325824737548828
10.034492492675781
9.61505126953125
9.080570220947266
8.532917976379395
7.788610935211182
7.041040420532227
3.1407573223114014
3.1415343284606934
3.1428890228271484
3.141106128692627
3.141450881958008
3.142834424972534
3.1425857543945312
3.1413466930389404
3.143101692199707
3.142235040664673
5.025900363922119
5.025171756744385
5.012235164642334
5.023221969604492
5.018551826477051
5.011508941650391
5.01716423034668
5.015711784362793
5.002513408660889
5.0041422843933105
3.1408281326293945
3.143862247467041
3.1443560123443604
3.1403939723968506
3.1381709575653076
3.133920192718506
3.1335208415985107
3.12680721282959
3.1285955905914307
3.1307711601257324
5.984091758728027
5.521856784820557
5.011367321014404
4.835118293762207
4.579537868499756
4.493363380432129
4.431056499481201
4.355972766876221
4.347623348236084
4.316326141357422
3.4073376655578613
3.408062696456909
3.4072751998901367
3.4082305431365967
3.4078824520111084
3.407925605773926
3.408342123031616
3.4082980155944824
3.407317876815796
3.4078831672668457
3.2571771144866943
3.247758388519287
3.2477221488952637
3.2569828033447266
3.2512502670288086
3.2461044788360596
3.249201536178589
3.2520315647125244
3.2433948516845703
3.247617483139038
12.906765937805176
12.709420204162598
12.613452911376953
12.41158390045166
12.365558624267578
12.179376602172852
11.978978157043457
11.868284225463867
11.784589767456055
11.651226997375488
3.3176941871643066
3.3333542346954346
3.2816200256347656
3.315356492996216
3.2955474853515625
3.2891783714294434
3.262089729309082
3.262864112854004
3.2510342597961426
3.2267966270446777
5.714279651641846
5.706162929534912
5.684744358062744
5.6810126304626465
5.648531913757324
5.656019687652588
5.645285129547119
5.59211540222168
5.611424446105957
5.596981048583984
3.3194527626037598
3.3158950805664062
3.322624921798706
3.311767339706421
3.3015079498291016
3.309468984603882
3.296022415161133
3.320425033569336
3.291527271270752
3.282433032989502
5.65232515335083
5.650649547576904
5.612628936767578
5.603206634521484
5.582353591918945
5.564309120178223
5.5396881103515625
5.512807369232178
5.50370979309082
5.46236515045166
4.500607013702393
4.499279499053955
4.50164794921875
4.498812198638916
4.497121810913086
4.496374130249023
4.49431848526001
4.4973578453063965
4.497893810272217
4.491508960723877
3.423430919647217
3.4234278202056885
3.423429250717163
3.4234392642974854
3.4234392642974854
3.4234373569488525
3.423433542251587
3.423434257507324
3.4234392642974854
3.423429012298584
4.0580949783325195
4.057820796966553
4.058464527130127
4.058035373687744
4.0578389167785645
4.05796480178833
4.058049201965332
4.058556079864502
4.058465003967285
4.057823181152344
3.3768246173858643
3.3745944499969482
3.37579607963562
3.376020669937134
3.375521659851074
3.3776357173919678
3.3754518032073975
3.376282215118408
3.3767549991607666
3.37593936920166
7.894036293029785
7.776178359985352
7.699357986450195
7.575521945953369
7.464427471160889
7.377040863037109
7.225809574127197
7.119106292724609
6.999597072601318
6.904453754425049
3.162411689758301
3.1612162590026855
3.1622352600097656
3.160353660583496
3.1609838008880615
3.161954879760742
3.1617767810821533
3.161728858947754
3.1605453491210938
3.1619956493377686
3.388049840927124
3.3788914680480957
3.384165048599243
3.3806538581848145
3.3710379600524902
3.365060329437256
3.3726141452789307
3.3806803226470947
3.3767778873443604
3.3777542114257812
8.713019371032715
8.574965476989746
8.491023063659668
8.350488662719727
8.295042037963867
8.178424835205078
8.089082717895508
8.001955032348633
7.955767631530762
7.813225746154785
2.1888351440429688
2.169604539871216
2.15029239654541
2.133129596710205
2.1482651233673096
2.1143643856048584
2.112694501876831
2.099149227142334
2.090717315673828
2.0876595973968506
3.7222471237182617
3.7227783203125
3.7034778594970703
3.7096481323242188
3.703230142593384
3.6890387535095215
3.6805293560028076
3.698286771774292
3.682277202606201
3.6894352436065674
13.645812034606934
13.611056327819824
13.465846061706543
13.427217483520508
13.336130142211914
13.232580184936523
13.191926956176758
13.07214069366455
13.004934310913086
12.928705215454102
1.7579762935638428
1.7614655494689941
1.732016921043396
1.7250224351882935
1.7235313653945923
1.7408467531204224
1.7068159580230713
1.7002452611923218
1.7036570310592651
1.6858983039855957
4.048228740692139
4.049025535583496
4.048301696777344
4.046452522277832
4.047490119934082
4.045104026794434
4.046589374542236
4.048257827758789
4.047471046447754
4.045230388641357
1.9993891716003418
2.0041005611419678
2.003194570541382
2.0001885890960693
1.998837947845459
1.9998559951782227
2.0020241737365723
2.0065724849700928
1.994009256362915
1.9926358461380005
6.3685526847839355
6.377513408660889
6.371050834655762
6.368236541748047
6.358134746551514
6.323520660400391
6.32819128036499
6.34334659576416
6.316579818725586
6.263454437255859
3.189805030822754
3.190436601638794
3.1899051666259766
3.190837860107422
3.190962791442871
3.190248966217041
3.1918139457702637
3.189504861831665
3.187758207321167
3.189646005630493
43.28561019897461
42.63846206665039
42.01806640625
41.51563262939453
40.966285705566406
40.59075164794922
40.164241790771484
39.88016891479492
39.5205078125
39.22643280029297
3.794961452484131
3.7845895290374756
3.788633346557617
3.787214517593384
3.7768290042877197
3.780344009399414
3.769080877304077
3.772988796234131
3.7667288780212402
3.7675042152404785
3.228435516357422
3.2284622192382812
3.222748041152954
3.216646671295166
3.2223289012908936
3.22529935836792
3.2196874618530273
3.2197253704071045
3.2242894172668457
3.2242493629455566
22.725269317626953
22.517526626586914
22.138731002807617
21.898956298828125
21.650129318237305
21.409008026123047
21.19501304626465
20.8658390045166
20.775712966918945
20.553245544433594
3.556307792663574
3.4763388633728027
3.5250930786132812
3.4972167015075684
3.4256365299224854
3.436208963394165
3.4071812629699707
3.3788504600524902
3.3427724838256836
3.348126173019409
3.406905174255371
3.401933431625366
3.4047365188598633
3.4046547412872314
3.4060566425323486
3.4022791385650635
3.4003915786743164
3.4025540351867676
3.406101703643799
3.3989572525024414
7.373838901519775
7.3362345695495605
7.307888031005859
7.2608184814453125
7.247711181640625
7.193581581115723
7.1946611404418945
7.19712495803833
7.158650875091553
7.151350498199463
1.7523175477981567
1.7321453094482422
1.752756118774414
1.7333892583847046
1.7269103527069092
1.717858910560608
1.719569444656372
1.7156473398208618
1.7024515867233276
1.7133983373641968
9.018827438354492
8.883243560791016
8.684120178222656
8.487306594848633
8.289433479309082
8.032195091247559
7.819982051849365
7.589731216430664
7.301272869110107
7.078767776489258
3.0439517498016357
3.0454225540161133
3.038635730743408
3.0400633811950684
3.043031930923462
3.0401504039764404
3.039769172668457
3.043224573135376
3.036687135696411
3.0388882160186768
3.080595016479492
3.075695753097534
3.069526433944702
3.0754165649414062
3.077608108520508
3.063861608505249
3.072183132171631
3.068267822265625
3.0619349479675293
3.059840440750122
27.272470474243164
27.035327911376953
26.75481605529785
26.46955108642578
26.420534133911133
26.08146095275879
25.863037109375
25.501123428344727
25.137531280517578
24.86494255065918
3.335094928741455
3.3344671726226807
3.3317556381225586
3.333129644393921
3.335742950439453
3.3322441577911377
3.3334732055664062
3.333052635192871
3.3330464363098145
3.3364663124084473
3.7620885372161865
3.7622244358062744
3.7620129585266113
3.762798309326172
3.7611334323883057
3.7619361877441406
3.7617762088775635
3.7622275352478027
3.7616703510284424
3.7618002891540527
3.5501675605773926
3.546938896179199
3.540534019470215
3.55373477935791
3.5439350605010986
3.544890880584717
3.5412518978118896
3.5431017875671387
3.53863787651062
3.544151782989502
13.441047668457031
13.353105545043945
13.300362586975098
13.223856925964355
13.136802673339844
12.964852333068848
12.86973762512207
12.8152437210083
12.738837242126465
12.72173023223877
4.080164909362793
4.079552173614502
4.067770004272461
4.089591026306152
4.079004287719727
4.063831806182861
4.051031589508057
4.0716986656188965
4.050511360168457
4.058534145355225
4.049919128417969
4.037609100341797
4.03456974029541
4.034844398498535
4.022034645080566
4.015163421630859
4.007569313049316
4.006577014923096
4.011106014251709
4.000885486602783
0.8244340419769287
0.8356597423553467
0.8340231776237488
0.8411001563072205
0.8167327642440796
0.828277587890625
0.8374685645103455
0.8082590103149414
0.8224028944969177
0.8282864093780518
11.473699569702148
11.399103164672852
11.384160041809082
11.342794418334961
11.324275970458984
11.29784107208252
11.24305534362793
11.214289665222168
11.17741584777832
11.139195442199707
4.180294513702393
4.177797317504883
4.16965389251709
4.175240993499756
4.177220821380615
4.173605442047119
4.172088146209717
4.172822952270508
4.168898105621338
4.170851230621338
3.1850624084472656
3.1851842403411865
3.186847686767578
3.1880276203155518
3.186113119125366
3.184561252593994
3.180253028869629
3.189063310623169
3.186056137084961
3.1850011348724365
11.553556442260742
11.386098861694336
11.243352890014648
11.197965621948242
11.117060661315918
10.973076820373535
10.912126541137695
10.720495223999023
10.616859436035156
10.510281562805176
3.3046188354492188
3.304091691970825
3.3058698177337646
3.3038463592529297
3.302786111831665
3.3021087646484375
3.3034281730651855
3.3041398525238037
3.3013625144958496
3.302321672439575
5.261650085449219
5.250575542449951
5.254289627075195
5.255551338195801
5.248124599456787
5.25
5.249295234680176
5.242990970611572
5.252945899963379
5.248498439788818
2.309537887573242
2.306614398956299
2.325847625732422
2.321998357772827
2.3153467178344727
2.3113930225372314
2.3145532608032227
2.315873146057129
2.313246250152588
2.3061232566833496
3.461394786834717
3.456444501876831
3.453416347503662
3.4489059448242188
3.4460835456848145
3.447089195251465
3.440319538116455
3.4442999362945557
3.44832444190979
3.4438986778259277
18.9041748046875
18.800701141357422
18.611679077148438
18.45268440246582
18.34160614013672
18.10984992980957
17.915939331054688
17.663131713867188
17.5076847076416
17.303213119506836
4.137289047241211
4.11644983291626
4.090582847595215
4.044319152832031
4.010378360748291
3.9898624420166016
3.9505879878997803
3.908249855041504
3.875521659851074
3.8748693466186523
4.061375141143799
4.064334869384766
4.053617477416992
4.055962562561035
4.059681415557861
4.046787261962891
4.053412914276123
4.038424015045166
4.029441833496094
4.016483306884766
5.5392374992370605
5.520752906799316
5.464714050292969
5.466366291046143
5.3817973136901855
5.45341157913208
5.384567737579346
5.318872451782227
5.303616523742676
5.331552028656006
1.7169874906539917
1.708664059638977
1.6923493146896362
1.6969581842422485
1.6867530345916748
1.689542531967163
1.6573803424835205
1.6431529521942139
1.6365675926208496
1.6261866092681885
3.777362585067749
3.776237726211548
3.7767045497894287
3.775404930114746
3.7717034816741943
3.7792606353759766
3.77742338180542
3.768049716949463
3.7749738693237305
3.7717175483703613
8.175593376159668
8.156515121459961
8.17150592803955
8.131690979003906
8.135727882385254
8.089703559875488
8.087291717529297
8.062397003173828
8.059012413024902
8.060919761657715
3.161015033721924
3.1576294898986816
3.16170072555542
3.158073663711548
3.1533937454223633
3.1564290523529053
3.160613775253296
3.1592493057250977
3.159428834915161
3.154533863067627
4.224358558654785
4.2008819580078125
4.178788661956787
4.195366859436035
4.135474681854248
4.164608955383301
4.152920722961426
4.141172409057617
4.113748073577881
4.103929042816162
15.738513946533203
15.608377456665039
15.506813049316406
15.234663009643555
15.057451248168945
14.846177101135254
14.77426815032959
14.497055053710938
14.441105842590332
14.144113540649414
2.5567357540130615
2.5575873851776123
2.556382894515991
2.553894519805908
2.557664394378662
2.558917999267578
2.555172920227051
2.555347204208374
2.55625057220459
2.55712890625
3.3897335529327393
3.3926644325256348
3.3892745971679688
3.3874740600585938
3.385714054107666
3.38773250579834
3.3806164264678955
3.384979486465454
3.3837928771972656
3.385782480239868
10.041715621948242
9.972434043884277
9.967784881591797
9.910982131958008
9.872370719909668
9.843911170959473
9.827425956726074
9.766436576843262
9.705020904541016
9.6481351852417
3.3281915187835693
3.3228025436401367
3.3219151496887207
3.3200860023498535
3.3042898178100586
3.31257700920105
3.3143093585968018
3.3161354064941406
3.2988200187683105
3.291412830352783
5.767621994018555
5.755251884460449
5.755754470825195
5.744644641876221
5.751906871795654
5.725724220275879
5.707848072052002
5.68540620803833
5.699361801147461
5.684650897979736
2.2768397331237793
2.271735668182373
2.2632696628570557
2.268785238265991
2.262565851211548
2.2701029777526855
2.2478411197662354
2.251699686050415
2.241415023803711
2.2443454265594482
7.6231489181518555
7.579159259796143
7.56144905090332
7.556519031524658
7.514942169189453
7.489686012268066
7.476409912109375
7.430708885192871
7.4320526123046875
7.401386737823486
3.624662160873413
3.6241977214813232
3.6289286613464355
3.617793321609497
3.5965328216552734
3.62032151222229
3.604048728942871
3.596832513809204
3.604682683944702
3.5849609375
2.8471951484680176
2.851067066192627
2.8493614196777344
2.8476550579071045
2.847571849822998
2.8466668128967285
2.8453826904296875
2.8439533710479736
2.8465843200683594
2.8450868129730225
8.95663070678711
8.960688591003418
8.941594123840332
8.882560729980469
8.869086265563965
8.868368148803711
8.8554105758667
8.784188270568848
8.794090270996094
8.779278755187988
8.237768173217773
8.19421672821045
8.204792976379395
8.165726661682129
8.129236221313477
8.13860034942627
8.141300201416016
8.120744705200195
8.086690902709961
8.028258323669434
2.1081693172454834
2.1036903858184814
2.105940341949463
2.0982296466827393
2.0834896564483643
2.0610687732696533
2.07747220993042
2.0615041255950928
2.0620129108428955
2.0429153442382812
3.4407265186309814
3.441480875015259
3.442701578140259
3.4398298263549805
3.4391260147094727
3.4421515464782715
3.4423770904541016
3.441565990447998
3.439906597137451
3.439439535140991
3.4655280113220215
3.4643731117248535
3.460402011871338
3.458078622817993
3.4563870429992676
3.4517037868499756
3.452793836593628
3.45501708984375
3.450468063354492
3.4507896900177
18.31326675415039
18.27382469177246
18.211801528930664
18.128276824951172
18.057525634765625
17.989622116088867
17.905458450317383
17.803688049316406
17.64742660522461
17.517515182495117
2.344604253768921
2.3770904541015625
2.3577253818511963
2.3555941581726074
2.3542287349700928
2.3626296520233154
2.349057674407959
2.351595163345337
2.3425004482269287
2.333390712738037
3.5420191287994385
3.5434482097625732
3.5387489795684814
3.5381617546081543
3.533273458480835
3.530573844909668
3.5262022018432617
3.5214505195617676
3.5288655757904053
3.5146114826202393
14.635322570800781
14.52295970916748
14.443070411682129
14.464933395385742
14.304691314697266
14.316120147705078
14.29980754852295
14.187557220458984
14.105202674865723
14.065910339355469
3.7173895835876465
3.7391862869262695
3.721038579940796
3.709959030151367
3.718775510787964
3.7208895683288574
3.708416700363159
3.698699951171875
3.6829819679260254
3.695598602294922
5.788938522338867
5.773627758026123
5.775046348571777
5.762956142425537
5.765349388122559
5.779254913330078
5.7535529136657715
5.745292663574219
5.748429298400879
5.720656394958496
2.8219363689422607
2.8030130863189697
2.7898597717285156
2.7988409996032715
2.7910988330841064
2.7896289825439453
2.792210340499878
2.7794296741485596
2.7920303344726562
2.7819416522979736
3.5350944995880127
3.5389907360076904
3.5329835414886475
3.5372462272644043
3.529642105102539
3.5346429347991943
3.533067226409912
3.529360294342041
3.528872489929199
3.5276341438293457
3.7236242294311523
3.7243266105651855
3.724642753601074
3.724557638168335
3.7235593795776367
3.7237401008605957
3.723942756652832
3.7240548133850098
3.7237093448638916
3.7241106033325195
3.4689910411834717
3.474062919616699
3.4716219902038574
3.472353458404541
3.4721803665161133
3.469144582748413
3.4668400287628174
3.4699013233184814
3.470003366470337
3.4738850593566895
12.373885154724121
12.334893226623535
12.229703903198242
12.123085975646973
12.009422302246094
11.846841812133789
11.706511497497559
11.609175682067871
11.415571212768555
11.29636001586914
3.2418248653411865
3.2442588806152344
3.240053415298462
3.241166591644287
3.2395365238189697
3.233445882797241
3.2370493412017822
3.244276285171509
3.2298970222473145
3.2347123622894287
19.57383155822754
19.459497451782227
19.142507553100586
18.63578987121582
18.40845489501953
18.107406616210938
17.857770919799805
17.622146606445312
17.337064743041992
17.165943145751953
1.363648533821106
1.39141845703125
1.3786367177963257
1.3843830823898315
1.3628900051116943
1.3558381795883179
1.3406884670257568
1.3256943225860596
1.3468068838119507
1.336788535118103
4.954108238220215
4.938093185424805
4.946321964263916
4.927270889282227
4.926651477813721
4.92604923248291
4.929758071899414
4.901416301727295
4.921217441558838
4.898004055023193
4.362601280212402
4.379767417907715
4.3667216300964355
4.356845855712891
4.31894588470459
4.318366527557373
4.3131866455078125
4.30048131942749
4.292688369750977
4.301806449890137
10.53825569152832
10.459430694580078
10.404006958007812
10.355134010314941
10.327741622924805
10.227069854736328
10.178289413452148
10.153950691223145
10.062888145446777
10.012582778930664
2.359029531478882
2.362624168395996
2.355889320373535
2.3610565662384033
2.355522632598877
2.355459451675415
2.3550751209259033
2.359783172607422
2.356099843978882
2.354553461074829
4.562863349914551
4.562743663787842
4.562807083129883
4.562829494476318
4.562852382659912
4.562838077545166
4.562811374664307
4.562809944152832
4.562827110290527
4.562851905822754
3.367851495742798
3.367851495742798
3.367851495742798
3.367851495742798
3.3678457736968994
3.367851495742798
3.367851495742798
3.367851495742798
3.367851495742798
3.3678512573242188
4.427227973937988
4.427343368530273
4.427351951599121
4.427303314208984
4.427226543426514
4.427241325378418
4.427218437194824
4.427274227142334
4.427247047424316
4.4272050857543945
3.2404558658599854
3.2404279708862305
3.240382194519043
3.2404227256774902
3.240466833114624
3.2403459548950195
3.240464210510254
3.240342617034912
3.240407705307007
3.2404630184173584
4.242481231689453
4.24171257019043
4.242314338684082
4.241580009460449
4.241388320922852
4.242026329040527
4.24179744720459
4.241312503814697
4.242099285125732
4.2413787841796875
3.0920679569244385
3.0886149406433105
3.080278158187866
3.0891807079315186
3.0894854068756104
3.082934856414795
3.0881905555725098
3.0819268226623535
3.071288585662842
3.089808940887451
7.960143089294434
7.958404064178467
7.9182915687561035
7.814216136932373
7.7366838455200195
7.648617744445801
7.599289417266846
7.4712815284729
7.4273223876953125
7.403520107269287
2.5664267539978027
2.5616085529327393
2.5596773624420166
2.5393903255462646
2.5583300590515137
2.5482046604156494
2.540170907974243
2.5415332317352295
2.5382578372955322
2.5402450561523438
2.4096715450286865
2.3999037742614746
2.392115592956543
2.3783750534057617
2.4033074378967285
2.38690447807312
2.3930885791778564
2.3878917694091797
2.3777215480804443
2.3939626216888428
8.486587524414062
8.446895599365234
8.446755409240723
8.428318977355957
8.43093204498291
8.409492492675781
8.403822898864746
8.421269416809082
8.37990951538086
8.330672264099121
3.0157599449157715
3.006168842315674
3.006863594055176
3.011922836303711
3.003441095352173
3.006464958190918
2.9990012645721436
2.9990670680999756
2.99639892578125
2.9857072830200195
3.2199862003326416
3.2199835777282715
3.2199389934539795
3.2199418544769287
3.2199487686157227
3.2199149131774902
3.219956636428833
3.2200169563293457
3.2200005054473877
3.2199692726135254
4.21534538269043
4.216894626617432
4.21636438369751
4.216457843780518
4.2160491943359375
4.216922283172607
4.216244697570801
4.215939521789551
4.216611862182617
4.216655254364014
3.0164599418640137
3.014970064163208
3.0181167125701904
3.0120978355407715
3.016279697418213
3.013556718826294
3.013118267059326
3.013291120529175
3.014803647994995
3.016946315765381
4.580646991729736
4.571791648864746
4.577301025390625
4.574500560760498
4.573087215423584
4.5637898445129395
4.571025848388672
4.565944671630859
4.557429313659668
4.552784442901611
2.990790843963623
2.99135684967041
2.9915037155151367
2.9915735721588135
2.991492509841919
2.9906060695648193
2.991532802581787
2.989995002746582
2.991682767868042
2.989189624786377
7.080729007720947
7.015444755554199
6.994178295135498
6.996211051940918
6.9676008224487305
6.931356906890869
6.961145401000977
6.931604385375977
6.890005111694336
6.861827850341797
3.1531217098236084
3.1558609008789062
3.1494734287261963
3.146780014038086
3.151759624481201
3.150949478149414
3.1486239433288574
3.148191452026367
3.151834487915039
3.151679754257202
8.996063232421875
9.022289276123047
8.919886589050293
8.807440757751465
8.808552742004395
8.773537635803223
8.716680526733398
8.655219078063965
8.666646003723145
8.53037166595459
3.261559009552002
3.249424457550049
3.242647647857666
3.2351460456848145
3.2029001712799072
3.1809420585632324
3.193211555480957
3.1828482151031494
3.1694700717926025
3.1611788272857666
3.7514383792877197
3.755824089050293
3.7619950771331787
3.746480941772461
3.760955333709717
3.7419912815093994
3.738105297088623
3.741547107696533
3.7325387001037598
3.741328001022339
1.382681131362915
1.3861438035964966
1.3698705434799194
1.3706574440002441
1.357415795326233
1.3793436288833618
1.3576551675796509
1.3417792320251465
1.3516477346420288
1.3405922651290894
25.374250411987305
25.277639389038086
25.151613235473633
25.051795959472656
24.975496292114258
24.912675857543945
24.825942993164062
24.7338924407959
24.690940856933594
24.573814392089844
3.0757179260253906
3.0757219791412354
3.075732707977295
3.0757858753204346
3.0757226943969727
3.075725555419922
3.0757627487182617
3.075744390487671
3.0758039951324463
3.075810670852661
3.7102129459381104
3.711475372314453
3.707284450531006
3.708423614501953
3.709261178970337
3.7070562839508057
3.704460382461548
3.710103750228882
3.7039456367492676
3.7059261798858643
3.391256332397461
3.3881804943084717
3.3891804218292236
3.3866419792175293
3.3865091800689697
3.388340473175049
3.3885180950164795
3.388113021850586
3.390497922897339
3.3840739727020264
3.784698963165283
3.7628562450408936
3.755573272705078
3.7588186264038086
3.744530200958252
3.737632989883423
3.724109172821045
3.7137153148651123
3.705265998840332
3.694973945617676
5.202258110046387
5.193657875061035
5.173574447631836
5.157050132751465
5.147434711456299
5.139851093292236
5.137811183929443
5.111111640930176
5.114513397216797
5.100339412689209
3.0642173290252686
3.0642149448394775
3.0644941329956055
3.0633606910705566
3.064335346221924
3.064650058746338
3.064763307571411
3.0642921924591064
3.0642545223236084
3.0648951530456543
3.40569806098938
3.4083545207977295
3.404045820236206
3.400521755218506
3.4094600677490234
3.4084832668304443
3.39514422416687
3.394392967224121
3.3960633277893066
3.391563653945923
19.18265151977539
19.017263412475586
18.824195861816406
18.66691780090332
18.48693084716797
18.29656219482422
18.10649299621582
18.000883102416992
17.763004302978516
17.603395462036133
2.4070677757263184
2.415818452835083
2.41009783744812
2.388400077819824
2.3903307914733887
2.3767635822296143
2.3697924613952637
2.3787992000579834
2.362391471862793
2.36629056930542
4.071601390838623
4.061030387878418
4.054965019226074
4.058060169219971
4.052958011627197
4.048669338226318
4.048009872436523
4.040156364440918
4.046953201293945
4.050203800201416
4.150929927825928
4.125980854034424
4.111068248748779
4.0418620109558105
4.018584251403809
4.00319242477417
3.9642302989959717
3.9194228649139404
3.8736400604248047
3.885129690170288
7.451528549194336
7.428285598754883
7.3826212882995605
7.34697151184082
7.306089401245117
7.267488479614258
7.227240085601807
7.1755146980285645
7.169167995452881
7.114616870880127
5.145132541656494
5.146054744720459
5.142111778259277
5.150389671325684
5.134853839874268
5.136567115783691
5.1368327140808105
5.12756872177124
5.123483180999756
5.124736785888672
3.12214994430542
3.123974084854126
3.12380051612854
3.117171287536621
3.1150219440460205
3.119041681289673
3.1178715229034424
3.117487907409668
3.1104865074157715
3.1124329566955566
5.012594223022461
5.015525817871094
5.011571407318115
5.005050182342529
4.988448619842529
4.984643936157227
4.981352806091309
4.968756675720215
4.96318244934082
4.963893890380859
2.1133878231048584
2.116025686264038
2.1163101196289062
2.115115165710449
2.118309736251831
2.1190109252929688
2.1155099868774414
2.1193087100982666
2.1160285472869873
2.117799758911133
3.723836898803711
3.723860740661621
3.7236061096191406
3.7239723205566406
3.7238757610321045
3.723747968673706
3.723996877670288
3.7238619327545166
3.7237548828125
3.7239620685577393
4.027904987335205
4.027974605560303
4.0275397300720215
4.028919219970703
4.031378269195557
4.0258283615112305
4.027035713195801
4.027931213378906
4.029354095458984
4.02908182144165
3.3652045726776123
3.362884998321533
3.3638851642608643
3.363668441772461
3.3561651706695557
3.350888252258301
3.354290723800659
3.3552191257476807
3.349543333053589
3.363185405731201
9.155557632446289
9.093316078186035
9.12771224975586
9.08161449432373
9.089126586914062
9.021830558776855
9.006706237792969
8.946525573730469
8.923422813415527
8.918669700622559
2.139469861984253
2.12471079826355
2.130093812942505
2.130955219268799
2.1183629035949707
2.1223108768463135
2.127678632736206
2.099900722503662
2.1190593242645264
2.1006722450256348
3.6338558197021484
3.623676061630249
3.6157562732696533
3.616779088973999
3.6178507804870605
3.6269960403442383
3.6221442222595215
3.6145071983337402
3.617663860321045
3.603285551071167
25.960195541381836
25.585887908935547
25.240917205810547
24.951416015625
24.746389389038086
24.476877212524414
24.129858016967773
23.841157913208008
23.64523696899414
23.320951461791992
2.857489824295044
2.883267641067505
2.863792657852173
2.859757661819458
2.8700315952301025
2.881591558456421
2.868715763092041
2.852052927017212
2.8699216842651367
2.8707237243652344
3.571307420730591
3.5702342987060547
3.5715012550354004
3.566664457321167
3.567251682281494
3.561767578125
3.5623984336853027
3.5661377906799316
3.559664726257324
3.5628550052642822
10.789498329162598
10.684115409851074
10.662314414978027
10.587571144104004
10.530613899230957
10.429767608642578
10.340222358703613
10.323134422302246
10.200347900390625
10.123089790344238
3.7523128986358643
3.7547521591186523
3.753671884536743
3.753202199935913
3.7559590339660645
3.7530434131622314
3.7513270378112793
3.7551357746124268
3.7513740062713623
3.755432605743408
4.428989410400391
4.432103157043457
4.431480407714844
4.431979656219482
4.435176372528076
4.4280829429626465
4.429375171661377
4.429693698883057
4.431051254272461
4.431384563446045
3.316675901412964
3.3240246772766113
3.321868658065796
3.308194637298584
3.3166017532348633
3.3106462955474854
3.3030643463134766
3.3031294345855713
3.3095993995666504
3.3012759685516357
22.163022994995117
21.66069221496582
21.038101196289062
20.57269287109375
20.026277542114258
19.565479278564453
19.111780166625977
18.60770606994629
18.113828659057617
17.68628692626953
3.269887685775757
3.2675375938415527
3.2669074535369873
3.2607059478759766
3.2669084072113037
3.26922345161438
3.2650210857391357
3.2684402465820312
3.26465106010437
3.2669789791107178
15.285858154296875
15.128315925598145
15.139531135559082
15.009465217590332
14.902661323547363
14.806739807128906
14.750214576721191
14.693868637084961
14.60657024383545
14.616438865661621
1.8578217029571533
1.8587242364883423
1.850914478302002
1.8683980703353882
1.8408863544464111
1.8561222553253174
1.853878140449524
1.8526594638824463
1.829877257347107
1.8381844758987427
3.9649744033813477
3.9611353874206543
3.9589991569519043
3.9566800594329834
3.96421480178833
3.9535739421844482
3.9606857299804688
3.9534640312194824
3.9539425373077393
3.9458096027374268
29.699304580688477
29.355621337890625
29.25383186340332
28.9321346282959
28.761369705200195
28.548904418945312
28.39765739440918
28.250873565673828
28.093318939208984
27.94082260131836
2.4200501441955566
2.4273390769958496
2.4274895191192627
2.4068069458007812
2.417783498764038
2.415958881378174
2.410822868347168
2.3951268196105957
2.4245662689208984
2.4112977981567383
3.2110471725463867
3.2086968421936035
3.21182918548584
3.2079524993896484
3.209141731262207
3.208268404006958
3.208486318588257
3.2094690799713135
3.21114444732666
3.2093913555145264
5.628934383392334
5.608781337738037
5.6156792640686035
5.640707969665527
5.5833659172058105
5.581714630126953
5.578228950500488
5.58786153793335
5.5430169105529785
5.503485679626465
2.7760396003723145
2.775397300720215
2.7837910652160645
2.7840538024902344
2.7704977989196777
2.7803142070770264
2.774240493774414
2.778999090194702
2.776338577270508
2.776202917098999
27.202484130859375
24.66245460510254
22.781587600708008
20.76253890991211
18.403060913085938
16.649837493896484
14.473454475402832
12.424539566040039
11.117094993591309
9.85777759552002
3.2188501358032227
3.217432975769043
3.2153680324554443
3.2165801525115967
3.214134931564331
3.2159454822540283
3.213092803955078
3.21409010887146
3.212841033935547
3.2193119525909424
3.7606680393218994
3.7611000537872314
3.7609786987304688
3.7600958347320557
3.760873317718506
3.7611172199249268
3.7612879276275635
3.761990547180176
3.762218952178955
3.7605130672454834
3.446972131729126
3.4525158405303955
3.4449875354766846
3.4475386142730713
3.4415690898895264
3.44122314453125
3.448702335357666
3.448551654815674
3.4439120292663574
3.440155267715454
12.061708450317383
12.069278717041016
11.986486434936523
11.982483863830566
11.950416564941406
11.86231803894043
11.839980125427246
11.735786437988281
11.763626098632812
11.723515510559082
3.0286753177642822
3.020401954650879
3.0228655338287354
3.024818181991577
3.0116541385650635
3.0050649642944336
3.012515068054199
3.0156712532043457
2.993941307067871
2.983701467514038
3.7006278038024902
3.6643030643463135
3.6871466636657715
3.6482410430908203
3.6671786308288574
3.654550075531006
3.6350595951080322
3.650635004043579
3.6234681606292725
3.656104564666748
6.331765174865723
6.05664587020874
5.809049129486084
5.638527870178223
5.3880743980407715
5.215718746185303
5.053794860839844
4.890264511108398
4.719120979309082
4.592851638793945
2.578770637512207
2.603067636489868
2.5838866233825684
2.583916187286377
2.5748186111450195
2.5766420364379883
2.5720767974853516
2.560472011566162
2.5520236492156982
2.5730650424957275
6.355527877807617
6.353744029998779
6.349611759185791
6.356141090393066
6.348507404327393
6.347740173339844
6.34026575088501
6.333484649658203
6.328251838684082
6.332150936126709
3.4178690910339355
3.4171998500823975
3.415940523147583
3.4162354469299316
3.4169864654541016
3.4180681705474854
3.4168779850006104
3.4160244464874268
3.415569305419922
3.41701078414917
4.181784629821777
4.181220054626465
4.181579113006592
4.181446552276611
4.178879261016846
4.183210372924805
4.184347629547119
4.182338237762451
4.179905891418457
4.180824279785156
3.3997087478637695
3.3997068405151367
3.39963698387146
3.3997693061828613
3.399714231491089
3.3996922969818115
3.3997793197631836
3.399744749069214
3.3997185230255127
3.3997204303741455
4.246074676513672
4.24618673324585
4.246253490447998
4.246314525604248
4.2460198402404785
4.246195316314697
4.246185302734375
4.246057033538818
4.246166706085205
4.246335029602051
3.2933123111724854
3.2915029525756836
3.290325164794922
3.2921414375305176
3.291710615158081
3.290008068084717
3.2914304733276367
3.2903337478637695
3.2918283939361572
3.292304515838623
3.2933363914489746
3.2943313121795654
3.2960071563720703
3.294483184814453
3.294187545776367
3.291266918182373
3.291264772415161
3.293978214263916
3.289297342300415
3.2930047512054443
13.690032958984375
13.391951560974121
13.342632293701172
13.247467994689941
13.006267547607422
12.92413330078125
12.808564186096191
12.596123695373535
12.583577156066895
12.491661071777344
2.868103504180908
2.8811686038970947
2.8699305057525635
2.8462893962860107
2.823282241821289
2.806124448776245
2.8079583644866943
2.807284355163574
2.7810938358306885
2.750671863555908
4.085575580596924
4.084964752197266
4.085999488830566
4.095057010650635
4.0927934646606445
4.09547233581543
4.080578804016113
4.0879645347595215
4.0882182121276855
4.084578990936279
3.165304660797119
3.1726856231689453
3.175572633743286
3.1752774715423584
3.156578302383423
3.1760504245758057
3.161888360977173
3.164707899093628
3.1643266677856445
3.1448974609375
5.775679111480713
5.794807434082031
5.796298027038574
5.770325660705566
5.756572723388672
5.7368483543396
5.75197696685791
5.724607944488525
5.7435712814331055
5.733230113983154
7.2339606285095215
7.214236736297607
7.212701797485352
7.196748733520508
7.196741104125977
7.2083821296691895
7.160935401916504
7.170822620391846
7.163646697998047
7.1546311378479
3.173330068588257
3.1747395992279053
3.1717424392700195
3.171847343444824
3.170508861541748
3.172424793243408
3.169262409210205
3.1702089309692383
3.1700353622436523
3.1718392372131348
4.293242454528809
4.298763275146484
4.293691158294678
4.299644947052002
4.293501853942871
4.292065143585205
4.297452449798584
4.288424015045166
4.293778419494629
4.289414882659912
3.4932186603546143
3.493161201477051
3.4897842407226562
3.49519681930542
3.4917120933532715
3.4821791648864746
3.4873361587524414
3.4852302074432373
3.4864518642425537
3.488009214401245
10.057168006896973
10.00395393371582
10.032690048217773
10.018632888793945
9.995811462402344
10.001269340515137
9.96340274810791
9.946557998657227
9.916912078857422
9.855828285217285
3.3731436729431152
3.3753647804260254
3.3720123767852783
3.3747005462646484
3.376002311706543
3.3748080730438232
3.370779037475586
3.3723227977752686
3.370995044708252
3.374032974243164
3.423067092895508
3.4299046993255615
3.421550750732422
3.416611433029175
3.4180142879486084
3.4178619384765625
3.4151804447174072
3.423835039138794
3.416907548904419
3.417872428894043
22.700542449951172
22.39257049560547
22.081207275390625
21.92814064025879
21.580347061157227
21.39274787902832
21.300268173217773
21.108516693115234
21.045345306396484
20.9370174407959
7.28131628036499
7.295797824859619
7.218630790710449
7.1265482902526855
7.252591133117676
7.151784896850586
7.135760307312012
7.087897777557373
6.98317289352417
7.02958869934082
3.931614875793457
3.9404420852661133
3.94075345993042
3.920590877532959
3.92172908782959
3.928356170654297
3.9191744327545166
3.9171133041381836
3.920633554458618
3.912137508392334
6.820013999938965
6.829026699066162
6.823185920715332
6.799387454986572
6.783511638641357
6.762542247772217
6.803316116333008
6.806922435760498
6.7701568603515625
6.767333507537842
2.9211549758911133
2.932403326034546
2.9286069869995117
2.9110617637634277
2.924114227294922
2.893951892852783
2.8977909088134766
2.9081332683563232
2.900949239730835
2.8875837326049805
4.142857074737549
4.1477251052856445
4.146062850952148
4.14801025390625
4.147389888763428
4.145522117614746
4.144927501678467
4.143110752105713
4.1411614418029785
4.1447062492370605
3.2575981616973877
3.255756139755249
3.2554335594177246
3.255125045776367
3.2561705112457275
3.2554659843444824
3.251389980316162
3.254931688308716
3.254159450531006
3.2557663917541504
11.99220085144043
12.140107154846191
11.959856033325195
12.033101081848145
11.928041458129883
11.827120780944824
11.884882926940918
11.72142219543457
11.711189270019531
11.722830772399902
3.2945547103881836
3.2965805530548096
3.2939529418945312
3.2959635257720947
3.296243190765381
3.296232223510742
3.2967264652252197
3.296360731124878
3.2948834896087646
3.296605110168457
3.7973666191101074
3.79689884185791
3.7956087589263916
3.797452211380005
3.796323776245117
3.7960779666900635
3.7963650226593018
3.7960548400878906
3.7953922748565674
3.796175718307495
3.7692148685455322
3.7699639797210693
3.7700366973876953
3.7706737518310547
3.7687008380889893
3.7689573764801025
3.769730567932129
3.7705085277557373
3.7704086303710938
3.7668628692626953
3.558554172515869
3.5530171394348145
3.560220718383789
3.5437777042388916
3.5509939193725586
3.55544114112854
3.5443918704986572
3.548086643218994
3.541503667831421
3.538363218307495
15.570540428161621
15.531938552856445
15.436596870422363
15.399724960327148
15.336847305297852
15.321000099182129
15.308605194091797
15.223633766174316
15.182360649108887
15.17147445678711
2.253633975982666
2.2475194931030273
2.2450544834136963
2.247734546661377
2.243685722351074
2.2533862590789795
2.2418739795684814
2.2371957302093506
2.2431976795196533
2.2261452674865723
2.422131061553955
2.4211647510528564
2.424821615219116
2.424086809158325
2.397601842880249
2.4133105278015137
2.402090311050415
2.4096832275390625
2.3952109813690186
2.4070723056793213
17.018945693969727
16.98524284362793
16.955440521240234
16.860645294189453
16.6959228515625
16.72272300720215
16.71737289428711
16.5714054107666
16.579090118408203
16.493837356567383
3.6954195499420166
3.7068166732788086
3.7069590091705322
3.6959493160247803
3.6958181858062744
3.6990866661071777
3.693948745727539
3.692835807800293
3.693788766860962
3.6867148876190186
3.6077847480773926
3.6042380332946777
3.6064932346343994
3.60752010345459
3.6075000762939453
3.6060612201690674
3.6054461002349854
3.6045377254486084
3.606837272644043
3.60552716255188
4.933164119720459
4.935254096984863
4.93415641784668
4.941250801086426
4.9469475746154785
4.931389808654785
4.948863983154297
4.939976215362549
4.934341907501221
4.925362586975098
2.427098274230957
2.429562568664551
2.42751407623291
2.416154384613037
2.4286270141601562
2.4189491271972656
2.419660806655884
2.4243087768554688
2.4181952476501465
2.410322904586792
3.3546626567840576
3.35432505607605
3.3547704219818115
3.353886842727661
3.353635787963867
3.3552026748657227
3.3544437885284424
3.354788064956665
3.354982376098633
3.3540842533111572
4.255189895629883
4.2563157081604
4.258965015411377
4.260797023773193
4.258873462677002
4.25742244720459
4.2593512535095215
4.260129451751709
4.254283905029297
4.255470275878906
3.4022202491760254
3.4010987281799316
3.402164936065674
3.4030792713165283
3.402094602584839
3.4013288021087646
3.4011685848236084
3.4030680656433105
3.4012866020202637
3.400665283203125
3.783302068710327
3.7935047149658203
3.787106990814209
3.7911689281463623
3.784435510635376
3.7860779762268066
3.781599521636963
3.7846522331237793
3.7837305068969727
3.7819318771362305
10.830004692077637
10.83996868133545
10.835448265075684
10.721670150756836
10.700411796569824
10.636075019836426
10.612312316894531
10.512739181518555
10.519508361816406
10.369582176208496
3.96634840965271
3.947934627532959
3.9698574542999268
3.95255970954895
3.9425113201141357
3.9346776008605957
3.944082498550415
3.9307940006256104
3.9237732887268066
3.9093878269195557
3.174410104751587
3.1736621856689453
3.147627830505371
3.1308329105377197
3.14847469329834
3.1207008361816406
3.111953020095825
3.113173007965088
3.0891997814178467
3.112210750579834
8.552093505859375
8.526955604553223
8.522106170654297
8.542940139770508
8.511283874511719
8.506509780883789
8.548320770263672
8.535658836364746
8.551498413085938
8.512994766235352
3.321056604385376
3.3028342723846436
3.292663812637329
3.2941689491271973
3.277268171310425
3.275010347366333
3.278418779373169
3.279359817504883
3.2699296474456787
3.2534611225128174
9.369322776794434
9.328512191772461
9.24801254272461
9.210101127624512
9.129559516906738
9.058178901672363
9.020660400390625
8.964253425598145
8.890235900878906
8.818848609924316
3.042698860168457
3.044881820678711
3.0426673889160156
3.0418150424957275
3.040332317352295
3.0415403842926025
3.0427613258361816
3.044313669204712
3.042951822280884
3.040992498397827
4.022761344909668
4.023326396942139
4.021427154541016
4.019920349121094
4.021450996398926
4.022134780883789
4.02091121673584
4.0207953453063965
4.0223588943481445
4.023036956787109
3.5009212493896484
3.501007556915283
3.501051664352417
3.500943183898926
3.501059055328369
3.5010945796966553
3.5010480880737305
3.500903844833374
3.5010313987731934
3.5009849071502686
3.9943132400512695
3.994492769241333
3.9943902492523193
3.9944205284118652
3.9944324493408203
3.9941012859344482
3.9942965507507324
3.994684934616089
3.9941861629486084
3.9942591190338135
3.4296810626983643
3.4299263954162598
3.42981219291687
3.4301767349243164
3.430110216140747
3.4294424057006836
3.4294869899749756
3.430730104446411
3.42932391166687
3.4300777912139893
3.545314073562622
3.5453672409057617
3.5342228412628174
3.545684576034546
3.538158655166626
3.540018081665039
3.539437770843506
3.542947769165039
3.536949634552002
3.5379059314727783
21.76957130432129
21.80255126953125
21.70868492126465
21.64729881286621
21.698226928710938
21.626358032226562
21.442779541015625
21.532337188720703
21.483421325683594
21.390380859375
4.361694812774658
4.322061538696289
4.320459842681885
4.282108306884766
4.298418998718262
4.269357204437256
4.245368480682373
4.237668037414551
4.215625286102295
4.208751678466797
3.3840112686157227
3.388983964920044
3.38754940032959
3.3947505950927734
3.374384641647339
3.384544610977173
3.3786487579345703
3.380979537963867
3.3750600814819336
3.377775192260742
8.373403549194336
8.375669479370117
8.339595794677734
8.355807304382324
8.336238861083984
8.319072723388672
8.324152946472168
8.320684432983398
8.299663543701172
8.289297103881836
2.0657081604003906
2.0669326782226562
2.0664572715759277
2.0395278930664062
2.0290145874023438
2.0295310020446777
2.0060219764709473
2.0118443965911865
1.9685107469558716
1.9636378288269043
4.194705486297607
4.194354057312012
4.194075584411621
4.194675445556641
4.1947197914123535
4.193901538848877
4.194423675537109
4.194815635681152
4.194513320922852
4.193941116333008
3.4053428173065186
3.4032042026519775
3.4028232097625732
3.4041099548339844
3.403468132019043
3.403864860534668
3.404794454574585
3.405801296234131
3.402944803237915
3.4046287536621094
4.646877288818359
4.6515212059021
4.64965295791626
4.646136283874512
4.640230178833008
4.6457839012146
4.647266864776611
4.648009777069092
4.634237766265869
4.6356730461120605
2.4464004039764404
2.4445624351501465
2.460686206817627
2.444709300994873
2.4451005458831787
2.4459457397460938
2.442518711090088
2.4461734294891357
2.448838472366333
2.449498176574707
4.206977844238281
4.206175327301025
4.2035722732543945
4.209862232208252
4.201240539550781
4.200011253356934
4.206297874450684
4.202437877655029
4.1982831954956055
4.202438831329346
4.007321357727051
3.9991626739501953
4.014998435974121
4.01336145401001
4.018019676208496
4.000113010406494
4.008363723754883
4.009021759033203
4.012170314788818
4.011907577514648
3.8834779262542725
3.8852431774139404
3.8841171264648438
3.8772685527801514
3.8795814514160156
3.8776023387908936
3.882870674133301
3.87434983253479
3.865358829498291
3.877091884613037
18.754404067993164
18.756683349609375
18.668548583984375
18.53509521484375
18.524694442749023
18.40567398071289
18.33498764038086
18.266921997070312
18.243505477905273
18.145185470581055
2.923902750015259
2.9357924461364746
2.9311461448669434
2.9336771965026855
2.9137556552886963
2.9322140216827393
2.921186923980713
2.9133028984069824
2.8995602130889893
2.915229320526123
6.793574333190918
6.783325672149658
6.745030879974365
6.717844486236572
6.698278427124023
6.618903636932373
6.613288879394531
6.569295406341553
6.534561634063721
6.439122676849365
2.0835845470428467
2.06416392326355
2.0319976806640625
2.031198501586914
2.0155301094055176
2.0035595893859863
1.9953348636627197
2.017486810684204
1.990943193435669
1.9502202272415161
5.144335746765137
5.149190902709961
5.131798267364502
5.137159824371338
5.1435866355896
5.127365589141846
5.111621856689453
5.111771106719971
5.113194465637207
5.122823238372803
25.62786293029785
25.202529907226562
24.760826110839844
23.979537963867188
23.37637710571289
22.7015380859375
21.972122192382812
21.381027221679688
20.770490646362305
20.075138092041016
3.0509042739868164
3.0507540702819824
3.0510284900665283
3.050753593444824
3.050893545150757
3.0513622760772705
3.0506203174591064
3.050581216812134
3.0511112213134766
3.0502724647521973
3.6820621490478516
3.6811416149139404
3.6802330017089844
3.680331230163574
3.6820480823516846
3.6827046871185303
3.6794655323028564
3.6807241439819336
3.680814504623413
3.6816461086273193
2.993645429611206
2.9922475814819336
2.988804817199707
2.995403289794922
2.9947314262390137
2.993797779083252
2.9890785217285156
2.9886693954467773
2.9908721446990967
2.985846996307373
4.143256187438965
4.139484882354736
4.134706497192383
4.136795520782471
4.137768745422363
4.141076564788818
4.14285135269165
4.128508567810059
4.13079309463501
4.127737522125244
2.4147181510925293
2.4200563430786133
2.4102444648742676
2.40978741645813
2.4140853881835938
2.4097235202789307
2.4094576835632324
2.411679744720459
2.407881736755371
2.4015920162200928
3.4573864936828613
3.4506592750549316
3.447385549545288
3.454254150390625
3.451099157333374
3.4470129013061523
3.45257568359375
3.447026491165161
3.449066400527954
3.4471702575683594
20.240713119506836
20.11186408996582
19.96804428100586
19.92972755432129
19.867856979370117
19.700634002685547
19.601654052734375
19.551410675048828
19.502323150634766
19.289260864257812
5.3205037117004395
5.298928260803223
5.29378604888916
5.271872043609619
5.261937141418457
5.253889083862305
5.237011909484863
5.23318338394165
5.236992835998535
5.215952396392822
3.7065134048461914
3.700016975402832
3.7065420150756836
3.6959171295166016
3.701730251312256
3.6951308250427246
3.6945204734802246
3.685361385345459
3.6899802684783936
3.6755502223968506
4.528236389160156
4.536503314971924
4.518016338348389
4.5220112800598145
4.506237983703613
4.519455909729004
4.50830602645874
4.5047407150268555
4.50752592086792
4.497230529785156
2.381303310394287
2.3721797466278076
2.368964195251465
2.3551127910614014
2.357908010482788
2.3416876792907715
2.3469443321228027
2.3494300842285156
2.3386104106903076
2.338992118835449
14.199331283569336
14.174309730529785
14.139394760131836
14.019471168518066
14.010787963867188
14.057019233703613
13.994270324707031
13.903524398803711
13.92551040649414
13.874907493591309
3.722517728805542
3.720938205718994
3.721931219100952
3.7201106548309326
3.718519449234009
3.720348834991455
3.7192986011505127
3.720585584640503
3.7186241149902344
3.718583345413208
21.243684768676758
21.115131378173828
21.04638671875
20.91931915283203
20.871784210205078
20.768356323242188
20.6899356842041
20.578514099121094
20.493789672851562
20.37386703491211
3.570483446121216
3.570514678955078
3.5694515705108643
3.569550037384033
3.5702319145202637
3.5704259872436523
3.5695230960845947
3.570657968521118
3.5712172985076904
3.5697834491729736
4.614508628845215
4.614892482757568
4.6144537925720215
4.615723133087158
4.615084171295166
4.615265846252441
4.612812519073486
4.614498615264893
4.61405611038208
4.612268924713135
3.493237018585205
3.4928994178771973
3.4952049255371094
3.495293617248535
3.4948198795318604
3.489572763442993
3.493065357208252
3.4964025020599365
3.495203971862793
3.4918830394744873
3.3204939365386963
3.315868616104126
3.314476490020752
3.3126258850097656
3.3199546337127686
3.3117871284484863
3.314495086669922
3.3104426860809326
3.312866449356079
3.317854881286621
21.601961135864258
21.504940032958984
21.301420211791992
21.17508316040039
20.932538986206055
20.821617126464844
20.632572174072266
20.54827117919922
20.40737533569336
20.251800537109375
6.2236199378967285
6.224399566650391
6.224978923797607
6.199892520904541
6.179718494415283
6.1592888832092285
6.162351131439209
6.117062568664551
6.134058952331543
6.146506309509277
3.4890248775482178
3.4911112785339355
3.484611749649048
3.485992670059204
3.4831466674804688
3.4856951236724854
3.4824087619781494
3.4810569286346436
3.48345947265625
3.4768497943878174
5.215670585632324
5.222569942474365
5.2039971351623535
5.216385841369629
5.209765911102295
5.194718360900879
5.198473930358887
5.204919815063477
5.205547332763672
5.182252407073975
3.063694715499878
3.0583906173706055
3.0427329540252686
3.041429042816162
3.0421535968780518
3.0348153114318848
3.014219045639038
3.028904914855957
3.028412342071533
3.029139995574951
18.64866065979004
18.53719139099121
18.248014450073242
18.076995849609375
17.822107315063477
17.486591339111328
17.18137550354004
16.800716400146484
16.511564254760742
16.10782241821289
3.322218656539917
3.3221263885498047
3.3221383094787598
3.322115659713745
3.322213649749756
3.3219995498657227
3.3221004009246826
3.32230544090271
3.3219034671783447
3.3221845626831055
4.160731315612793
4.160743236541748
4.160223007202148
4.161349773406982
4.161775588989258
4.161388397216797
4.158975601196289
4.1615681648254395
4.1620330810546875
4.1608052253723145
3.388159990310669
3.3860628604888916
3.3873841762542725
3.386009693145752
3.385202407836914
3.385401487350464
3.3866591453552246
3.3854312896728516
3.3855860233306885
3.3857412338256836
12.220292091369629
12.177224159240723
12.15403938293457
12.124565124511719
12.10982894897461
12.127392768859863
12.088458061218262
12.069561958312988
12.014206886291504
12.050286293029785
3.3573474884033203
3.3584494590759277
3.3592193126678467
3.357001304626465
3.356393575668335
3.3570666313171387
3.3586463928222656
3.3576109409332275
3.3562166690826416
3.3563292026519775
3.5354228019714355
3.5337743759155273
3.5354506969451904
3.530419111251831
3.530104637145996
3.528797149658203
3.5259315967559814
3.527250051498413
3.5247607231140137
3.529785633087158
18.533641815185547
18.25615882873535
18.126211166381836
17.917850494384766
17.688119888305664
17.585838317871094
17.37112808227539
17.224836349487305
16.97475814819336
16.864086151123047
2.977443218231201
2.9690585136413574
2.9832603931427
2.9524524211883545
2.9328527450561523
2.9568963050842285
2.9456284046173096
2.9301137924194336
2.9245426654815674
2.933563709259033
4.0837531089782715
4.091893196105957
4.078879356384277
4.085948944091797
4.084255218505859
4.085827350616455
4.074911117553711
4.0772385597229
4.07575798034668
4.077197074890137
6.668398857116699
6.582269668579102
6.537899017333984
6.472487926483154
6.4317755699157715
6.370485782623291
6.340682506561279
6.228066921234131
6.22391414642334
6.14811897277832
1.7603026628494263
1.7664402723312378
1.7456341981887817
1.7304432392120361
1.74711275100708
1.737486481666565
1.7297916412353516
1.7373840808868408
1.723507046699524
1.7169419527053833
6.5155863761901855
6.472394943237305
6.501800060272217
6.468991756439209
6.436155319213867
6.391844749450684
6.423645496368408
6.404301166534424
6.384567737579346
6.376132965087891
3.367676258087158
3.3669981956481934
3.367011308670044
3.3672149181365967
3.3668806552886963
3.366994619369507
3.367927312850952
3.367692470550537
3.367758274078369
3.367396593093872
4.252020835876465
4.251377105712891
4.252908706665039
4.253252983093262
4.249688625335693
4.252493858337402
4.251835823059082
4.251262187957764
4.250481128692627
4.249985694885254
3.42950701713562
3.4303128719329834
3.430938243865967
3.4300053119659424
3.4294753074645996
3.429954767227173
3.43078351020813
3.4299867153167725
3.429442882537842
3.4313251972198486
4.094584941864014
4.0963616371154785
4.100763320922852
4.097907066345215
4.096228122711182
4.1035237312316895
4.091927528381348
4.095973968505859
4.08711051940918
4.092158794403076
4.397523880004883
4.3948140144348145
4.386161804199219
4.38713264465332
4.384743690490723
4.385181903839111
4.382349491119385
4.3733906745910645
4.374415397644043
4.369926452636719
3.387554883956909
3.3899288177490234
3.3915817737579346
3.3866801261901855
3.3856029510498047
3.3854970932006836
3.3821611404418945
3.387004852294922
3.3836450576782227
3.386791706085205
12.3822021484375
12.289372444152832
12.174991607666016
12.141999244689941
11.966202735900879
11.929878234863281
11.869847297668457
11.795491218566895
11.714275360107422
11.696587562561035
2.4426462650299072
2.4475162029266357
2.443126678466797
2.4384872913360596
2.4505817890167236
2.427617311477661
2.4373254776000977
2.437180757522583
2.426539659500122
2.4235899448394775
3.266063690185547
3.2324390411376953
3.2463481426239014
3.2422564029693604
3.2208733558654785
3.2183687686920166
3.2149951457977295
3.2246859073638916
3.2031948566436768
3.2131130695343018
22.787473678588867
22.66716194152832
22.58238983154297
22.458383560180664
22.38097381591797
22.391986846923828
22.257177352905273
22.25185775756836
22.132766723632812
22.061033248901367
3.8429744243621826
3.8527345657348633
3.844169855117798
3.839012622833252
3.850318193435669
3.852130651473999
3.8404932022094727
3.8410708904266357
3.839027166366577
3.8273613452911377
