4.237472057342529
4.219699382781982
4.237641334533691
4.207138538360596
4.180343151092529
4.178501605987549
4.167738437652588
4.1900129318237305
4.240746974945068
4.223247528076172
77.13774871826172
75.47786712646484
74.48391723632812
73.45281982421875
72.8421859741211
72.30780029296875
71.16783142089844
70.36465454101562
69.48554992675781
68.78907012939453
3.6789004802703857
3.679372549057007
3.6838691234588623
3.6860458850860596
3.6821110248565674
3.6817657947540283
3.6722958087921143
3.67464542388916
3.680508613586426
3.677203416824341
12.940733909606934
12.738662719726562
12.799482345581055
12.745107650756836
12.593244552612305
12.588068008422852
12.610037803649902
12.479125022888184
12.473416328430176
12.44067096710205
3.5767736434936523
3.578153610229492
3.5753962993621826
3.577366828918457
3.574406147003174
3.571481704711914
3.5740582942962646
3.569612979888916
3.5737526416778564
3.572913646697998
4.0375237464904785
4.038582801818848
4.0383620262146
4.037991523742676
4.036652088165283
4.038261413574219
4.0372633934021
4.0385260581970215
4.035872936248779
4.038801193237305
2.9946610927581787
3.001823902130127
2.993591785430908
2.990659236907959
2.991118907928467
2.977734327316284
2.972527503967285
2.977022647857666
2.9957704544067383
2.97216796875
24.132966995239258
23.89278221130371
23.555322647094727
23.310693740844727
23.06739044189453
22.627782821655273
22.49378776550293
22.29473114013672
22.096342086791992
21.946517944335938
3.880415201187134
3.879829168319702
3.8783836364746094
3.878329277038574
3.877974271774292
3.877987861633301
3.8774986267089844
3.8794708251953125
3.8783726692199707
3.876253128051758
8.457475662231445
8.474925994873047
8.4133939743042
8.444127082824707
8.41187572479248
8.384052276611328
8.398788452148438
8.39330768585205
8.425272941589355
8.365058898925781
3.7570416927337646
3.7577240467071533
3.7645339965820312
3.758685827255249
3.7602458000183105
3.7606201171875
3.756788969039917
3.759350538253784
3.757476329803467
3.7555840015411377
7.5920844078063965
7.5231170654296875
7.502915382385254
7.43527889251709
7.4364447593688965
7.399581432342529
7.375869274139404
7.333040237426758
7.288710594177246
7.241011142730713
