4.237472057342529
4.219699382781982
4.237641334533691
4.207138538360596
4.180343151092529
4.178501605987549
4.167738437652588
4.1900129318237305
4.240746974945068
4.223247528076172
77.13774871826172
75.47786712646484
74.48391723632812
73.45281982421875
72.8421859741211
72.30780029296875
71.16783142089844
70.36465454101562
69.48554992675781
68.78907012939453
3.6789004802703857
3.679372549057007
3.6838691234588623
3.6860458850860596
3.6821110248565674
3.6817657947540283
3.6722958087921143
3.67464542388916
3.680508613586426
3.677203416824341
12.940733909606934
12.738662719726562
12.799482345581055
12.745107650756836
12.593244552612305
12.588068008422852
12.610037803649902
12.479125022888184
12.473416328430176
12.44067096710205
3.5767736434936523
3.578153610229492
3.5753962993621826
3.577366828918457
3.574406147003174
3.571481704711914
3.5740582942962646
3.569612979888916
3.5737526416778564
3.572913646697998
4.0375237464904785
4.038582801818848
4.0383620262146
4.037991523742676
4.036652088165283
4.038261413574219
4.0372633934021
4.0385260581970215
4.035872936248779
4.038801193237305
2.9946610927581787
3.001823902130127
2.993591785430908
2.990659236907959
2.991118907928467
2.977734327316284
2.972527503967285
2.977022647857666
2.9957704544067383
2.97216796875
24.132966995239258
23.89278221130371
23.555322647094727
23.310693740844727
23.06739044189453
22.627782821655273
22.49378776550293
22.29473114013672
22.096342086791992
21.946517944335938
3.880415201187134
3.879829168319702
3.8783836364746094
3.878329277038574
3.877974271774292
3.877987861633301
3.8774986267089844
3.8794708251953125
3.8783726692199707
3.876253128051758
8.457475662231445
8.474925994873047
8.4133939743042
8.444127082824707
8.41187572479248
8.384052276611328
8.398788452148438
8.39330768585205
8.425272941589355
8.365058898925781
3.7570416927337646
3.7577240467071533
3.7645339965820312
3.758685827255249
3.7602458000183105
3.7606201171875
3.756788969039917
3.759350538253784
3.757476329803467
3.7555840015411377
7.5920844078063965
7.5231170654296875
7.502915382385254
7.43527889251709
7.4364447593688965
7.399581432342529
7.375869274139404
7.333040237426758
7.288710594177246
7.241011142730713
87.68011474609375
84.94287109375
81.03822326660156
72.92428588867188
61.41785430908203
51.19956588745117
44.67778396606445
40.611392974853516
36.76532745361328
32.403892517089844
2.5269615650177
2.5269041061401367
2.528510570526123
2.5256383419036865
2.5239570140838623
2.519658327102661
2.516268730163574
2.51043438911438
2.5133132934570312
2.5050323009490967
29.07124900817871
28.865671157836914
28.680166244506836
28.64531898498535
28.326387405395508
28.062589645385742
27.54500961303711
26.738496780395508
25.312904357910156
23.627622604370117
18.884563446044922
17.389436721801758
15.174543380737305
12.956459999084473
11.180770874023438
9.521158218383789
8.167174339294434
7.156144618988037
6.409844875335693
5.885015964508057
26.104358673095703
25.54717254638672
25.1296443939209
24.556005477905273
24.06599998474121
23.515745162963867
22.77794647216797
21.85055160522461
20.990781784057617
20.051292419433594
19.543670654296875
19.095672607421875
18.634170532226562
18.013595581054688
17.547779083251953
17.00962257385254
16.446203231811523
15.943239212036133
15.482316970825195
14.91437816619873
3.6449618339538574
3.637140989303589
3.640468120574951
3.647418737411499
3.644963264465332
3.6440236568450928
3.6342976093292236
3.6393234729766846
3.6300582885742188
3.6424880027770996
27.557674407958984
27.063608169555664
26.601293563842773
26.168025970458984
25.69933319091797
25.0450496673584
24.765609741210938
24.27234649658203
24.018449783325195
23.61336898803711
2.77801775932312
2.771366596221924
2.763831615447998
2.74750018119812
2.7472968101501465
2.718946933746338
2.6857645511627197
2.703993797302246
2.692692279815674
2.6616392135620117
4.122056007385254
4.119049549102783
4.120866298675537
4.112380027770996
4.117870807647705
4.1134867668151855
4.116820335388184
4.115442276000977
4.110554218292236
4.115921974182129
13.828255653381348
13.84385871887207
13.776327133178711
13.711456298828125
13.68355941772461
13.602030754089355
13.550064086914062
13.472810745239258
13.412065505981445
13.30734634399414
2.662893056869507
2.6484663486480713
2.6313345432281494
2.6337175369262695
2.6383519172668457
2.632565975189209
2.6352858543395996
2.62276291847229
2.6092047691345215
2.6133270263671875
