4.040424346923828
4.02860164642334
4.031309604644775
4.040048122406006
4.042717933654785
4.042818069458008
4.038730144500732
4.040130615234375
4.047468185424805
4.0345001220703125
4.052521228790283
4.0425705909729
4.049734115600586
4.0521464347839355
4.033361911773682
4.045943260192871
4.054953575134277
4.041141033172607
4.038449764251709
4.040515422821045
4.038003921508789
4.023148536682129
4.027843475341797
4.036590099334717
4.030072212219238
4.037830352783203
4.041833400726318
4.023988246917725
4.0294318199157715
4.036437034606934
3.9887490272521973
3.985994338989258
3.993408441543579
3.9795870780944824
3.9920706748962402
3.984525442123413
3.983381509780884
3.9799273014068604
3.9859776496887207
3.9959473609924316
4.003355979919434
4.001728057861328
3.996856689453125
3.9949517250061035
3.9865734577178955
3.995037317276001
3.9889063835144043
3.9869251251220703
4.0041069984436035
3.9989302158355713
4.006443500518799
4.007715225219727
4.011200428009033
3.988304615020752
4.005895137786865
4.012319087982178
4.003552436828613
4.005672454833984
4.003504753112793
4.010618686676025
3.9988207817077637
4.007004261016846
4.005441188812256
4.005377292633057
3.99458646774292
4.001315593719482
4.005403518676758
3.992934226989746
4.00169038772583
4.002840995788574
4.003628253936768
3.9973268508911133
4.000833511352539
4.013899803161621
4.001293659210205
3.998077869415283
3.99523663520813
4.016157627105713
4.005659580230713
3.9963717460632324
4.025257110595703
4.037432670593262
4.0336503982543945
4.0332136154174805
4.039334297180176
4.032853126525879
4.032942295074463
4.032834529876709
4.035656452178955
4.036642074584961
3.6559367179870605
3.6734232902526855
3.657386541366577
3.640537738800049
3.63683819770813
3.626926898956299
3.6426661014556885
3.6308743953704834
3.646559238433838
3.636444091796875
3.6511144638061523
3.6476094722747803
3.66849946975708
3.6968157291412354
3.6518354415893555
3.660407066345215
3.669536828994751
3.6330370903015137
3.6497035026550293
3.6619081497192383
3.6533007621765137
3.6777801513671875
3.6565630435943604
3.6689016819000244
3.6642708778381348
3.6585144996643066
3.6606545448303223
3.629856586456299
3.6386423110961914
3.6667513847351074
3.5986809730529785
3.625532388687134
3.6085610389709473
3.5926647186279297
3.6222214698791504
3.5935347080230713
3.597670555114746
3.6038124561309814
3.5743000507354736
3.5831611156463623
3.641286611557007
3.6095023155212402
3.6199612617492676
3.6298532485961914
3.614488124847412
3.6117758750915527
3.6070010662078857
3.602034568786621
3.612151622772217
3.590824842453003
3.605272054672241
3.60817289352417
3.6247684955596924
3.6249337196350098
3.6341607570648193
3.6295166015625
3.589057445526123
3.6141834259033203
3.597308874130249
3.5988214015960693
3.6899704933166504
3.682407855987549
3.688951015472412
3.6682136058807373
3.648737668991089
3.7158472537994385
3.7108397483825684
3.659658908843994
3.7166693210601807
3.6744673252105713
3.7805840969085693
3.77658748626709
3.774245023727417
3.7610068321228027
3.7713873386383057
3.7596826553344727
3.7485549449920654
3.7468700408935547
3.7541518211364746
3.7605347633361816
3.8945515155792236
3.9051477909088135
3.8814315795898438
3.8642725944519043
3.8695003986358643
3.868476629257202
3.8609871864318848
3.873286724090576
3.869478225708008
3.871683120727539
2.6356146335601807
2.6076645851135254
2.5442588329315186
2.568930149078369
2.5288636684417725
2.574962615966797
2.4464516639709473
2.5151565074920654
2.551978349685669
2.5376598834991455
2.503009557723999
2.469956636428833
2.4579970836639404
2.4592411518096924
2.4203453063964844
2.407144784927368
2.4456756114959717
2.4101784229278564
2.3535709381103516
2.385035514831543
2.5733706951141357
2.4970028400421143
2.5265021324157715
2.427124261856079
2.4318387508392334
2.430371046066284
2.419851779937744
2.4029407501220703
2.435638189315796
2.3987929821014404
2.547067165374756
2.6104023456573486
2.5156326293945312
2.516845464706421
2.5255539417266846
2.4630138874053955
2.4691526889801025
2.4667510986328125
2.477142095565796
2.4391138553619385
2.781776189804077
2.7992751598358154
2.744673728942871
2.728590965270996
2.7597525119781494
2.6785078048706055
2.721203565597534
2.6395163536071777
2.6628036499023438
2.7059502601623535
2.824493408203125
2.85286283493042
2.78037428855896
2.7696497440338135
2.7827813625335693
2.8105931282043457
2.7296998500823975
2.710029363632202
2.8086256980895996
2.7188022136688232
3.0416479110717773
2.973327398300171
3.007457971572876
2.9009549617767334
2.9074580669403076
2.8457932472229004
2.9061994552612305
2.8678910732269287
2.8994734287261963
2.841892719268799
3.2074193954467773
3.19339656829834
3.159428119659424
3.1630795001983643
3.1088078022003174
3.108447790145874
3.0758070945739746
3.1314167976379395
3.036770820617676
3.064253568649292
3.344515323638916
3.2658872604370117
3.3398633003234863
3.2756688594818115
3.2511837482452393
3.2858808040618896
3.2562179565429688
3.294560194015503
3.198749303817749
3.278092622756958
2.0582821369171143
2.059459686279297
2.067612648010254
1.983251690864563
1.9683678150177002
1.9338228702545166
1.9689997434616089
1.9764071702957153
1.9564303159713745
1.9197063446044922
2.1353466510772705
2.1086323261260986
2.098644256591797
2.0696921348571777
2.1530094146728516
2.0544662475585938
2.0863006114959717
2.059319496154785
2.09230375289917
2.0474302768707275
2.3020150661468506
2.252169132232666
2.2635579109191895
2.267688512802124
2.2982590198516846
2.231825590133667
2.250422716140747
2.229365348815918
2.2440567016601562
2.250519037246704
2.4370415210723877
2.4212803840637207
2.456951141357422
2.4250431060791016
2.369596481323242
2.3448405265808105
2.4024062156677246
2.3936057090759277
2.3894028663635254
2.3387551307678223
2.6846632957458496
2.720076084136963
2.660097599029541
2.718036651611328
2.6251680850982666
2.701270818710327
2.6858911514282227
2.6993839740753174
2.6253578662872314
2.5998382568359375
3.069597005844116
3.0268466472625732
3.032186269760132
3.0523815155029297
3.068617343902588
3.002779245376587
3.049999952316284
3.027585029602051
2.971348524093628
2.9418818950653076
3.422725200653076
3.4511842727661133
3.3553712368011475
3.3900046348571777
3.3598904609680176
3.342449188232422
3.4100396633148193
3.3294684886932373
3.339395761489868
3.307858467102051
3.2499001026153564
3.181804895401001
3.1339125633239746
3.1895272731781006
3.1199517250061035
3.1079957485198975
3.120755910873413
3.0974228382110596
3.0092926025390625
3.1031126976013184
3.3177576065063477
3.2620551586151123
3.3194150924682617
3.300273895263672
3.322406768798828
3.2182459831237793
3.2248048782348633
3.1910083293914795
3.285823106765747
3.2063887119293213
1.7544773817062378
1.7493879795074463
1.7712942361831665
1.7601709365844727
1.7241771221160889
1.7277504205703735
1.676468849182129
1.7131857872009277
1.691577434539795
1.704954981803894
1.8528465032577515
1.8542978763580322
1.8524740934371948
1.8046926259994507
1.8185806274414062
1.8242555856704712
1.824197769165039
1.8006702661514282
1.7683095932006836
1.7651598453521729
2.1189372539520264
2.1140596866607666
2.1087088584899902
2.09519100189209
2.073601722717285
2.0704779624938965
2.0582358837127686
2.0464539527893066
2.033970355987549
2.006507635116577
2.4550225734710693
2.5199832916259766
2.4570281505584717
2.4570157527923584
2.464900493621826
2.492795944213867
2.4315295219421387
2.3743820190429688
2.3550946712493896
2.4295120239257812
2.9356436729431152
2.9158689975738525
2.936434030532837
2.9129741191864014
2.8804256916046143
2.836418628692627
2.8880720138549805
2.808000087738037
2.8677492141723633
2.82047963142395
3.013965606689453
2.9886889457702637
2.9969022274017334
2.9746036529541016
2.928495407104492
2.922438144683838
2.92996883392334
2.9112110137939453
2.895446300506592
2.8676931858062744
2.861337184906006
2.8337910175323486
2.782851219177246
2.781829833984375
2.7317237854003906
2.727271318435669
2.685215473175049
2.7046685218811035
2.669947862625122
2.6870288848876953
3.0803465843200684
3.0984647274017334
3.0174126625061035
3.066174268722534
2.9925594329833984
3.0114998817443848
3.010233163833618
2.985487461090088
2.9683470726013184
2.9217066764831543
3.529940366744995
3.528031587600708
3.511064291000366
3.4247381687164307
3.496230125427246
3.4119725227355957
3.440701723098755
3.4390275478363037
3.3858494758605957
3.3568801879882812
1.5501785278320312
1.5681830644607544
1.547972559928894
1.5138909816741943
1.5166006088256836
1.4975167512893677
1.4818446636199951
1.460935354232788
1.4673309326171875
1.4416590929031372
1.7327340841293335
1.6580755710601807
1.6910409927368164
1.6999818086624146
1.6406551599502563
1.686353325843811
1.6478224992752075
1.6559956073760986
1.6446422338485718
1.655456304550171
1.9329701662063599
1.978238821029663
1.9334467649459839
1.9176563024520874
1.9330265522003174
1.9202508926391602
1.925640344619751
1.9137781858444214
1.8380156755447388
1.8524534702301025
2.3471925258636475
2.361788034439087
2.286860227584839
2.307011365890503
2.2882394790649414
2.3107247352600098
2.25722599029541
2.25708270072937
2.274989604949951
2.2167043685913086
2.918757915496826
2.871814250946045
2.8393986225128174
2.872953176498413
2.8099205493927
2.785212755203247
2.7690205574035645
2.769629955291748
2.709804058074951
2.7691597938537598
2.8914546966552734
2.8169450759887695
2.8303418159484863
2.8186354637145996
2.7601964473724365
2.7579498291015625
2.7685632705688477
2.7223050594329834
2.74564266204834
2.719909429550171
3.18406343460083
3.166285276412964
3.089966297149658
3.073741912841797
3.1323037147521973
3.106616258621216
3.087494134902954
3.0874509811401367
3.0293638706207275
3.018977165222168
3.1362826824188232
3.1005876064300537
3.061737298965454
3.114072322845459
3.0725414752960205
2.9932968616485596
2.973477602005005
2.974522113800049
2.973022937774658
2.9374194145202637
3.1736602783203125
3.179377555847168
3.244515895843506
3.147465229034424
3.066965341567993
3.201664924621582
3.077704429626465
3.068559169769287
3.0486648082733154
3.0754075050354004
2.210177183151245
2.237070322036743
2.1938884258270264
2.1577699184417725
2.1156506538391113
2.1232922077178955
2.1205873489379883
2.089832305908203
2.104846715927124
2.0666043758392334
2.2504477500915527
2.231168031692505
2.180776596069336
2.219724416732788
2.259836435317993
2.1928720474243164
2.1404972076416016
2.1611311435699463
2.087571144104004
2.141284704208374
2.3891093730926514
2.2851712703704834
2.2707455158233643
2.2752275466918945
2.300276041030884
2.2418994903564453
2.3283634185791016
2.2582523822784424
2.233088970184326
2.2363908290863037
2.54386305809021
2.5049047470092773
2.4908394813537598
2.572117567062378
2.522491931915283
2.4584364891052246
2.4395971298217773
2.408257484436035
2.429849147796631
2.415947914123535
2.862149715423584
2.8316431045532227
2.8363327980041504
2.771054267883301
2.8127970695495605
2.7489616870880127
2.693722724914551
2.745678424835205
2.7225468158721924
2.7260475158691406
3.01593279838562
3.0468101501464844
3.0389297008514404
3.06262469291687
2.9993932247161865
2.8931987285614014
2.9353506565093994
2.9820897579193115
2.8591537475585938
2.8783507347106934
3.1455657482147217
3.2019917964935303
3.138850450515747
3.1171648502349854
3.0646567344665527
3.140143632888794
3.0338127613067627
3.081840991973877
3.0663740634918213
3.0616071224212646
3.2689671516418457
3.2311079502105713
3.1909642219543457
3.171689748764038
3.1541430950164795
3.138620615005493
3.1424951553344727
3.0698258876800537
3.0801336765289307
3.0402066707611084
3.69671893119812
3.704641342163086
3.594318389892578
3.668837070465088
3.6623969078063965
3.579710006713867
3.570650100708008
3.5776994228363037
3.5768425464630127
3.503586769104004
3.1144981384277344
3.033194065093994
3.018512725830078
3.00834059715271
2.9257168769836426
2.9425299167633057
2.931378126144409
2.8754847049713135
2.7840099334716797
2.800973653793335
2.968240737915039
2.8923556804656982
2.8431506156921387
2.7981200218200684
2.792804479598999
2.762502431869507
2.7746410369873047
2.697856903076172
2.701246500015259
2.6674580574035645
2.8972249031066895
2.8640787601470947
2.7850639820098877
2.7969884872436523
2.718067169189453
2.7372934818267822
2.726569414138794
2.7250819206237793
2.653641939163208
2.6553843021392822
2.924950122833252
2.9238085746765137
2.8689825534820557
2.8344311714172363
2.842318296432495
2.7222394943237305
2.7711455821990967
2.7533140182495117
2.6879029273986816
2.6542038917541504
3.280402421951294
3.2088606357574463
3.233428478240967
3.108544111251831
3.0861947536468506
3.061291217803955
3.019040822982788
2.9685566425323486
2.984290361404419
2.912039279937744
3.140993118286133
3.189807415008545
3.078354597091675
3.071336269378662
2.9836668968200684
3.0260183811187744
2.9292171001434326
2.8494651317596436
2.9096076488494873
2.8179874420166016
3.346985340118408
3.378469228744507
3.3633735179901123
3.254812240600586
3.278226852416992
3.1827611923217773
3.2006123065948486
3.1867096424102783
3.172990560531616
3.1515049934387207
3.1633834838867188
3.0855512619018555
3.0755603313446045
3.0630571842193604
2.9490349292755127
2.9718542098999023
2.9582691192626953
2.951509714126587
2.8243861198425293
2.8119750022888184
3.2057251930236816
3.118306875228882
3.114731788635254
3.0613484382629395
3.0474183559417725
2.936404228210449
2.9057676792144775
2.9216294288635254
2.9132511615753174
2.8402719497680664
2.89516019821167
2.8238279819488525
2.7920539379119873
2.8058998584747314
2.7672038078308105
2.714254856109619
2.6507248878479004
2.6491615772247314
2.5928497314453125
2.5444653034210205
2.684145927429199
2.6293609142303467
2.601628541946411
2.5608069896698
2.5381240844726562
2.5248217582702637
2.50323748588562
2.4789347648620605
2.4385201930999756
2.3651247024536133
2.480879306793213
2.4899120330810547
2.434732437133789
2.4125871658325195
2.3506782054901123
2.37408447265625
2.336880683898926
2.350839614868164
2.3069469928741455
2.31852650642395
2.6453847885131836
2.62162184715271
2.5502195358276367
2.5182785987854004
2.530937433242798
2.5104005336761475
2.510289430618286
2.472726345062256
2.460268259048462
2.458469867706299
2.703972816467285
2.698723316192627
2.6748833656311035
2.6460275650024414
2.6276679039001465
2.6389222145080566
2.6078052520751953
2.592916965484619
2.5300145149230957
2.539337635040283
3.0406248569488525
2.9851064682006836
2.9362196922302246
2.9285664558410645
2.906665802001953
2.893747568130493
2.8453779220581055
2.894834518432617
2.7919070720672607
2.8195323944091797
2.9746110439300537
2.959397792816162
2.9578793048858643
2.8945693969726562
2.910186529159546
2.8743398189544678
2.8292722702026367
2.8436994552612305
2.8270480632781982
2.825244665145874
3.3088126182556152
3.3048183917999268
3.2795777320861816
3.2512166500091553
3.2367429733276367
3.1577091217041016
3.1617894172668457
3.152667284011841
3.1372408866882324
3.0721046924591064
3.3582887649536133
3.3548145294189453
3.4167282581329346
3.3477835655212402
3.2987515926361084
3.302777051925659
3.290412425994873
3.2504494190216064
3.2604329586029053
3.2307302951812744
2.9099698066711426
2.884633779525757
2.809119701385498
2.8240396976470947
2.767059803009033
2.685134172439575
2.626455545425415
2.6344962120056152
2.5675034523010254
2.6222176551818848
2.6899430751800537
2.645925521850586
2.6216676235198975
2.581099510192871
2.569748878479004
2.5558948516845703
2.546633005142212
2.4747469425201416
2.4493651390075684
2.40468430519104
2.601323127746582
2.6326160430908203
2.5750980377197266
2.560821533203125
2.5544660091400146
2.544259548187256
2.505526065826416
2.484417676925659
2.4624838829040527
2.423919916152954
2.8621790409088135
2.8757107257843018
2.801781177520752
2.8110220432281494
2.7691521644592285
2.775129556655884
2.67637300491333
2.6703906059265137
2.6335501670837402
2.6480939388275146
2.9928107261657715
2.9724907875061035
2.8635761737823486
2.9298880100250244
2.8782923221588135
2.834636688232422
2.742644786834717
2.774630069732666
2.755389928817749
2.7454335689544678
3.2414612770080566
3.1948704719543457
3.1409714221954346
3.1567347049713135
3.1107795238494873
3.070613145828247
3.063960075378418
3.0085432529449463
2.9886398315429688
2.9334726333618164
3.2765586376190186
3.2237486839294434
3.2030413150787354
3.117382764816284
3.1105287075042725
3.062411069869995
3.036562919616699
3.013545274734497
3.0108697414398193
2.944699287414551
3.2051351070404053
3.1138341426849365
3.0613174438476562
3.088240623474121
3.0180306434631348
3.004084587097168
3.0209338665008545
2.9923269748687744
2.9706790447235107
2.8910555839538574
3.2959368228912354
3.2887580394744873
3.236309766769409
3.2399723529815674
3.196105718612671
3.150412082672119
3.16506290435791
3.0814082622528076
3.054347276687622
3.0809319019317627
3.1708991527557373
3.1196131706237793
3.0314245223999023
3.0392801761627197
3.0179169178009033
2.9287266731262207
2.8879125118255615
2.8972952365875244
2.856942653656006
2.8001210689544678
2.8463079929351807
2.825972557067871
2.8182826042175293
2.762985944747925
2.7169899940490723
2.7026314735412598
2.6197497844696045
2.6436619758605957
2.6248509883880615
2.611762523651123
2.818513870239258
2.778102397918701
2.7178781032562256
2.738771438598633
2.686830997467041
2.6650757789611816
2.639453411102295
2.5536141395568848
2.576847553253174
2.5145668983459473
2.9536609649658203
2.9516477584838867
2.886436939239502
2.874081611633301
2.80072283744812
2.7962234020233154
2.769772529602051
2.748281717300415
2.698021650314331
2.7421164512634277
3.2242043018341064
3.176111936569214
3.1862592697143555
3.118980884552002
3.057788133621216
2.989717960357666
2.988088607788086
2.9188756942749023
2.8918981552124023
2.832602024078369
2.935558795928955
3.0028278827667236
2.917010545730591
2.8699638843536377
2.817122459411621
2.777756929397583
2.7739152908325195
2.751859426498413
2.693495512008667
2.6615662574768066
3.1551527976989746
3.075826406478882
3.1352813243865967
3.090116500854492
3.004074811935425
3.039933681488037
2.9468557834625244
2.9722352027893066
2.9413044452667236
2.9407126903533936
3.537191867828369
3.4735615253448486
3.440403699874878
3.4962079524993896
3.4260480403900146
3.358217716217041
3.3603484630584717
3.2729318141937256
3.3003311157226562
3.169611930847168
3.3691658973693848
3.393836498260498
3.26851224899292
3.335561752319336
3.2825393676757812
3.2638721466064453
3.1683919429779053
3.1890246868133545
3.1624326705932617
3.166778326034546
2.327848434448242
2.293053150177002
2.298832654953003
2.238250255584717
2.190577983856201
2.1312737464904785
2.117027759552002
2.1386406421661377
2.08687162399292
2.1036086082458496
2.1007628440856934
2.1282520294189453
2.0884523391723633
2.067434549331665
2.045039176940918
2.016493320465088
2.014464855194092
1.9932204484939575
2.024958610534668
1.9701528549194336
2.2008893489837646
2.180741310119629
2.156033992767334
2.1310946941375732
2.0857620239257812
2.1147561073303223
2.0607454776763916
2.0632476806640625
2.035954475402832
2.057565927505493
2.4020912647247314
2.3644614219665527
2.4063713550567627
2.3507652282714844
2.357191801071167
2.3022003173828125
2.338322639465332
2.2913267612457275
2.300605535507202
2.247958183288574
2.9128265380859375
2.9205024242401123
2.8945956230163574
2.8461809158325195
2.790616035461426
2.8474130630493164
2.8455395698547363
2.773855209350586
2.7967171669006348
2.746858596801758
3.3806538581848145
3.3297691345214844
3.228419303894043
3.352834463119507
3.251279354095459
3.2198486328125
3.1894478797912598
3.1652798652648926
3.139538049697876
3.140380382537842
3.2001824378967285
3.175758123397827
3.1690709590911865
3.0975780487060547
3.066107749938965
3.1053686141967773
3.036302089691162
2.9837450981140137
2.9830269813537598
2.9489996433258057
3.473743438720703
3.482908010482788
3.4816343784332275
3.385854959487915
3.388808012008667
3.3591079711914062
3.3668041229248047
3.347785234451294
3.305793523788452
3.2855021953582764
3.473883628845215
3.4027016162872314
3.4287915229797363
3.410128116607666
3.2990822792053223
3.3782081604003906
3.2929182052612305
3.262558698654175
3.2769992351531982
3.2711596488952637
3.6848955154418945
3.6172196865081787
3.495176315307617
3.4529285430908203
3.4221317768096924
3.318349838256836
3.208726167678833
3.1525044441223145
3.1009998321533203
3.0779521465301514
3.0940682888031006
3.0438296794891357
3.018693447113037
2.899517774581909
2.8606791496276855
2.791032552719116
2.7738637924194336
2.7133145332336426
2.672799587249756
2.610215902328491
2.728193998336792
2.67897891998291
2.6648361682891846
2.5966036319732666
2.5867342948913574
2.4803600311279297
2.4707560539245605
2.372248411178589
2.3929991722106934
2.3276336193084717
2.7080681324005127
2.68398380279541
2.578965663909912
2.6021859645843506
2.5580461025238037
2.481942653656006
2.4351508617401123
2.3687357902526855
2.3711118698120117
2.30112624168396
3.0407793521881104
3.0342037677764893
2.9786133766174316
2.9152305126190186
2.8744723796844482
2.839965581893921
2.7871804237365723
2.7388689517974854
2.662137031555176
2.6758675575256348
3.0568525791168213
3.0315892696380615
2.972957134246826
2.899303436279297
2.832280397415161
2.802206516265869
2.7808403968811035
2.7478530406951904
2.6586813926696777
2.6541099548339844
3.0526771545410156
2.992119312286377
2.916743040084839
2.834458351135254
2.83012056350708
2.8089001178741455
2.730828046798706
2.702101707458496
2.606782913208008
2.531491756439209
3.308561086654663
3.2536442279815674
3.1540653705596924
3.056523084640503
3.057542085647583
3.0140740871429443
2.935157060623169
2.8484184741973877
2.867461919784546
2.8025543689727783
3.3535399436950684
3.3097946643829346
3.28363299369812
3.1970465183258057
3.1482696533203125
3.081406831741333
3.045398712158203
3.030071973800659
3.0085761547088623
2.881255626678467
2.66800856590271
2.6187562942504883
2.554229259490967
2.541961431503296
2.453890085220337
2.41694712638855
2.332767963409424
2.2913827896118164
2.2687532901763916
2.23018741607666
2.2891178131103516
2.2598700523376465
2.228231430053711
2.223468542098999
2.1502089500427246
2.149078845977783
2.0642645359039307
2.0540196895599365
2.022028923034668
1.9579071998596191
2.266409397125244
2.1845498085021973
2.165327548980713
2.154087781906128
2.081101655960083
2.123687982559204
2.1169521808624268
2.0274159908294678
2.0400307178497314
1.9945428371429443
2.3478646278381348
2.347536325454712
2.3143131732940674
2.2835850715637207
2.2365150451660156
2.2449958324432373
2.227088451385498
2.1870434284210205
2.157574415206909
2.164196491241455
2.802820920944214
2.805018901824951
2.687847852706909
2.706953287124634
2.6408491134643555
2.644713878631592
2.606832265853882
2.572373390197754
2.5542638301849365
2.4710588455200195
2.9766135215759277
2.912473201751709
2.945283889770508
2.856295347213745
2.860147714614868
2.816277503967285
2.7778804302215576
2.7351596355438232
2.750500440597534
2.6982734203338623
3.3589632511138916
3.320345163345337
3.257827043533325
3.2098076343536377
3.214808702468872
3.158818483352661
3.1440930366516113
3.0593438148498535
3.0328173637390137
3.0325255393981934
3.30009388923645
3.3109524250030518
3.2840020656585693
3.1992573738098145
3.2267167568206787
3.124019145965576
3.175893783569336
3.0860185623168945
3.0816516876220703
3.026562213897705
3.2562475204467773
3.2562716007232666
3.2092106342315674
3.2283151149749756
3.2128443717956543
3.135838031768799
3.1322083473205566
3.0671403408050537
3.016511917114258
3.061098575592041
2.759493112564087
2.7040414810180664
2.650270462036133
2.5685253143310547
2.5358076095581055
2.522968292236328
2.4278416633605957
2.381096839904785
2.3869268894195557
2.337045669555664
2.5667545795440674
2.559262275695801
2.483854293823242
2.4469449520111084
2.402301073074341
2.3779828548431396
2.350837469100952
2.2812585830688477
2.2910373210906982
2.246023416519165
2.7183337211608887
2.6790335178375244
2.6161789894104004
2.594116449356079
2.558323383331299
2.5096638202667236
2.508805513381958
2.430833101272583
2.4196016788482666
2.355891704559326
3.0408639907836914
2.972532033920288
2.996461868286133
2.903228282928467
2.8622922897338867
2.8169546127319336
2.764853000640869
2.715725898742676
2.6541314125061035
2.5938875675201416
3.147216796875
3.1251461505889893
3.093912124633789
2.9847021102905273
2.9597902297973633
2.941225290298462
2.862825870513916
2.7731611728668213
2.7613351345062256
2.719280958175659
3.188824415206909
3.123694896697998
3.082853078842163
3.037750482559204
2.9601755142211914
2.9079623222351074
2.8912105560302734
2.8555550575256348
2.7702248096466064
2.7857325077056885
2.8469388484954834
2.907731771469116
2.7901556491851807
2.734004259109497
2.673905849456787
2.6391971111297607
2.6265196800231934
2.5744829177856445
2.5584824085235596
2.47251296043396
2.798154592514038
2.759342670440674
2.7122280597686768
2.635716676712036
2.609623432159424
2.527513265609741
2.534802198410034
2.5032365322113037
2.4312496185302734
2.4418931007385254
3.044017791748047
2.9716460704803467
2.9124350547790527
2.8514721393585205
2.896282434463501
2.826556921005249
2.759486436843872
2.7272768020629883
2.752520799636841
2.6245977878570557
2.1146035194396973
2.0673012733459473
1.984690546989441
1.9810538291931152
1.9267172813415527
1.8972591161727905
1.8834662437438965
1.8636054992675781
1.823415756225586
1.7756898403167725
1.9912298917770386
1.9626550674438477
1.940593957901001
1.9197893142700195
1.8848598003387451
1.870088815689087
1.8701527118682861
1.8127448558807373
1.8097498416900635
1.7947238683700562
2.2197632789611816
2.1914632320404053
2.2016873359680176
2.138310194015503
2.132655143737793
2.0826938152313232
2.0382819175720215
2.0720181465148926
2.0208017826080322
2.0209150314331055
2.5399861335754395
2.50736141204834
2.47703218460083
2.438908815383911
2.4411256313323975
2.398205041885376
2.3687102794647217
2.3149545192718506
2.310685157775879
2.301013469696045
2.8708553314208984
2.81257700920105
2.7873265743255615
2.7590367794036865
2.6823766231536865
2.657661199569702
2.66007661819458
2.595266819000244
2.5773797035217285
2.5180091857910156
3.1757071018218994
3.1152026653289795
3.0772571563720703
3.041293144226074
3.019619941711426
2.958495616912842
2.862163782119751
2.8754703998565674
2.8188469409942627
2.823005437850952
2.8657302856445312
2.7371723651885986
2.741899013519287
2.721390724182129
2.654834747314453
2.622411012649536
2.5925662517547607
2.5676450729370117
2.572754383087158
2.495331048965454
3.0826520919799805
3.049607276916504
3.0248520374298096
2.9999237060546875
2.961827278137207
2.928999900817871
2.9097540378570557
2.8526384830474854
2.8325912952423096
2.797266721725464
2.9513535499572754
2.930086851119995
2.8790881633758545
2.8678948879241943
2.814603567123413
2.813415050506592
2.7675323486328125
2.749727964401245
2.668134927749634
2.646312713623047
2.326301097869873
2.2499144077301025
2.2122139930725098
2.143418312072754
2.09542179107666
2.0676138401031494
2.0095207691192627
1.9779609441757202
1.9342966079711914
1.8608952760696411
1.9682337045669556
1.956754207611084
1.91759192943573
1.8689327239990234
1.8571693897247314
1.8169132471084595
1.7675294876098633
1.7584071159362793
1.7388628721237183
1.6960943937301636
2.0724897384643555
2.0129570960998535
1.9893890619277954
1.959611415863037
1.9335737228393555
1.9044842720031738
1.873964786529541
1.8399642705917358
1.8107465505599976
1.7968416213989258
2.4137158393859863
2.3868699073791504
2.3747332096099854
2.304190158843994
2.2715444564819336
2.2293434143066406
2.1957592964172363
2.1964657306671143
2.14544677734375
2.145810842514038
2.7886056900024414
2.766252040863037
2.723686456680298
2.6810567378997803
2.629534959793091
2.6034634113311768
2.52132248878479
2.5467264652252197
2.566870927810669
2.507457733154297
2.7639830112457275
2.7473981380462646
2.6706883907318115
2.663564920425415
2.611323595046997
2.592358350753784
2.5393898487091064
2.535865068435669
2.484590530395508
2.482727527618408
3.086660146713257
3.0229270458221436
2.9932711124420166
2.941716432571411
2.8998219966888428
2.86804461479187
2.7583494186401367
2.8021926879882812
2.7744219303131104
2.7126686573028564
2.9852867126464844
2.9456048011779785
2.9244580268859863
2.833644390106201
2.819674491882324
2.836602210998535
2.820486068725586
2.701812744140625
2.7014412879943848
2.666053295135498
3.397188425064087
3.3567066192626953
3.3169891834259033
3.3563590049743652
3.2567944526672363
3.2259058952331543
3.1959681510925293
3.162015914916992
3.1248631477355957
3.1334168910980225
2.652109146118164
2.54248309135437
2.473045587539673
2.419187545776367
2.3365936279296875
2.256662607192993
2.1931262016296387
2.1421401500701904
2.0710065364837646
2.024298667907715
2.248896598815918
2.160337448120117
2.1517584323883057
2.071444034576416
2.030184507369995
2.007662296295166
1.9885188341140747
1.9444708824157715
1.894881248474121
1.8664134740829468
2.1195454597473145
2.0931310653686523
2.055258274078369
2.0574750900268555
1.994009017944336
1.9842276573181152
1.9582208395004272
1.921616554260254
1.9011160135269165
1.8491827249526978
2.3865556716918945
2.3399674892425537
2.314730644226074
2.2562334537506104
2.222205877304077
2.2271413803100586
2.1838250160217285
2.1435604095458984
2.1293983459472656
2.1118175983428955
2.681288719177246
2.623910903930664
2.541229248046875
2.525806427001953
2.488138437271118
2.481829881668091
2.43271541595459
2.401923656463623
2.3411717414855957
2.2845559120178223
2.9422359466552734
2.9137728214263916
2.8719067573547363
2.8417227268218994
2.803600311279297
2.714252471923828
2.704681396484375
2.6561646461486816
2.6091911792755127
2.6064679622650146
2.923851728439331
2.898193359375
2.8429601192474365
2.76676082611084
2.7842628955841064
2.7826461791992188
2.71586537361145
2.660867691040039
2.609062910079956
2.609285354614258
3.344674825668335
3.3108937740325928
3.2326831817626953
3.2089359760284424
3.17130446434021
3.1542115211486816
3.0861010551452637
3.0262057781219482
3.0536956787109375
2.9972212314605713
2.8572170734405518
2.8701796531677246
2.8110079765319824
2.7083492279052734
2.732095956802368
2.7358322143554688
2.679475784301758
2.6431009769439697
2.6466164588928223
2.543330192565918
2.3692874908447266
2.2828009128570557
2.2715089321136475
2.217532157897949
2.174516201019287
2.1277101039886475
2.1023898124694824
2.0447983741760254
2.012174606323242
1.9729771614074707
2.1046879291534424
2.042311429977417
1.9995696544647217
1.9576088190078735
1.9381576776504517
1.9093669652938843
1.8597196340560913
1.8716204166412354
1.8427129983901978
1.7863565683364868
2.035215139389038
2.025966167449951
1.9930813312530518
1.9384543895721436
1.8893470764160156
1.8847556114196777
1.867727518081665
1.8139680624008179
1.826090931892395
1.779418706893921
2.302839517593384
2.2952041625976562
2.2488274574279785
2.1562976837158203
2.1393373012542725
2.107309341430664
2.075775623321533
2.054114818572998
2.046048641204834
1.99510657787323
2.744310140609741
2.6733007431030273
2.601001501083374
2.536846160888672
2.5331809520721436
2.434492826461792
2.388592481613159
2.387831211090088
2.3582544326782227
2.309676170349121
2.847689390182495
2.847198009490967
2.7875609397888184
2.7345569133758545
2.7087461948394775
2.6393532752990723
2.614866018295288
2.5717926025390625
2.5143842697143555
2.5393171310424805
2.8925511837005615
2.829927444458008
2.8002774715423584
2.7480075359344482
2.7477052211761475
2.656297445297241
2.641265630722046
2.6391186714172363
2.603060722351074
2.592458963394165
2.9177963733673096
2.885594129562378
2.8717613220214844
2.8227312564849854
2.8086390495300293
2.7866294384002686
2.719783067703247
2.6601109504699707
2.6744883060455322
2.6376991271972656
3.1617798805236816
3.1417782306671143
3.103473424911499
3.036628007888794
3.0467419624328613
2.964132785797119
2.9307351112365723
2.8756911754608154
2.8831005096435547
2.8212313652038574
1.4847441911697388
1.4601378440856934
1.4381178617477417
1.4394724369049072
1.3889482021331787
1.3714442253112793
1.3592418432235718
1.3410216569900513
1.3071262836456299
1.2905341386795044
1.5152060985565186
1.487612009048462
1.4796886444091797
1.4373412132263184
1.4228659868240356
1.4551701545715332
1.3961142301559448
1.3498740196228027
1.3631043434143066
1.3831264972686768
1.7066829204559326
1.6719841957092285
1.653328537940979
1.6257941722869873
1.6096434593200684
1.581799030303955
1.5798919200897217
1.5509499311447144
1.5544997453689575
1.5565396547317505
2.0119833946228027
1.9604613780975342
1.9242098331451416
1.8996996879577637
1.8963267803192139
1.855656385421753
1.8778598308563232
1.8371320962905884
1.8370680809020996
1.8336544036865234
2.3019371032714844
2.2955803871154785
2.227818489074707
2.222151756286621
2.1733906269073486
2.160752058029175
2.0958902835845947
2.0867509841918945
2.0465660095214844
2.0415427684783936
2.859327793121338
2.8321847915649414
2.8073055744171143
2.7251780033111572
2.6991424560546875
2.6692955493927
2.6058151721954346
2.589956760406494
2.539323568344116
2.5198020935058594
3.0681815147399902
3.0319976806640625
2.9369704723358154
2.9228782653808594
2.8814022541046143
2.8198745250701904
2.806586265563965
2.747601270675659
2.755000591278076
2.710477113723755
3.0398759841918945
2.989924669265747
2.970569372177124
2.9533395767211914
2.8811161518096924
2.8523049354553223
2.8065268993377686
2.813948631286621
2.7822484970092773
2.7569146156311035
2.873133420944214
2.880636215209961
2.885434627532959
2.7833924293518066
2.7922005653381348
2.761413097381592
2.678014039993286
2.7024178504943848
2.6679112911224365
2.662665843963623
1.5783442258834839
1.5399858951568604
1.5102412700653076
1.4948772192001343
1.472166895866394
1.4467136859893799
1.432576060295105
1.4087226390838623
1.357438325881958
1.3691824674606323
1.5220626592636108
1.4597686529159546
1.4743996858596802
1.4640072584152222
1.4400943517684937
1.4437754154205322
1.376030683517456
1.3932545185089111
1.3589986562728882
1.3418790102005005
1.7209439277648926
1.7060965299606323
1.6891809701919556
1.6806597709655762
1.6590046882629395
1.6227160692214966
1.614672303199768
1.6215510368347168
1.5847159624099731
1.5970109701156616
2.082520008087158
2.0834364891052246
2.0405750274658203
2.0160672664642334
1.9815744161605835
1.9571795463562012
1.9488729238510132
1.9410226345062256
1.9036325216293335
1.8985633850097656
2.672513246536255
2.6297285556793213
2.5772833824157715
2.580298662185669
2.545865774154663
2.502471446990967
2.5070157051086426
2.4956295490264893
2.451582670211792
2.42209529876709
2.798166513442993
2.774151086807251
2.721464157104492
2.6891937255859375
2.713866949081421
2.6490039825439453
2.6244330406188965
2.5871353149414062
2.5785775184631348
2.5364441871643066
2.7292675971984863
2.7199971675872803
2.68872332572937
2.650412082672119
2.649824380874634
2.629211902618408
2.5726771354675293
2.545271396636963
2.5503127574920654
2.549232006072998
3.064631462097168
3.037449359893799
3.0254039764404297
2.9786856174468994
2.97208571434021
2.9063076972961426
2.914841890335083
2.9069759845733643
2.843273401260376
2.8684282302856445
3.2797703742980957
3.192136764526367
3.1561875343322754
3.1698570251464844
3.1619138717651367
3.087233304977417
3.0828349590301514
3.051499605178833
3.0284430980682373
3.018953800201416
2.0445690155029297
2.0307555198669434
1.9672751426696777
1.9234670400619507
1.8905344009399414
1.868547797203064
1.8296018838882446
1.7914221286773682
1.75058913230896
1.744281530380249
1.9674267768859863
1.9422833919525146
1.9026548862457275
1.85823655128479
1.8229535818099976
1.8057596683502197
1.77552330493927
1.793443202972412
1.6935620307922363
1.6965644359588623
2.061816453933716
2.08154559135437
2.039370536804199
1.9817609786987305
1.9456164836883545
1.9422672986984253
1.906601905822754
1.8885562419891357
1.85491943359375
1.8431352376937866
2.3120081424713135
2.3227615356445312
2.2695555686950684
2.239870548248291
2.229565382003784
2.164729118347168
2.1358909606933594
2.1085121631622314
2.0976479053497314
2.044041872024536
2.8879072666168213
2.8032846450805664
2.7389485836029053
2.7567999362945557
2.688809871673584
2.655449151992798
2.6196250915527344
2.5479464530944824
2.5133774280548096
2.4871485233306885
2.912276029586792
2.84828782081604
2.826390266418457
2.7599947452545166
2.7241439819335938
2.7223875522613525
2.6341512203216553
2.6638972759246826
2.5758919715881348
2.5585780143737793
3.1318721771240234
3.121300458908081
3.0454413890838623
3.014073371887207
2.9928483963012695
2.9522438049316406
2.920032501220703
2.874605894088745
2.855616569519043
2.7998125553131104
3.215057849884033
3.167027473449707
3.127558708190918
3.0582621097564697
3.0122909545898438
2.989771604537964
3.015160322189331
2.947575330734253
2.9201385974884033
2.913530111312866
3.009026288986206
2.964806318283081
2.9002459049224854
2.928938388824463
2.869701385498047
2.8858184814453125
2.814664363861084
2.722022294998169
2.7671918869018555
2.730372190475464
1.9042085409164429
1.8717551231384277
1.8205244541168213
1.7817455530166626
1.7551517486572266
1.7306691408157349
1.6740590333938599
1.6687793731689453
1.6466554403305054
1.6082090139389038
1.88923180103302
1.8602495193481445
1.8485157489776611
1.8254053592681885
1.76289701461792
1.7566827535629272
1.7273626327514648
1.6927686929702759
1.6826499700546265
1.668649673461914
2.091508388519287
2.042872428894043
2.0243701934814453
1.9899598360061646
1.9699901342391968
1.9802849292755127
1.9452072381973267
1.8975692987442017
1.9015048742294312
1.8832519054412842
2.3410627841949463
2.2727906703948975
2.2572903633117676
2.243117094039917
2.211747407913208
2.2026989459991455
2.157909393310547
2.135181427001953
2.1316046714782715
2.076551914215088
2.6518125534057617
2.6434214115142822
2.585559368133545
2.5465941429138184
2.5515007972717285
2.4934515953063965
2.476903200149536
2.4596047401428223
2.427208423614502
2.4091293811798096
3.116468906402588
3.031604766845703
2.9962427616119385
2.9606637954711914
2.952479362487793
2.897801399230957
2.9169514179229736
2.8600001335144043
2.8507156372070312
2.787912368774414
3.073855400085449
3.0339624881744385
3.0042898654937744
2.973055601119995
2.9971423149108887
2.8963277339935303
2.906839370727539
2.8558449745178223
2.8583223819732666
2.829806327819824
3.0754895210266113
3.049866199493408
3.019442558288574
2.9955263137817383
2.94827938079834
2.9202089309692383
2.886951208114624
2.8822460174560547
2.863248348236084
2.8522322177886963
2.916531562805176
2.804722309112549
2.8333492279052734
2.786519765853882
2.7798337936401367
2.7966158390045166
2.730578899383545
2.715475082397461
2.6704769134521484
2.6556715965270996
2.120567798614502
2.0462400913238525
2.0437819957733154
1.976737380027771
1.8874181509017944
1.8526629209518433
1.789398193359375
1.749215006828308
1.712518334388733
1.6992868185043335
1.8939054012298584
1.8475252389907837
1.799291729927063
1.768902063369751
1.7434709072113037
1.6838363409042358
1.6855943202972412
1.6464391946792603
1.5723344087600708
1.593888759613037
1.966923475265503
2.00602650642395
1.907375454902649
1.8627015352249146
1.849081039428711
1.8386973142623901
1.7843239307403564
1.7484184503555298
1.7508176565170288
1.6664944887161255
2.1774513721466064
2.0994560718536377
2.0798134803771973
2.0136029720306396
2.0148377418518066
1.9968304634094238
1.9466552734375
1.8781332969665527
1.9024235010147095
1.8393245935440063
2.5659542083740234
2.5802230834960938
2.5202550888061523
2.4550981521606445
2.4318270683288574
2.3634653091430664
2.3088185787200928
2.309101104736328
2.2512423992156982
2.210782051086426
2.9105777740478516
2.8088226318359375
2.7851288318634033
2.735948085784912
2.6709983348846436
2.6056292057037354
2.5788168907165527
2.5741889476776123
2.4756174087524414
2.449863910675049
2.9117391109466553
2.8769025802612305
2.81238055229187
2.78888201713562
2.783881664276123
2.7343428134918213
2.710188627243042
2.7012438774108887
2.6370058059692383
2.6129279136657715
3.1041412353515625
2.9966979026794434
2.9601831436157227
2.9258511066436768
2.9202709197998047
2.841510534286499
2.8079516887664795
2.7532260417938232
2.7349343299865723
2.711484432220459
3.12571120262146
3.114710807800293
3.0216710567474365
3.0240988731384277
2.9615776538848877
2.9304542541503906
2.873044729232788
2.8602402210235596
2.833833694458008
2.7614550590515137
1.4651585817337036
1.4462616443634033
1.4171823263168335
1.413244366645813
1.373376488685608
1.3561888933181763
1.3102810382843018
1.2853931188583374
1.2589306831359863
1.2493517398834229
1.564481496810913
1.5233584642410278
1.5097203254699707
1.4940675497055054
1.4676401615142822
1.454885721206665
1.4395731687545776
1.4089844226837158
1.3812482357025146
1.3358300924301147
1.7791519165039062
1.739748477935791
1.6962544918060303
1.6836330890655518
1.6735528707504272
1.6824215650558472
1.670999526977539
1.6419223546981812
1.6180095672607422
1.6431794166564941
2.040722370147705
2.045473575592041
2.006474018096924
1.9841703176498413
1.9714851379394531
1.961989164352417
1.9493448734283447
1.9205377101898193
1.9134944677352905
1.9024369716644287
2.623692750930786
2.6073951721191406
2.568787097930908
2.5500998497009277
2.5664634704589844
2.4696455001831055
2.4785895347595215
2.4645097255706787
2.414885997772217
2.418379545211792
2.6108272075653076
2.560779094696045
2.5576088428497314
2.5750300884246826
2.5007822513580322
2.5066773891448975
2.495133876800537
2.453430652618408
2.427622079849243
2.38820481300354
2.783571243286133
2.7754950523376465
2.7502236366271973
2.713449716567993
2.683706283569336
2.710484743118286
2.6454660892486572
2.6471986770629883
2.5979902744293213
2.5497868061065674
2.568896770477295
2.49341082572937
2.5032739639282227
2.4445743560791016
2.4034628868103027
2.434782028198242
2.3772268295288086
2.3263099193573
2.355482816696167
2.309222936630249
3.0348856449127197
3.004859209060669
2.965515613555908
2.9852421283721924
2.877824306488037
2.900942325592041
2.8353683948516846
2.7976698875427246
2.74308705329895
2.7674858570098877
2.835087776184082
2.773192882537842
2.6860523223876953
2.6313605308532715
2.5969924926757812
2.5396485328674316
2.4635398387908936
2.429210662841797
2.388751983642578
2.3311429023742676
2.5076687335968018
2.457859516143799
2.422562837600708
2.345315456390381
2.3040595054626465
2.2771189212799072
2.22391939163208
2.152956247329712
2.150047540664673
2.1124351024627686
2.4407713413238525
2.413693904876709
2.3491477966308594
2.310633659362793
2.3000378608703613
2.220444679260254
2.2073116302490234
2.1799259185791016
2.1244707107543945
2.1098241806030273
2.733893394470215
2.6670989990234375
2.5977275371551514
2.582606315612793
2.527827739715576
2.4735589027404785
2.456310987472534
2.398336887359619
2.3714823722839355
2.3382248878479004
3.066718578338623
3.0514304637908936
3.010413646697998
2.956912040710449
2.8928468227386475
2.8243002891540527
2.7684543132781982
2.779695749282837
2.695841073989868
2.6375572681427
2.96915340423584
2.890714645385742
2.8417317867279053
2.770416259765625
2.7748918533325195
2.743044853210449
2.7024848461151123
2.6258866786956787
2.5808348655700684
2.5840206146240234
2.9685447216033936
2.8799359798431396
2.840131998062134
2.8029043674468994
2.79227876663208
2.77921724319458
2.6931838989257812
2.674835681915283
2.6930925846099854
2.6473562717437744
2.919466972351074
2.9049766063690186
2.8956851959228516
2.8497719764709473
2.776550769805908
2.739903211593628
2.7286343574523926
2.7037911415100098
2.718818426132202
2.65267014503479
3.0866589546203613
3.0182745456695557
2.980435371398926
2.9447314739227295
2.9227235317230225
2.875187635421753
2.84267520904541
2.8012585639953613
2.820371389389038
2.720534563064575
2.2731990814208984
2.1836905479431152
2.1468939781188965
2.056330919265747
2.0134692192077637
1.9207003116607666
1.8663355112075806
1.8266305923461914
1.7883338928222656
1.7310829162597656
1.9913740158081055
1.9878801107406616
1.9035097360610962
1.8597384691238403
1.8054730892181396
1.7866086959838867
1.741685152053833
1.7009251117706299
1.6522266864776611
1.6400668621063232
2.136586904525757
2.080725908279419
2.0231380462646484
2.0377821922302246
1.9841378927230835
1.9353691339492798
1.8722487688064575
1.8650386333465576
1.8199576139450073
1.798119068145752
2.487457036972046
2.4601035118103027
2.3821182250976562
2.363091230392456
2.2959232330322266
2.257642984390259
2.232217788696289
2.1763226985931396
2.1528658866882324
2.0834898948669434
2.7682998180389404
2.657585382461548
2.664827585220337
2.593365430831909
2.559999942779541
2.507999897003174
2.4640893936157227
2.411367416381836
2.3542561531066895
2.3034372329711914
2.8364310264587402
2.7964162826538086
2.709442615509033
2.658571720123291
2.6283304691314697
2.547009229660034
2.505056142807007
2.4570939540863037
2.440793991088867
2.399350166320801
2.6790640354156494
2.644218921661377
2.5891001224517822
2.5379438400268555
2.493389368057251
2.41957950592041
2.4265146255493164
2.366682529449463
2.3361871242523193
2.308173418045044
3.0383198261260986
2.996835231781006
2.951298475265503
2.935689687728882
2.8839828968048096
2.8428049087524414
2.759058713912964
2.6963565349578857
2.6479969024658203
2.650733470916748
3.279343605041504
3.158153533935547
3.1373376846313477
3.071753978729248
3.0209226608276367
2.976895332336426
2.9573967456817627
2.91274356842041
2.8857688903808594
2.8152101039886475
2.820117712020874
2.776693820953369
2.7111997604370117
2.6321823596954346
2.554699420928955
2.491443634033203
2.4464690685272217
2.3538777828216553
2.3232202529907227
2.2486324310302734
2.2611896991729736
2.202967643737793
2.1403307914733887
2.127392530441284
2.067777156829834
2.0225653648376465
1.9652029275894165
1.9214390516281128
1.89600670337677
1.8263607025146484
2.1037163734436035
2.0430474281311035
2.0397348403930664
1.9651527404785156
1.9223220348358154
1.8810272216796875
1.8513418436050415
1.8131561279296875
1.7578799724578857
1.7423973083496094
2.2123029232025146
2.1940667629241943
2.1583762168884277
2.1377086639404297
2.068417549133301
2.002011299133301
1.9936248064041138
1.9779574871063232
1.9103658199310303
1.8785027265548706
2.382528305053711
2.3668978214263916
2.307421922683716
2.240870952606201
2.258305072784424
2.150885581970215
2.0951552391052246
2.076338768005371
2.013070583343506
2.0444562435150146
2.7569193840026855
2.6548714637756348
2.64347243309021
2.5702178478240967
2.5304245948791504
2.4864649772644043
2.4516093730926514
2.4370877742767334
2.354320764541626
2.2862906455993652
2.830724000930786
2.803281784057617
2.755160331726074
2.7111334800720215
2.636197090148926
2.606826066970825
2.5256476402282715
2.528045892715454
2.50179386138916
2.389838695526123
3.1096558570861816
3.0490775108337402
2.959430694580078
2.9435205459594727
2.815972328186035
2.7777633666992188
2.7925944328308105
2.6967179775238037
2.642496347427368
2.61488676071167
2.595397710800171
2.536170244216919
2.4901602268218994
2.501375675201416
2.40512752532959
2.3929929733276367
2.3576483726501465
2.310728073120117
2.264230251312256
2.2138640880584717
1.5968170166015625
1.4965119361877441
1.4510412216186523
1.4021999835968018
1.351883888244629
1.3080103397369385
1.2660672664642334
1.2321279048919678
1.167503833770752
1.1625559329986572
1.4425709247589111
1.3998956680297852
1.387690782546997
1.3554030656814575
1.3221375942230225
1.2998498678207397
1.2753220796585083
1.2506047487258911
1.268035888671875
1.2240514755249023
1.5328233242034912
1.5184431076049805
1.520055890083313
1.511420488357544
1.4356093406677246
1.4215247631072998
1.392424464225769
1.3895413875579834
1.3554351329803467
1.326594352722168
1.8107447624206543
1.7870160341262817
1.7572920322418213
1.7162764072418213
1.6758676767349243
1.6480082273483276
1.6083247661590576
1.5760042667388916
1.5824757814407349
1.5488914251327515
2.2647438049316406
2.2209601402282715
2.183544397354126
2.1584997177124023
2.127609968185425
2.0914466381073
2.060542345046997
2.041255474090576
1.9760942459106445
1.956534743309021
2.8602561950683594
2.7499735355377197
2.716097831726074
2.660193920135498
2.665090799331665
2.5832877159118652
2.5514626502990723
2.547621965408325
2.4870338439941406
2.454221725463867
3.0293285846710205
2.9538304805755615
2.9265289306640625
2.9129130840301514
2.859588623046875
2.7998976707458496
2.776320219039917
2.7457187175750732
2.7300946712493896
2.6982812881469727
2.988384485244751
2.9809863567352295
2.9131696224212646
2.8657407760620117
2.81777024269104
2.8516321182250977
2.794724225997925
2.6754326820373535
2.6838457584381104
2.6798946857452393
2.668992042541504
2.590156078338623
2.5300612449645996
2.5167667865753174
2.4952280521392822
2.4425806999206543
2.373056411743164
2.3668212890625
2.347104549407959
2.3372387886047363
3.029611110687256
2.964597463607788
2.902048349380493
2.8206331729888916
2.784013509750366
2.7184009552001953
2.644285202026367
2.5572946071624756
2.499873638153076
2.455444812774658
2.7180113792419434
2.6499576568603516
2.6079258918762207
2.5812535285949707
2.485928773880005
2.470766305923462
2.4106462001800537
2.352463722229004
2.331787586212158
2.280383348464966
2.7734062671661377
2.663440704345703
2.638503074645996
2.610962390899658
2.5146279335021973
2.481024980545044
2.428107738494873
2.360499620437622
2.303011178970337
2.3009448051452637
2.89328932762146
2.7694082260131836
2.6972928047180176
2.663578510284424
2.587738037109375
2.5991570949554443
2.4264910221099854
2.3932182788848877
2.3387935161590576
2.2920243740081787
2.9775116443634033
2.9183974266052246
2.7933027744293213
2.709848165512085
2.664689064025879
2.6094565391540527
2.579007387161255
2.4949913024902344
2.3756496906280518
2.3887736797332764
3.0539467334747314
3.0104238986968994
2.956258773803711
2.8477139472961426
2.810206174850464
2.7136287689208984
2.73351788520813
2.630307912826538
2.5439748764038086
2.5172643661499023
2.973546266555786
2.8818955421447754
2.875960350036621
2.8205716609954834
2.7443747520446777
2.7147185802459717
2.632103204727173
2.6413590908050537
2.5958471298217773
2.548067331314087
3.042410135269165
2.9908804893493652
2.900247812271118
2.893237590789795
2.8007586002349854
2.748673677444458
2.730084180831909
2.648010492324829
2.615607261657715
2.5846989154815674
2.67283296585083
2.5778825283050537
2.586669445037842
2.492267608642578
2.479217529296875
2.4057376384735107
2.383469343185425
2.334465742111206
2.2876033782958984
2.2586827278137207
2.890895366668701
2.7956202030181885
2.712337017059326
2.6375296115875244
2.5512993335723877
2.488445997238159
2.4200680255889893
2.338388681411743
2.2858965396881104
2.2062695026397705
2.4135029315948486
2.370729446411133
2.2949671745300293
2.2466864585876465
2.229450225830078
2.205662488937378
2.1604199409484863
2.102074146270752
2.0713555812835693
2.0499420166015625
2.4944300651550293
2.421049118041992
2.3914737701416016
2.343062400817871
2.324129104614258
2.3140645027160645
2.2595536708831787
2.2305073738098145
2.21879243850708
2.1436896324157715
2.90680193901062
2.8839714527130127
2.850658416748047
2.7880845069885254
2.773573875427246
2.753730297088623
2.6778335571289062
2.626757860183716
2.5878069400787354
2.547602653503418
3.4139254093170166
3.3148233890533447
3.2321279048919678
3.198240280151367
3.1639323234558105
3.0915627479553223
3.0806045532226562
3.016079902648926
2.944767475128174
2.9618570804595947
3.2398622035980225
3.1901097297668457
3.0975093841552734
3.0353033542633057
2.911405086517334
2.984714984893799
2.8923451900482178
2.7891433238983154
2.735206127166748
2.709413528442383
3.4945945739746094
3.4650118350982666
3.377307891845703
3.2716848850250244
3.213837146759033
3.183431386947632
3.1642942428588867
3.103476047515869
3.0160934925079346
3.0160346031188965
3.113433361053467
3.086292266845703
3.064753532409668
2.997532844543457
2.9578018188476562
2.9530715942382812
2.8574562072753906
2.8290154933929443
2.8373239040374756
2.793745756149292
3.119175434112549
3.134695291519165
2.9961211681365967
2.984609603881836
2.9590394496917725
2.9593820571899414
2.8525540828704834
2.916592597961426
2.8236312866210938
2.791041851043701
2.746631383895874
2.635573625564575
2.5351364612579346
2.455143928527832
2.372804641723633
2.2730019092559814
2.1914737224578857
2.103774309158325
2.004472255706787
1.9460686445236206
2.0758376121520996
2.0135319232940674
1.977112054824829
1.881843090057373
1.8338009119033813
1.7682414054870605
1.7506163120269775
1.6769691705703735
1.6244348287582397
1.5724486112594604
1.976364016532898
1.9431278705596924
1.91054105758667
1.8420770168304443
1.8255025148391724
1.7405476570129395
1.700093150138855
1.6700732707977295
1.6305571794509888
1.6039493083953857
2.2135846614837646
2.1625821590423584
2.097200393676758
2.0355801582336426
1.9885343313217163
1.9562830924987793
1.8987056016921997
1.8528574705123901
1.8136513233184814
1.782133936882019
2.5366501808166504
2.507448196411133
2.431875467300415
2.3431551456451416
2.3185408115386963
2.2633056640625
2.2296018600463867
2.1889102458953857
2.1108603477478027
2.0900421142578125
2.7680230140686035
2.715001106262207
2.640317916870117
2.6107661724090576
2.5723986625671387
2.5238637924194336
2.445626735687256
2.4203522205352783
2.3603925704956055
2.303497791290283
3.046383857727051
2.9973032474517822
2.909090042114258
2.9197983741760254
2.77462100982666
2.7681820392608643
2.7124810218811035
2.665325880050659
2.629403591156006
2.5390446186065674
2.86531925201416
2.879951000213623
2.7825534343719482
2.725374221801758
2.6943325996398926
2.6366384029388428
2.5820417404174805
2.5127675533294678
2.427985668182373
2.3998639583587646
3.067405939102173
3.0231363773345947
2.899841070175171
2.8333094120025635
2.7863998413085938
2.6894659996032715
2.6341590881347656
2.5790185928344727
2.4826536178588867
2.504525661468506
1.9963003396987915
1.8904000520706177
1.8237297534942627
1.6932957172393799
1.6613999605178833
1.597682237625122
1.5396994352340698
1.4528729915618896
1.4000401496887207
1.371918797492981
1.5438132286071777
1.5132777690887451
1.4317264556884766
1.4254637956619263
1.3870247602462769
1.3494411706924438
1.3022730350494385
1.3049033880233765
1.2592267990112305
1.2801154851913452
1.4183180332183838
1.4063316583633423
1.3677157163619995
1.3554919958114624
1.3379756212234497
1.3093072175979614
1.2896583080291748
1.2731494903564453
1.2647947072982788
1.2337548732757568
1.69691002368927
1.6456644535064697
1.677170991897583
1.608053207397461
1.5848267078399658
1.568954348564148
1.5099292993545532
1.509664535522461
1.4884976148605347
1.4764461517333984
2.1380653381347656
2.0378949642181396
2.0421061515808105
2.0172886848449707
1.9773211479187012
1.9062635898590088
1.910304307937622
1.879888653755188
1.8382341861724854
1.8268429040908813
2.346660852432251
2.3259379863739014
2.281940460205078
2.2184395790100098
2.19754958152771
2.1806256771087646
2.14522647857666
2.1309280395507812
2.0760040283203125
2.0443828105926514
2.7056071758270264
2.6895296573638916
2.647960901260376
2.5642967224121094
2.562856435775757
2.5057668685913086
2.4816017150878906
2.4658315181732178
2.377619981765747
2.3695900440216064
3.036871910095215
3.0003812313079834
2.9821040630340576
2.8897268772125244
2.881934642791748
2.8551816940307617
2.7695043087005615
2.728881359100342
2.700856924057007
2.665584087371826
3.102217674255371
3.038167715072632
3.0066890716552734
2.9859700202941895
2.9262259006500244
2.8986167907714844
2.8637280464172363
2.794476270675659
2.7353577613830566
2.7182366847991943
1.7708460092544556
1.6942164897918701
1.6369380950927734
1.5654574632644653
1.5215778350830078
1.462687373161316
1.4380589723587036
1.4072699546813965
1.3542895317077637
1.3561620712280273
1.5170960426330566
1.4785327911376953
1.4468634128570557
1.3921738862991333
1.3667163848876953
1.357349157333374
1.3535187244415283
1.3110461235046387
1.2727973461151123
1.2893210649490356
1.5236120223999023
1.514372706413269
1.488853931427002
1.4833143949508667
1.4633522033691406
1.4281368255615234
1.4245656728744507
1.3661229610443115
1.3951367139816284
1.3573458194732666
1.8419777154922485
1.8514695167541504
1.811521053314209
1.7748441696166992
1.7592719793319702
1.7433470487594604
1.7121801376342773
1.7171063423156738
1.6726980209350586
1.644961953163147
2.377929449081421
2.34134840965271
2.348534107208252
2.285640239715576
2.2491343021392822
2.238473892211914
2.2169594764709473
2.1660637855529785
2.1573359966278076
2.1542444229125977
2.8821544647216797
2.824624538421631
2.8234241008758545
2.7749085426330566
2.7148349285125732
2.7119085788726807
2.661875009536743
2.591036319732666
2.6452369689941406
2.566493034362793
2.930813789367676
2.837862014770508
2.853844165802002
2.7813899517059326
2.7623274326324463
2.6679184436798096
2.65826416015625
2.610081911087036
2.601400136947632
2.5638787746429443
2.9427361488342285
2.9135637283325195
2.8688228130340576
2.7934012413024902
2.7470877170562744
2.7535929679870605
2.69332218170166
2.661168098449707
2.6256556510925293
2.592022657394409
3.1508865356445312
3.13470196723938
3.049433708190918
2.9925410747528076
3.0184166431427
2.985529661178589
2.9267184734344482
2.9355685710906982
2.8279552459716797
2.823284149169922
2.0479605197906494
1.9581390619277954
1.871376395225525
1.749306082725525
1.690634846687317
1.6254085302352905
1.569039225578308
1.4946770668029785
1.4516857862472534
1.4459888935089111
1.6537890434265137
1.5985814332962036
1.5460383892059326
1.495457649230957
1.4924652576446533
1.4166263341903687
1.3966587781906128
1.3495317697525024
1.3284980058670044
1.2741947174072266
1.6756404638290405
1.6616731882095337
1.6062302589416504
1.5546338558197021
1.4914531707763672
1.4653949737548828
1.4090263843536377
1.3987807035446167
1.3871245384216309
1.304617166519165
1.8563356399536133
1.8146461248397827
1.7834529876708984
1.6999458074569702
1.6846039295196533
1.6341032981872559
1.6053839921951294
1.5854649543762207
1.5461006164550781
1.518997073173523
2.15510892868042
2.0725607872009277
2.047490119934082
2.0053961277008057
1.9806921482086182
1.9395519495010376
1.925714135169983
1.8945833444595337
1.870885968208313
1.796093463897705
2.6385719776153564
2.5750696659088135
2.5460331439971924
2.5056262016296387
2.483229160308838
2.4264438152313232
2.379343032836914
2.3240013122558594
2.3103160858154297
2.245260715484619
2.4527881145477295
2.439274787902832
2.418292284011841
2.3581504821777344
2.299920082092285
2.2970387935638428
2.283550500869751
2.2109174728393555
2.242851972579956
2.1274099349975586
2.668682336807251
2.6026430130004883
2.5722713470458984
2.5477213859558105
2.4940571784973145
2.446969509124756
2.4212424755096436
2.426555871963501
2.3335936069488525
2.3091015815734863
2.927863359451294
2.9213335514068604
2.8885226249694824
2.7962143421173096
2.762666702270508
2.737121105194092
2.721005439758301
2.671870470046997
2.636512517929077
2.6105008125305176
1.671645164489746
1.5658314228057861
1.5227514505386353
1.4676566123962402
1.3992451429367065
1.3615299463272095
1.3023159503936768
1.260170340538025
1.2175098657608032
1.1650795936584473
1.4721534252166748
1.4230563640594482
1.3935940265655518
1.3343275785446167
1.3005868196487427
1.255171775817871
1.2172424793243408
1.1991064548492432
1.2155457735061646
1.1440948247909546
1.5376890897750854
1.5346182584762573
1.4771026372909546
1.4216933250427246
1.408528447151184
1.3772621154785156
1.3552199602127075
1.3110984563827515
1.281144618988037
1.2554813623428345
1.8799128532409668
1.8251917362213135
1.7859731912612915
1.7378036975860596
1.6772271394729614
1.6700445413589478
1.6375256776809692
1.6057988405227661
1.5214155912399292
1.4998769760131836
2.2995548248291016
2.2748477458953857
2.2414677143096924
2.1626110076904297
2.079285144805908
1.9917104244232178
1.985277771949768
1.9518686532974243
1.9275810718536377
1.8649522066116333
2.488781690597534
2.421445846557617
2.3518941402435303
2.2717878818511963
2.2561049461364746
2.190561056137085
2.127629518508911
2.0854361057281494
2.0539677143096924
2.041294813156128
2.8802340030670166
2.8172261714935303
2.763981580734253
2.74625301361084
2.6864013671875
2.611478090286255
2.5679733753204346
2.5319740772247314
2.480525016784668
2.4405853748321533
2.6808793544769287
2.644033670425415
2.565924644470215
2.5164356231689453
2.4745450019836426
2.3978545665740967
2.3582603931427
2.306311845779419
2.2857024669647217
2.2183125019073486
2.8230180740356445
2.7628378868103027
2.7363338470458984
2.6703600883483887
2.5920279026031494
2.529543876647949
2.4738354682922363
2.4057579040527344
2.358370065689087
2.3412368297576904
2.7295920848846436
2.6300275325775146
2.5355000495910645
2.458996295928955
2.3503212928771973
2.3007094860076904
2.226238489151001
2.1888844966888428
2.11423659324646
2.0404958724975586
2.159069776535034
2.0937116146087646
2.0303449630737305
1.9972058534622192
1.9532275199890137
1.8998757600784302
1.8586406707763672
1.7857239246368408
1.804057002067566
1.7488536834716797
1.9946638345718384
1.953179121017456
1.9338182210922241
1.8779913187026978
1.7964632511138916
1.7956748008728027
1.748358130455017
1.6966906785964966
1.6951687335968018
1.6227843761444092
2.1918718814849854
2.128847122192383
2.0800609588623047
2.0340330600738525
2.0077052116394043
1.9309031963348389
1.895758867263794
1.880085825920105
1.8311315774917603
1.7909811735153198
2.453815221786499
2.3979921340942383
2.3439347743988037
2.24613356590271
2.1596431732177734
2.1477067470550537
2.0597455501556396
2.039598226547241
1.9459739923477173
1.9128894805908203
2.584775686264038
2.4464774131774902
2.3973209857940674
2.320402145385742
2.2759618759155273
2.2253997325897217
2.1309478282928467
2.094430446624756
2.029370069503784
1.9618425369262695
2.828166961669922
2.7486965656280518
2.6895089149475098
2.60776686668396
2.5502161979675293
2.509735345840454
2.414461374282837
2.418731212615967
2.311838150024414
2.2867958545684814
2.7368083000183105
2.7172646522521973
2.6456329822540283
2.5867156982421875
2.545142889022827
2.5281691551208496
2.448340654373169
2.3781943321228027
2.3279576301574707
2.346776008605957
3.2180614471435547
3.1152420043945312
3.0442872047424316
2.9904322624206543
2.9419357776641846
2.906491279602051
2.8921852111816406
2.848841905593872
2.799973964691162
2.736934185028076
2.691331386566162
2.635094165802002
2.5632083415985107
2.463545799255371
2.4223382472991943
2.3912272453308105
2.3094208240509033
2.2501955032348633
2.2274131774902344
2.1399993896484375
2.3567118644714355
2.2913758754730225
2.230492353439331
2.2077438831329346
2.15216326713562
2.081223726272583
2.0124239921569824
1.9598350524902344
1.9214603900909424
1.8847826719284058
2.2710137367248535
2.205461263656616
2.1615240573883057
2.1142401695251465
2.053218364715576
2.004380702972412
1.9592839479446411
1.9060102701187134
1.864195704460144
1.8202531337738037
2.537388563156128
2.4869866371154785
2.4184179306030273
2.3459410667419434
2.2985243797302246
2.2380518913269043
2.202244520187378
2.120037317276001
2.057032346725464
2.007786273956299
2.8615429401397705
2.8013434410095215
2.7072062492370605
2.664820671081543
2.567770004272461
2.5164036750793457
2.4392950534820557
2.346189022064209
2.303274393081665
2.245209217071533
3.1041269302368164
3.01059627532959
2.9231128692626953
2.8189327716827393
2.7298471927642822
2.6389992237091064
2.542158603668213
2.494710683822632
2.4334559440612793
2.4075927734375
2.8749234676361084
2.803760051727295
2.759232759475708
2.6544840335845947
2.6618285179138184
2.5571892261505127
2.4905667304992676
2.5054824352264404
2.3953757286071777
2.354597806930542
2.6555256843566895
2.601005792617798
2.504730224609375
2.4556665420532227
2.3979837894439697
2.364896297454834
2.284330368041992
2.250375986099243
2.2093498706817627
2.1773998737335205
2.820326805114746
2.777653217315674
2.709871292114258
2.6625914573669434
2.6456875801086426
2.569040060043335
2.5256741046905518
2.4690184593200684
2.435267686843872
2.3678836822509766
1.5890231132507324
1.552034616470337
1.4907954931259155
1.4590461254119873
1.414278268814087
1.3696502447128296
1.3408480882644653
1.3179211616516113
1.2722488641738892
1.2603771686553955
1.6009405851364136
1.5631070137023926
1.5300530195236206
1.4964714050292969
1.467322826385498
1.4398162364959717
1.4406629800796509
1.3770298957824707
1.3535557985305786
1.344267725944519
1.7892322540283203
1.7777760028839111
1.7392566204071045
1.7060856819152832
1.6480919122695923
1.6385276317596436
1.590577483177185
1.5600019693374634
1.5196030139923096
1.5071852207183838
2.253370523452759
2.166024923324585
2.113318920135498
2.089421272277832
2.026128053665161
1.9462641477584839
1.9152439832687378
1.8346785306930542
1.8058431148529053
1.7331159114837646
2.4917190074920654
2.4199273586273193
2.3517839908599854
2.29368257522583
2.232006311416626
2.170154333114624
2.1273438930511475
2.0484941005706787
1.987734079360962
1.9688371419906616
2.894987106323242
2.849792718887329
2.752223253250122
2.6824331283569336
2.599680185317993
2.5574963092803955
2.461555242538452
2.42169189453125
2.359386682510376
2.319744348526001
2.6414265632629395
2.6100103855133057
2.5411300659179688
2.5039820671081543
2.433051109313965
2.405174732208252
2.365760564804077
2.3140342235565186
2.2777483463287354
2.2321937084198
2.962531805038452
2.8835690021514893
2.87410569190979
2.7754456996917725
2.78385329246521
2.705913543701172
2.6613001823425293
2.6113431453704834
2.55586838722229
2.5394129753112793
3.0570430755615234
3.046919107437134
3.0189898014068604
2.940828323364258
2.8851876258850098
2.8474559783935547
2.8148250579833984
2.7488479614257812
2.7686569690704346
2.720581293106079
1.3098187446594238
1.2753450870513916
1.2567203044891357
1.211126446723938
1.174908995628357
1.1472554206848145
1.1080799102783203
1.1116195917129517
1.0517791509628296
1.0243747234344482
1.3542509078979492
1.3445426225662231
1.311360239982605
1.2693322896957397
1.2646883726119995
1.2203177213668823
1.2050654888153076
1.170148253440857
1.1406641006469727
1.1483819484710693
1.5073705911636353
1.4608498811721802
1.417020559310913
1.4344396591186523
1.398800015449524
1.3761202096939087
1.3698620796203613
1.345934510231018
1.3099987506866455
1.2914873361587524
1.7956489324569702
1.7589460611343384
1.7315512895584106
1.6817514896392822
1.6774590015411377
1.6388640403747559
1.6210442781448364
1.5848370790481567
1.5663394927978516
1.5357866287231445
2.2977523803710938
2.2168192863464355
2.1805803775787354
2.1287894248962402
2.0975093841552734
2.0538671016693115
1.9929851293563843
1.988267183303833
1.9312770366668701
1.9063103199005127
2.695814371109009
2.6405532360076904
2.561084508895874
2.5171327590942383
2.4623045921325684
2.4116051197052
2.3379764556884766
2.3109230995178223
2.256598711013794
2.2024827003479004
2.827625036239624
2.7632176876068115
2.6856648921966553
2.6651031970977783
2.6038782596588135
2.5429911613464355
2.5421862602233887
2.445647954940796
2.452430248260498
2.4033963680267334
3.004042148590088
2.883345127105713
2.856609582901001
2.8080434799194336
2.7873294353485107
2.6839613914489746
2.631190776824951
2.649601459503174
2.5644211769104004
2.5310921669006348
2.8735649585723877
2.7829928398132324
2.7261264324188232
2.6986560821533203
2.647568464279175
2.592719554901123
2.5742452144622803
2.4909300804138184
2.4501712322235107
2.4324169158935547
0.9169970750808716
0.8577703833580017
0.840166449546814
0.7923035025596619
0.7867133617401123
0.746580958366394
0.7220214605331421
0.7002426385879517
0.6933689117431641
0.6651263236999512
1.1283302307128906
1.1162259578704834
1.0785913467407227
1.07078218460083
1.0110613107681274
0.9788379669189453
0.9913241863250732
0.9694021940231323
0.9276024103164673
0.9371491074562073
1.4858219623565674
1.4650360345840454
1.4305869340896606
1.3933323621749878
1.3897111415863037
1.3458976745605469
1.3160793781280518
1.3171051740646362
1.2508766651153564
1.250083565711975
1.9762451648712158
1.9377014636993408
1.9211196899414062
1.8501567840576172
1.8366929292678833
1.8069050312042236
1.7668402194976807
1.726406216621399
1.7106684446334839
1.6589324474334717
2.6114189624786377
2.510801076889038
2.514702081680298
2.454251527786255
2.385955333709717
2.3525538444519043
2.3020858764648438
2.2768285274505615
2.22331166267395
2.201019048690796
2.6675429344177246
2.6564557552337646
2.5898334980010986
2.5511395931243896
2.481980323791504
2.4970717430114746
2.4367098808288574
2.4144961833953857
2.399411201477051
2.378214120864868
2.9863171577453613
2.9032740592956543
2.8770177364349365
2.8432908058166504
2.8110849857330322
2.796891689300537
2.730834722518921
2.7288899421691895
2.7002971172332764
2.6510009765625
2.595492362976074
2.6006486415863037
2.544034957885742
2.522035837173462
2.489117383956909
2.424961805343628
2.415116548538208
2.363008737564087
2.3500008583068848
2.2880935668945312
3.249377489089966
3.177013397216797
3.138043165206909
3.1426827907562256
3.0485761165618896
3.041459560394287
2.9820830821990967
2.993478775024414
2.918825387954712
2.864914894104004
1.6519826650619507
1.5947223901748657
1.5317416191101074
1.49632728099823
1.4312149286270142
1.3805588483810425
1.3703653812408447
1.3084696531295776
1.2929342985153198
1.2589004039764404
1.4743596315383911
1.4648072719573975
1.4322363138198853
1.3921202421188354
1.3774696588516235
1.3250102996826172
1.307347297668457
1.2915314435958862
1.2643870115280151
1.2450209856033325
1.600396752357483
1.5589287281036377
1.544278860092163
1.495381474494934
1.4714120626449585
1.4684423208236694
1.4368183612823486
1.4129040241241455
1.3895671367645264
1.3898534774780273
1.9979339838027954
1.9623403549194336
1.9290894269943237
1.8778687715530396
1.8859810829162598
1.8282793760299683
1.7928327322006226
1.7855738401412964
1.7808611392974854
1.7673304080963135
2.5984017848968506
2.5782577991485596
2.4890754222869873
2.4638843536376953
2.4373056888580322
2.3939216136932373
2.3518590927124023
2.3055636882781982
2.28202748298645
2.251401901245117
2.912838935852051
2.8543717861175537
2.7805075645446777
2.7263734340667725
2.7376279830932617
2.671138286590576
2.6255223751068115
2.58486008644104
2.5752575397491455
2.490989923477173
2.8209497928619385
2.781451940536499
2.7429730892181396
2.6810669898986816
2.649578332901001
2.60356068611145
2.550410270690918
2.5146572589874268
2.491269111633301
2.446707010269165
3.0300815105438232
2.9885876178741455
2.912006139755249
2.9028351306915283
2.873368501663208
2.8254146575927734
2.78466796875
2.756124258041382
2.712061643600464
2.688650131225586
2.886849880218506
2.8145246505737305
2.8221325874328613
2.77361798286438
2.7364983558654785
2.713738203048706
2.674730062484741
2.6377484798431396
2.6166014671325684
2.5668933391571045
1.5358959436416626
1.4569611549377441
1.3854022026062012
1.3182791471481323
1.2613716125488281
1.1887959241867065
1.1522793769836426
1.1128968000411987
1.0531631708145142
1.0097514390945435
1.3780529499053955
1.320307731628418
1.271068811416626
1.2449299097061157
1.203695297241211
1.1732397079467773
1.139033555984497
1.1135876178741455
1.0725516080856323
1.0525590181350708
1.5218693017959595
1.4883525371551514
1.4385496377944946
1.4155898094177246
1.3856451511383057
1.3546231985092163
1.3140300512313843
1.2916409969329834
1.2962374687194824
1.2829450368881226
2.0583043098449707
1.9935752153396606
1.9260414838790894
1.9154279232025146
1.8512259721755981
1.8068171739578247
1.7660337686538696
1.75608229637146
1.715611219406128
1.6793724298477173
2.561755657196045
2.511115789413452
2.4644296169281006
2.4115684032440186
2.364478349685669
2.3307688236236572
2.257441282272339
2.184380054473877
2.164283275604248
2.1234757900238037
2.6418957710266113
2.6158673763275146
2.590578079223633
2.5068657398223877
2.4794602394104004
2.4081616401672363
2.3514113426208496
2.3272006511688232
2.3040761947631836
2.2488813400268555
2.795435905456543
2.7823493480682373
2.7021806240081787
2.6257994174957275
2.6170012950897217
2.5633249282836914
2.5072765350341797
2.499565839767456
2.4908158779144287
2.3846945762634277
2.89595365524292
2.8881914615631104
2.872363328933716
2.818474292755127
2.7960028648376465
2.7274651527404785
2.7087650299072266
2.658820867538452
2.6196610927581787
2.605023145675659
3.2524309158325195
3.26068377494812
3.1982338428497314
3.1721181869506836
3.1093342304229736
3.1111900806427
3.0630671977996826
3.0601518154144287
2.993180751800537
2.9732701778411865
2.0355615615844727
1.9834814071655273
1.9380003213882446
1.8652654886245728
1.8234783411026
1.7809147834777832
1.730486273765564
1.6778630018234253
1.6285542249679565
1.5874685049057007
1.8649137020111084
1.8011505603790283
1.7772194147109985
1.70437753200531
1.673044204711914
1.6431968212127686
1.5799015760421753
1.5698474645614624
1.5268148183822632
1.5022451877593994
1.8749990463256836
1.81386399269104
1.805184245109558
1.744814395904541
1.7088979482650757
1.7023358345031738
1.6616971492767334
1.6346980333328247
1.598511815071106
1.570267677307129
2.159672260284424
2.1248855590820312
2.0696499347686768
2.040069818496704
1.9995601177215576
2.002669095993042
1.9433436393737793
1.9356261491775513
1.8713338375091553
1.8787622451782227
2.608649253845215
2.561885118484497
2.5194993019104004
2.4697680473327637
2.4787707328796387
2.404759645462036
2.3662140369415283
2.3266732692718506
2.3046023845672607
2.2378406524658203
3.1276278495788574
3.0567286014556885
3.0568599700927734
2.9985578060150146
2.957902193069458
2.9120967388153076
2.813035488128662
2.8172616958618164
2.7646255493164062
2.7321205139160156
3.484215497970581
3.4307515621185303
3.3494603633880615
3.303105115890503
3.2495126724243164
3.2110350131988525
3.1749351024627686
3.1619033813476562
3.05202054977417
3.0400538444519043
3.167001247406006
3.1424107551574707
3.0617029666900635
3.0384488105773926
3.0355288982391357
2.9888052940368652
3.008105754852295
2.885911703109741
2.8945508003234863
2.843353748321533
3.115915536880493
3.067876100540161
3.0336978435516357
3.0268027782440186
2.9524729251861572
2.900756359100342
2.9051287174224854
2.8711142539978027
2.875246524810791
2.7896347045898438
2.618386745452881
2.560523271560669
2.468790054321289
2.395360231399536
2.315061330795288
2.266012668609619
2.193722724914551
2.148906946182251
2.095304489135742
2.0254132747650146
2.1101632118225098
2.044419765472412
1.9939279556274414
1.9410232305526733
1.9117199182510376
1.8879063129425049
1.8354978561401367
1.7907404899597168
1.7615102529525757
1.7199336290359497
1.9332994222640991
1.902860164642334
1.8707307577133179
1.845892310142517
1.812902808189392
1.7669204473495483
1.7272920608520508
1.6863932609558105
1.678117275238037
1.625632405281067
2.1382312774658203
2.1053426265716553
2.0488054752349854
1.9799671173095703
1.967333197593689
1.9241998195648193
1.8917418718338013
1.8626190423965454
1.8159565925598145
1.7610080242156982
2.36980938911438
2.291989803314209
2.2899482250213623
2.2193095684051514
2.1681466102600098
2.1377530097961426
2.082756280899048
2.064492702484131
1.9845530986785889
1.9609103202819824
2.7731473445892334
2.6968326568603516
2.638148069381714
2.573427438735962
2.5062761306762695
2.4477105140686035
2.4522042274475098
2.368712902069092
2.3235275745391846
2.281078338623047
2.8463096618652344
2.797349691390991
2.7505500316619873
2.6889772415161133
2.685194730758667
2.586829423904419
2.5496885776519775
2.4989192485809326
2.4840807914733887
2.429064989089966
3.212833881378174
3.116994857788086
3.102842092514038
3.0601158142089844
3.0187180042266846
2.9862606525421143
2.9067325592041016
2.870601177215576
2.8562872409820557
2.807161331176758
2.7452688217163086
2.6748766899108887
2.6351711750030518
2.6243016719818115
2.6089234352111816
2.5608274936676025
2.5303802490234375
2.5181527137756348
2.5013062953948975
2.490295648574829
1.5648510456085205
1.486228108406067
1.4132498502731323
1.3544496297836304
1.3367918729782104
1.261866807937622
1.213491439819336
1.2093995809555054
1.1457853317260742
1.115910530090332
1.349516749382019
1.295565128326416
1.271817684173584
1.2500708103179932
1.251400351524353
1.2100446224212646
1.2009928226470947
1.159311056137085
1.1359989643096924
1.1100378036499023
1.4910553693771362
1.4583005905151367
1.3983980417251587
1.3902286291122437
1.3958568572998047
1.3713295459747314
1.3196073770523071
1.287109136581421
1.2855674028396606
1.2558530569076538
1.7834389209747314
1.7791897058486938
1.7362807989120483
1.6876773834228516
1.6422468423843384
1.6521860361099243
1.631965160369873
1.5960806608200073
1.561721920967102
1.517409086227417
2.3400230407714844
2.283526659011841
2.2526679039001465
2.193319797515869
2.1545631885528564
2.077439069747925
2.084745168685913
2.0270884037017822
1.9945985078811646
1.9537298679351807
2.831170082092285
2.763256549835205
2.7982540130615234
2.7046170234680176
2.6815998554229736
2.6207971572875977
2.5541799068450928
2.5639944076538086
2.5286247730255127
2.4984371662139893
3.027390480041504
2.919642686843872
2.8850319385528564
2.8854408264160156
2.833604097366333
2.7855770587921143
2.766963481903076
2.696995973587036
2.666172981262207
2.698254108428955
2.9156503677368164
2.871922492980957
2.8342092037200928
2.774077892303467
2.7085506916046143
2.709197759628296
2.616109609603882
2.615997791290283
2.5743699073791504
2.558938503265381
2.9907634258270264
2.9334332942962646
2.8803067207336426
2.855947732925415
2.7540135383605957
2.758571147918701
2.6994175910949707
2.657144546508789
2.611133575439453
2.601045608520508
