4.040424346923828
4.02860164642334
4.031309604644775
4.040048122406006
4.042717933654785
4.042818069458008
4.038730144500732
4.040130615234375
4.047468185424805
4.0345001220703125
4.052521228790283
4.0425705909729
4.049734115600586
4.0521464347839355
4.033361911773682
4.045943260192871
4.054953575134277
4.041141033172607
4.038449764251709
4.040515422821045
4.038003921508789
4.023148536682129
4.027843475341797
4.036590099334717
4.030072212219238
4.037830352783203
4.041833400726318
4.023988246917725
4.0294318199157715
4.036437034606934
3.9887490272521973
3.985994338989258
3.993408441543579
3.9795870780944824
3.9920706748962402
3.984525442123413
3.983381509780884
3.9799273014068604
3.9859776496887207
3.9959473609924316
4.003355979919434
4.001728057861328
3.996856689453125
3.9949517250061035
3.9865734577178955
3.995037317276001
3.9889063835144043
3.9869251251220703
4.0041069984436035
3.9989302158355713
4.006443500518799
4.007715225219727
4.011200428009033
3.988304615020752
4.005895137786865
4.012319087982178
4.003552436828613
4.005672454833984
4.003504753112793
4.010618686676025
3.9988207817077637
4.007004261016846
4.005441188812256
4.005377292633057
3.99458646774292
4.001315593719482
4.005403518676758
3.992934226989746
4.00169038772583
4.002840995788574
4.003628253936768
3.9973268508911133
4.000833511352539
4.013899803161621
4.001293659210205
3.998077869415283
3.99523663520813
4.016157627105713
4.005659580230713
3.9963717460632324
4.025257110595703
4.037432670593262
4.0336503982543945
4.0332136154174805
4.039334297180176
4.032853126525879
4.032942295074463
4.032834529876709
4.035656452178955
4.036642074584961
3.6559367179870605
3.6734232902526855
3.657386541366577
3.640537738800049
3.63683819770813
3.626926898956299
3.6426661014556885
3.6308743953704834
3.646559238433838
3.636444091796875
3.6511144638061523
3.6476094722747803
3.66849946975708
3.6968157291412354
3.6518354415893555
3.660407066345215
3.669536828994751
3.6330370903015137
3.6497035026550293
3.6619081497192383
3.6533007621765137
3.6777801513671875
3.6565630435943604
3.6689016819000244
3.6642708778381348
3.6585144996643066
3.6606545448303223
3.629856586456299
3.6386423110961914
3.6667513847351074
3.5986809730529785
3.625532388687134
3.6085610389709473
3.5926647186279297
3.6222214698791504
3.5935347080230713
3.597670555114746
3.6038124561309814
3.5743000507354736
3.5831611156463623
3.641286611557007
3.6095023155212402
3.6199612617492676
3.6298532485961914
3.614488124847412
3.6117758750915527
3.6070010662078857
3.602034568786621
3.612151622772217
3.590824842453003
3.605272054672241
3.60817289352417
3.6247684955596924
3.6249337196350098
3.6341607570648193
3.6295166015625
3.589057445526123
3.6141834259033203
3.597308874130249
3.5988214015960693
3.6899704933166504
3.682407855987549
3.688951015472412
3.6682136058807373
3.648737668991089
3.7158472537994385
3.7108397483825684
3.659658908843994
3.7166693210601807
3.6744673252105713
3.7805840969085693
3.77658748626709
3.774245023727417
3.7610068321228027
3.7713873386383057
3.7596826553344727
3.7485549449920654
3.7468700408935547
3.7541518211364746
3.7605347633361816
3.8945515155792236
3.9051477909088135
3.8814315795898438
3.8642725944519043
3.8695003986358643
3.868476629257202
3.8609871864318848
3.873286724090576
3.869478225708008
3.871683120727539
2.6356146335601807
2.6076645851135254
2.5442588329315186
2.568930149078369
2.5288636684417725
2.574962615966797
2.4464516639709473
2.5151565074920654
2.551978349685669
2.5376598834991455
2.503009557723999
2.469956636428833
2.4579970836639404
2.4592411518096924
2.4203453063964844
2.407144784927368
2.4456756114959717
2.4101784229278564
2.3535709381103516
2.385035514831543
2.5733706951141357
2.4970028400421143
2.5265021324157715
2.427124261856079
2.4318387508392334
2.430371046066284
2.419851779937744
2.4029407501220703
2.435638189315796
2.3987929821014404
2.547067165374756
2.6104023456573486
2.5156326293945312
2.516845464706421
2.5255539417266846
2.4630138874053955
2.4691526889801025
2.4667510986328125
2.477142095565796
2.4391138553619385
2.781776189804077
2.7992751598358154
2.744673728942871
2.728590965270996
2.7597525119781494
2.6785078048706055
2.721203565597534
2.6395163536071777
2.6628036499023438
2.7059502601623535
2.824493408203125
2.85286283493042
2.78037428855896
2.7696497440338135
2.7827813625335693
2.8105931282043457
2.7296998500823975
2.710029363632202
2.8086256980895996
2.7188022136688232
3.0416479110717773
2.973327398300171
3.007457971572876
2.9009549617767334
2.9074580669403076
2.8457932472229004
2.9061994552612305
2.8678910732269287
2.8994734287261963
2.841892719268799
3.2074193954467773
3.19339656829834
3.159428119659424
3.1630795001983643
3.1088078022003174
3.108447790145874
3.0758070945739746
3.1314167976379395
3.036770820617676
3.064253568649292
3.344515323638916
3.2658872604370117
3.3398633003234863
3.2756688594818115
3.2511837482452393
3.2858808040618896
3.2562179565429688
3.294560194015503
3.198749303817749
3.278092622756958
2.0582821369171143
2.059459686279297
2.067612648010254
1.983251690864563
1.9683678150177002
1.9338228702545166
1.9689997434616089
1.9764071702957153
1.9564303159713745
1.9197063446044922
2.1353466510772705
2.1086323261260986
2.098644256591797
2.0696921348571777
2.1530094146728516
2.0544662475585938
2.0863006114959717
2.059319496154785
2.09230375289917
2.0474302768707275
2.3020150661468506
2.252169132232666
2.2635579109191895
2.267688512802124
2.2982590198516846
2.231825590133667
2.250422716140747
2.229365348815918
2.2440567016601562
2.250519037246704
2.4370415210723877
2.4212803840637207
2.456951141357422
2.4250431060791016
2.369596481323242
2.3448405265808105
2.4024062156677246
2.3936057090759277
2.3894028663635254
2.3387551307678223
2.6846632957458496
2.720076084136963
2.660097599029541
2.718036651611328
2.6251680850982666
2.701270818710327
2.6858911514282227
2.6993839740753174
2.6253578662872314
2.5998382568359375
3.069597005844116
3.0268466472625732
3.032186269760132
3.0523815155029297
3.068617343902588
3.002779245376587
3.049999952316284
3.027585029602051
2.971348524093628
2.9418818950653076
3.422725200653076
3.4511842727661133
3.3553712368011475
3.3900046348571777
3.3598904609680176
3.342449188232422
3.4100396633148193
3.3294684886932373
3.339395761489868
3.307858467102051
3.2499001026153564
3.181804895401001
3.1339125633239746
3.1895272731781006
3.1199517250061035
3.1079957485198975
3.120755910873413
3.0974228382110596
3.0092926025390625
3.1031126976013184
3.3177576065063477
3.2620551586151123
3.3194150924682617
3.300273895263672
3.322406768798828
3.2182459831237793
3.2248048782348633
3.1910083293914795
3.285823106765747
3.2063887119293213
1.7544773817062378
1.7493879795074463
1.7712942361831665
1.7601709365844727
1.7241771221160889
1.7277504205703735
1.676468849182129
1.7131857872009277
1.691577434539795
1.704954981803894
1.8528465032577515
1.8542978763580322
1.8524740934371948
1.8046926259994507
1.8185806274414062
1.8242555856704712
1.824197769165039
1.8006702661514282
1.7683095932006836
1.7651598453521729
2.1189372539520264
2.1140596866607666
2.1087088584899902
2.09519100189209
2.073601722717285
2.0704779624938965
2.0582358837127686
2.0464539527893066
2.033970355987549
2.006507635116577
2.4550225734710693
2.5199832916259766
2.4570281505584717
2.4570157527923584
2.464900493621826
2.492795944213867
2.4315295219421387
2.3743820190429688
2.3550946712493896
2.4295120239257812
2.9356436729431152
2.9158689975738525
2.936434030532837
2.9129741191864014
2.8804256916046143
2.836418628692627
2.8880720138549805
2.808000087738037
2.8677492141723633
2.82047963142395
3.013965606689453
2.9886889457702637
2.9969022274017334
2.9746036529541016
2.928495407104492
2.922438144683838
2.92996883392334
2.9112110137939453
2.895446300506592
2.8676931858062744
2.861337184906006
2.8337910175323486
2.782851219177246
2.781829833984375
2.7317237854003906
2.727271318435669
2.685215473175049
2.7046685218811035
2.669947862625122
2.6870288848876953
3.0803465843200684
3.0984647274017334
3.0174126625061035
3.066174268722534
2.9925594329833984
3.0114998817443848
3.010233163833618
2.985487461090088
2.9683470726013184
2.9217066764831543
3.529940366744995
3.528031587600708
3.511064291000366
3.4247381687164307
3.496230125427246
3.4119725227355957
3.440701723098755
3.4390275478363037
3.3858494758605957
3.3568801879882812
1.5501785278320312
1.5681830644607544
1.547972559928894
1.5138909816741943
1.5166006088256836
1.4975167512893677
1.4818446636199951
1.460935354232788
1.4673309326171875
1.4416590929031372
1.7327340841293335
1.6580755710601807
1.6910409927368164
1.6999818086624146
1.6406551599502563
1.686353325843811
1.6478224992752075
1.6559956073760986
1.6446422338485718
1.655456304550171
1.9329701662063599
1.978238821029663
1.9334467649459839
1.9176563024520874
1.9330265522003174
1.9202508926391602
1.925640344619751
1.9137781858444214
1.8380156755447388
1.8524534702301025
2.3471925258636475
2.361788034439087
2.286860227584839
2.307011365890503
2.2882394790649414
2.3107247352600098
2.25722599029541
2.25708270072937
2.274989604949951
2.2167043685913086
2.918757915496826
2.871814250946045
2.8393986225128174
2.872953176498413
2.8099205493927
2.785212755203247
2.7690205574035645
2.769629955291748
2.709804058074951
2.7691597938537598
2.8914546966552734
2.8169450759887695
2.8303418159484863
2.8186354637145996
2.7601964473724365
2.7579498291015625
2.7685632705688477
2.7223050594329834
2.74564266204834
2.719909429550171
3.18406343460083
3.166285276412964
3.089966297149658
3.073741912841797
3.1323037147521973
3.106616258621216
3.087494134902954
3.0874509811401367
3.0293638706207275
3.018977165222168
3.1362826824188232
3.1005876064300537
3.061737298965454
3.114072322845459
3.0725414752960205
2.9932968616485596
2.973477602005005
2.974522113800049
2.973022937774658
2.9374194145202637
3.1736602783203125
3.179377555847168
3.244515895843506
3.147465229034424
3.066965341567993
3.201664924621582
3.077704429626465
3.068559169769287
3.0486648082733154
3.0754075050354004
2.210177183151245
2.237070322036743
2.1938884258270264
2.1577699184417725
2.1156506538391113
2.1232922077178955
2.1205873489379883
2.089832305908203
2.104846715927124
2.0666043758392334
2.2504477500915527
2.231168031692505
2.180776596069336
2.219724416732788
2.259836435317993
2.1928720474243164
2.1404972076416016
2.1611311435699463
2.087571144104004
2.141284704208374
2.3891093730926514
2.2851712703704834
2.2707455158233643
2.2752275466918945
2.300276041030884
2.2418994903564453
2.3283634185791016
2.2582523822784424
2.233088970184326
2.2363908290863037
2.54386305809021
2.5049047470092773
2.4908394813537598
2.572117567062378
2.522491931915283
2.4584364891052246
2.4395971298217773
2.408257484436035
2.429849147796631
2.415947914123535
2.862149715423584
2.8316431045532227
2.8363327980041504
2.771054267883301
2.8127970695495605
2.7489616870880127
2.693722724914551
2.745678424835205
2.7225468158721924
2.7260475158691406
3.01593279838562
3.0468101501464844
3.0389297008514404
3.06262469291687
2.9993932247161865
2.8931987285614014
2.9353506565093994
2.9820897579193115
2.8591537475585938
2.8783507347106934
3.1455657482147217
3.2019917964935303
3.138850450515747
3.1171648502349854
3.0646567344665527
3.140143632888794
3.0338127613067627
3.081840991973877
3.0663740634918213
3.0616071224212646
3.2689671516418457
3.2311079502105713
3.1909642219543457
3.171689748764038
3.1541430950164795
3.138620615005493
3.1424951553344727
3.0698258876800537
3.0801336765289307
3.0402066707611084
3.69671893119812
3.704641342163086
3.594318389892578
3.668837070465088
3.6623969078063965
3.579710006713867
3.570650100708008
3.5776994228363037
3.5768425464630127
3.503586769104004
3.1144981384277344
3.033194065093994
3.018512725830078
3.00834059715271
2.9257168769836426
2.9425299167633057
2.931378126144409
2.8754847049713135
2.7840099334716797
2.800973653793335
2.968240737915039
2.8923556804656982
2.8431506156921387
2.7981200218200684
2.792804479598999
2.762502431869507
2.7746410369873047
2.697856903076172
2.701246500015259
2.6674580574035645
2.8972249031066895
2.8640787601470947
2.7850639820098877
2.7969884872436523
2.718067169189453
2.7372934818267822
2.726569414138794
2.7250819206237793
2.653641939163208
2.6553843021392822
2.924950122833252
2.9238085746765137
2.8689825534820557
2.8344311714172363
2.842318296432495
2.7222394943237305
2.7711455821990967
2.7533140182495117
2.6879029273986816
2.6542038917541504
3.280402421951294
3.2088606357574463
3.233428478240967
3.108544111251831
3.0861947536468506
3.061291217803955
3.019040822982788
2.9685566425323486
2.984290361404419
2.912039279937744
3.140993118286133
3.189807415008545
3.078354597091675
3.071336269378662
2.9836668968200684
3.0260183811187744
2.9292171001434326
2.8494651317596436
2.9096076488494873
2.8179874420166016
3.346985340118408
3.378469228744507
3.3633735179901123
3.254812240600586
3.278226852416992
3.1827611923217773
3.2006123065948486
3.1867096424102783
3.172990560531616
3.1515049934387207
3.1633834838867188
3.0855512619018555
3.0755603313446045
3.0630571842193604
2.9490349292755127
2.9718542098999023
2.9582691192626953
2.951509714126587
2.8243861198425293
2.8119750022888184
3.2057251930236816
3.118306875228882
3.114731788635254
3.0613484382629395
3.0474183559417725
2.936404228210449
2.9057676792144775
2.9216294288635254
2.9132511615753174
2.8402719497680664
2.89516019821167
2.8238279819488525
2.7920539379119873
2.8058998584747314
2.7672038078308105
2.714254856109619
2.6507248878479004
2.6491615772247314
2.5928497314453125
2.5444653034210205
2.684145927429199
2.6293609142303467
2.601628541946411
2.5608069896698
2.5381240844726562
2.5248217582702637
2.50323748588562
2.4789347648620605
2.4385201930999756
2.3651247024536133
2.480879306793213
2.4899120330810547
2.434732437133789
2.4125871658325195
2.3506782054901123
2.37408447265625
2.336880683898926
2.350839614868164
2.3069469928741455
2.31852650642395
2.6453847885131836
2.62162184715271
2.5502195358276367
2.5182785987854004
2.530937433242798
2.5104005336761475
2.510289430618286
2.472726345062256
2.460268259048462
2.458469867706299
2.703972816467285
2.698723316192627
2.6748833656311035
2.6460275650024414
2.6276679039001465
2.6389222145080566
2.6078052520751953
2.592916965484619
2.5300145149230957
2.539337635040283
3.0406248569488525
2.9851064682006836
2.9362196922302246
2.9285664558410645
2.906665802001953
2.893747568130493
2.8453779220581055
2.894834518432617
2.7919070720672607
2.8195323944091797
2.9746110439300537
2.959397792816162
2.9578793048858643
2.8945693969726562
2.910186529159546
2.8743398189544678
2.8292722702026367
2.8436994552612305
2.8270480632781982
2.825244665145874
3.3088126182556152
3.3048183917999268
3.2795777320861816
3.2512166500091553
3.2367429733276367
3.1577091217041016
3.1617894172668457
3.152667284011841
3.1372408866882324
3.0721046924591064
3.3582887649536133
3.3548145294189453
3.4167282581329346
3.3477835655212402
3.2987515926361084
3.302777051925659
3.290412425994873
3.2504494190216064
3.2604329586029053
3.2307302951812744
2.9099698066711426
2.884633779525757
2.809119701385498
2.8240396976470947
2.767059803009033
2.685134172439575
2.626455545425415
2.6344962120056152
2.5675034523010254
2.6222176551818848
2.6899430751800537
2.645925521850586
2.6216676235198975
2.581099510192871
2.569748878479004
2.5558948516845703
2.546633005142212
2.4747469425201416
2.4493651390075684
2.40468430519104
2.601323127746582
2.6326160430908203
2.5750980377197266
2.560821533203125
2.5544660091400146
2.544259548187256
2.505526065826416
2.484417676925659
2.4624838829040527
2.423919916152954
2.8621790409088135
2.8757107257843018
2.801781177520752
2.8110220432281494
2.7691521644592285
2.775129556655884
2.67637300491333
2.6703906059265137
2.6335501670837402
2.6480939388275146
2.9928107261657715
2.9724907875061035
2.8635761737823486
2.9298880100250244
2.8782923221588135
2.834636688232422
2.742644786834717
2.774630069732666
2.755389928817749
2.7454335689544678
3.2414612770080566
3.1948704719543457
3.1409714221954346
3.1567347049713135
3.1107795238494873
3.070613145828247
3.063960075378418
3.0085432529449463
2.9886398315429688
2.9334726333618164
3.2765586376190186
3.2237486839294434
3.2030413150787354
3.117382764816284
3.1105287075042725
3.062411069869995
3.036562919616699
3.013545274734497
3.0108697414398193
2.944699287414551
3.2051351070404053
3.1138341426849365
3.0613174438476562
3.088240623474121
3.0180306434631348
3.004084587097168
3.0209338665008545
2.9923269748687744
2.9706790447235107
2.8910555839538574
3.2959368228912354
3.2887580394744873
3.236309766769409
3.2399723529815674
3.196105718612671
3.150412082672119
3.16506290435791
3.0814082622528076
3.054347276687622
3.0809319019317627
3.1708991527557373
3.1196131706237793
3.0314245223999023
3.0392801761627197
3.0179169178009033
2.9287266731262207
2.8879125118255615
2.8972952365875244
2.856942653656006
2.8001210689544678
2.8463079929351807
2.825972557067871
2.8182826042175293
2.762985944747925
2.7169899940490723
2.7026314735412598
2.6197497844696045
2.6436619758605957
2.6248509883880615
2.611762523651123
2.818513870239258
2.778102397918701
2.7178781032562256
2.738771438598633
2.686830997467041
2.6650757789611816
2.639453411102295
2.5536141395568848
2.576847553253174
2.5145668983459473
2.9536609649658203
2.9516477584838867
2.886436939239502
2.874081611633301
2.80072283744812
2.7962234020233154
2.769772529602051
2.748281717300415
2.698021650314331
2.7421164512634277
3.2242043018341064
3.176111936569214
3.1862592697143555
3.118980884552002
3.057788133621216
2.989717960357666
2.988088607788086
2.9188756942749023
2.8918981552124023
2.832602024078369
2.935558795928955
3.0028278827667236
2.917010545730591
2.8699638843536377
2.817122459411621
2.777756929397583
2.7739152908325195
2.751859426498413
2.693495512008667
2.6615662574768066
3.1551527976989746
3.075826406478882
3.1352813243865967
3.090116500854492
3.004074811935425
3.039933681488037
2.9468557834625244
2.9722352027893066
2.9413044452667236
2.9407126903533936
3.537191867828369
3.4735615253448486
3.440403699874878
3.4962079524993896
3.4260480403900146
3.358217716217041
3.3603484630584717
3.2729318141937256
3.3003311157226562
3.169611930847168
3.3691658973693848
3.393836498260498
3.26851224899292
3.335561752319336
3.2825393676757812
3.2638721466064453
3.1683919429779053
3.1890246868133545
3.1624326705932617
3.166778326034546
2.327848434448242
2.293053150177002
2.298832654953003
2.238250255584717
2.190577983856201
2.1312737464904785
2.117027759552002
2.1386406421661377
2.08687162399292
2.1036086082458496
2.1007628440856934
2.1282520294189453
2.0884523391723633
2.067434549331665
2.045039176940918
2.016493320465088
2.014464855194092
1.9932204484939575
2.024958610534668
1.9701528549194336
2.2008893489837646
2.180741310119629
2.156033992767334
2.1310946941375732
2.0857620239257812
2.1147561073303223
2.0607454776763916
2.0632476806640625
2.035954475402832
2.057565927505493
2.4020912647247314
2.3644614219665527
2.4063713550567627
2.3507652282714844
2.357191801071167
2.3022003173828125
2.338322639465332
2.2913267612457275
2.300605535507202
2.247958183288574
2.9128265380859375
2.9205024242401123
2.8945956230163574
2.8461809158325195
2.790616035461426
2.8474130630493164
2.8455395698547363
2.773855209350586
2.7967171669006348
2.746858596801758
3.3806538581848145
3.3297691345214844
3.228419303894043
3.352834463119507
3.251279354095459
3.2198486328125
3.1894478797912598
3.1652798652648926
3.139538049697876
3.140380382537842
3.2001824378967285
3.175758123397827
3.1690709590911865
3.0975780487060547
3.066107749938965
3.1053686141967773
3.036302089691162
2.9837450981140137
2.9830269813537598
2.9489996433258057
3.473743438720703
3.482908010482788
3.4816343784332275
3.385854959487915
3.388808012008667
3.3591079711914062
3.3668041229248047
3.347785234451294
3.305793523788452
3.2855021953582764
3.473883628845215
3.4027016162872314
3.4287915229797363
3.410128116607666
3.2990822792053223
3.3782081604003906
3.2929182052612305
3.262558698654175
3.2769992351531982
3.2711596488952637
3.6848955154418945
3.6172196865081787
3.495176315307617
3.4529285430908203
3.4221317768096924
3.318349838256836
3.208726167678833
3.1525044441223145
3.1009998321533203
3.0779521465301514
3.0940682888031006
3.0438296794891357
3.018693447113037
2.899517774581909
2.8606791496276855
2.791032552719116
2.7738637924194336
2.7133145332336426
2.672799587249756
2.610215902328491
2.728193998336792
2.67897891998291
2.6648361682891846
2.5966036319732666
2.5867342948913574
2.4803600311279297
2.4707560539245605
2.372248411178589
2.3929991722106934
2.3276336193084717
2.7080681324005127
2.68398380279541
2.578965663909912
2.6021859645843506
2.5580461025238037
2.481942653656006
2.4351508617401123
2.3687357902526855
2.3711118698120117
2.30112624168396
3.0407793521881104
3.0342037677764893
2.9786133766174316
2.9152305126190186
2.8744723796844482
2.839965581893921
2.7871804237365723
2.7388689517974854
2.662137031555176
2.6758675575256348
3.0568525791168213
3.0315892696380615
2.972957134246826
2.899303436279297
2.832280397415161
2.802206516265869
2.7808403968811035
2.7478530406951904
2.6586813926696777
2.6541099548339844
3.0526771545410156
2.992119312286377
2.916743040084839
2.834458351135254
2.83012056350708
2.8089001178741455
2.730828046798706
2.702101707458496
2.606782913208008
2.531491756439209
3.308561086654663
3.2536442279815674
3.1540653705596924
3.056523084640503
3.057542085647583
3.0140740871429443
2.935157060623169
2.8484184741973877
2.867461919784546
2.8025543689727783
3.3535399436950684
3.3097946643829346
3.28363299369812
3.1970465183258057
3.1482696533203125
3.081406831741333
3.045398712158203
3.030071973800659
3.0085761547088623
2.881255626678467
