4.040424346923828
4.02860164642334
4.031309604644775
4.040048122406006
4.042717933654785
4.042818069458008
4.038730144500732
4.040130615234375
4.047468185424805
4.0345001220703125
4.052521228790283
4.0425705909729
4.049734115600586
4.0521464347839355
4.033361911773682
4.045943260192871
4.054953575134277
4.041141033172607
4.038449764251709
4.040515422821045
4.038003921508789
4.023148536682129
4.027843475341797
4.036590099334717
4.030072212219238
4.037830352783203
4.041833400726318
4.023988246917725
4.0294318199157715
4.036437034606934
3.9887490272521973
3.985994338989258
3.993408441543579
3.9795870780944824
3.9920706748962402
3.984525442123413
3.983381509780884
3.9799273014068604
3.9859776496887207
3.9959473609924316
4.003355979919434
4.001728057861328
3.996856689453125
3.9949517250061035
3.9865734577178955
3.995037317276001
3.9889063835144043
3.9869251251220703
4.0041069984436035
3.9989302158355713
4.006443500518799
4.007715225219727
4.011200428009033
3.988304615020752
4.005895137786865
4.012319087982178
4.003552436828613
4.005672454833984
4.003504753112793
4.010618686676025
3.9988207817077637
4.007004261016846
4.005441188812256
4.005377292633057
3.99458646774292
4.001315593719482
4.005403518676758
3.992934226989746
4.00169038772583
4.002840995788574
4.003628253936768
3.9973268508911133
4.000833511352539
4.013899803161621
4.001293659210205
3.998077869415283
3.99523663520813
4.016157627105713
4.005659580230713
3.9963717460632324
4.025257110595703
4.037432670593262
4.0336503982543945
4.0332136154174805
4.039334297180176
4.032853126525879
4.032942295074463
4.032834529876709
4.035656452178955
4.036642074584961
3.6559367179870605
3.6734232902526855
3.657386541366577
3.640537738800049
3.63683819770813
3.626926898956299
3.6426661014556885
3.6308743953704834
3.646559238433838
3.636444091796875
3.6511144638061523
3.6476094722747803
3.66849946975708
3.6968157291412354
3.6518354415893555
3.660407066345215
3.669536828994751
3.6330370903015137
3.6497035026550293
3.6619081497192383
3.6533007621765137
3.6777801513671875
3.6565630435943604
3.6689016819000244
3.6642708778381348
3.6585144996643066
3.6606545448303223
3.629856586456299
3.6386423110961914
3.6667513847351074
3.5986809730529785
3.625532388687134
3.6085610389709473
3.5926647186279297
3.6222214698791504
3.5935347080230713
3.597670555114746
3.6038124561309814
3.5743000507354736
3.5831611156463623
3.641286611557007
3.6095023155212402
3.6199612617492676
3.6298532485961914
3.614488124847412
3.6117758750915527
3.6070010662078857
3.602034568786621
3.612151622772217
3.590824842453003
3.605272054672241
3.60817289352417
3.6247684955596924
3.6249337196350098
3.6341607570648193
3.6295166015625
3.589057445526123
3.6141834259033203
3.597308874130249
3.5988214015960693
3.6899704933166504
3.682407855987549
3.688951015472412
3.6682136058807373
3.648737668991089
3.7158472537994385
3.7108397483825684
3.659658908843994
3.7166693210601807
3.6744673252105713
3.7805840969085693
3.77658748626709
3.774245023727417
3.7610068321228027
3.7713873386383057
3.7596826553344727
3.7485549449920654
3.7468700408935547
3.7541518211364746
3.7605347633361816
3.8945515155792236
3.9051477909088135
3.8814315795898438
3.8642725944519043
3.8695003986358643
3.868476629257202
3.8609871864318848
3.873286724090576
3.869478225708008
3.871683120727539
2.6356146335601807
2.6076645851135254
2.5442588329315186
2.568930149078369
2.5288636684417725
2.574962615966797
2.4464516639709473
2.5151565074920654
2.551978349685669
2.5376598834991455
2.503009557723999
2.469956636428833
2.4579970836639404
2.4592411518096924
2.4203453063964844
2.407144784927368
2.4456756114959717
2.4101784229278564
2.3535709381103516
2.385035514831543
2.5733706951141357
2.4970028400421143
2.5265021324157715
2.427124261856079
2.4318387508392334
2.430371046066284
2.419851779937744
2.4029407501220703
2.435638189315796
2.3987929821014404
2.547067165374756
2.6104023456573486
2.5156326293945312
2.516845464706421
2.5255539417266846
2.4630138874053955
2.4691526889801025
2.4667510986328125
2.477142095565796
2.4391138553619385
2.781776189804077
2.7992751598358154
2.744673728942871
2.728590965270996
2.7597525119781494
2.6785078048706055
2.721203565597534
2.6395163536071777
2.6628036499023438
2.7059502601623535
2.824493408203125
2.85286283493042
2.78037428855896
2.7696497440338135
2.7827813625335693
2.8105931282043457
2.7296998500823975
2.710029363632202
2.8086256980895996
2.7188022136688232
3.0416479110717773
2.973327398300171
3.007457971572876
2.9009549617767334
2.9074580669403076
2.8457932472229004
2.9061994552612305
2.8678910732269287
2.8994734287261963
2.841892719268799
3.2074193954467773
3.19339656829834
3.159428119659424
3.1630795001983643
3.1088078022003174
3.108447790145874
3.0758070945739746
3.1314167976379395
3.036770820617676
3.064253568649292
3.344515323638916
3.2658872604370117
3.3398633003234863
3.2756688594818115
3.2511837482452393
3.2858808040618896
3.2562179565429688
3.294560194015503
3.198749303817749
3.278092622756958
2.0582821369171143
2.059459686279297
2.067612648010254
1.983251690864563
1.9683678150177002
1.9338228702545166
1.9689997434616089
1.9764071702957153
1.9564303159713745
1.9197063446044922
2.1353466510772705
2.1086323261260986
2.098644256591797
2.0696921348571777
2.1530094146728516
2.0544662475585938
2.0863006114959717
2.059319496154785
2.09230375289917
2.0474302768707275
2.3020150661468506
2.252169132232666
2.2635579109191895
2.267688512802124
2.2982590198516846
2.231825590133667
2.250422716140747
2.229365348815918
2.2440567016601562
2.250519037246704
2.4370415210723877
2.4212803840637207
2.456951141357422
2.4250431060791016
2.369596481323242
2.3448405265808105
2.4024062156677246
2.3936057090759277
2.3894028663635254
2.3387551307678223
2.6846632957458496
2.720076084136963
2.660097599029541
2.718036651611328
2.6251680850982666
2.701270818710327
2.6858911514282227
2.6993839740753174
2.6253578662872314
2.5998382568359375
3.069597005844116
3.0268466472625732
3.032186269760132
3.0523815155029297
3.068617343902588
3.002779245376587
3.049999952316284
3.027585029602051
2.971348524093628
2.9418818950653076
3.422725200653076
3.4511842727661133
3.3553712368011475
3.3900046348571777
3.3598904609680176
3.342449188232422
3.4100396633148193
3.3294684886932373
3.339395761489868
3.307858467102051
3.2499001026153564
3.181804895401001
3.1339125633239746
3.1895272731781006
3.1199517250061035
3.1079957485198975
3.120755910873413
3.0974228382110596
3.0092926025390625
3.1031126976013184
3.3177576065063477
3.2620551586151123
3.3194150924682617
3.300273895263672
3.322406768798828
3.2182459831237793
3.2248048782348633
3.1910083293914795
3.285823106765747
3.2063887119293213
1.7544773817062378
1.7493879795074463
1.7712942361831665
1.7601709365844727
1.7241771221160889
1.7277504205703735
1.676468849182129
1.7131857872009277
1.691577434539795
1.704954981803894
1.8528465032577515
1.8542978763580322
1.8524740934371948
1.8046926259994507
1.8185806274414062
1.8242555856704712
1.824197769165039
1.8006702661514282
1.7683095932006836
1.7651598453521729
2.1189372539520264
2.1140596866607666
2.1087088584899902
2.09519100189209
2.073601722717285
2.0704779624938965
2.0582358837127686
2.0464539527893066
2.033970355987549
2.006507635116577
2.4550225734710693
2.5199832916259766
2.4570281505584717
2.4570157527923584
2.464900493621826
2.492795944213867
2.4315295219421387
2.3743820190429688
2.3550946712493896
2.4295120239257812
2.9356436729431152
2.9158689975738525
2.936434030532837
2.9129741191864014
2.8804256916046143
2.836418628692627
2.8880720138549805
2.808000087738037
2.8677492141723633
2.82047963142395
3.013965606689453
2.9886889457702637
2.9969022274017334
2.9746036529541016
2.928495407104492
2.922438144683838
2.92996883392334
2.9112110137939453
2.895446300506592
2.8676931858062744
2.861337184906006
2.8337910175323486
2.782851219177246
2.781829833984375
2.7317237854003906
2.727271318435669
2.685215473175049
2.7046685218811035
2.669947862625122
2.6870288848876953
3.0803465843200684
3.0984647274017334
3.0174126625061035
3.066174268722534
2.9925594329833984
3.0114998817443848
3.010233163833618
2.985487461090088
2.9683470726013184
2.9217066764831543
3.529940366744995
3.528031587600708
3.511064291000366
3.4247381687164307
3.496230125427246
3.4119725227355957
3.440701723098755
3.4390275478363037
3.3858494758605957
3.3568801879882812
1.5501785278320312
1.5681830644607544
1.547972559928894
1.5138909816741943
1.5166006088256836
1.4975167512893677
1.4818446636199951
1.460935354232788
1.4673309326171875
1.4416590929031372
1.7327340841293335
1.6580755710601807
1.6910409927368164
1.6999818086624146
1.6406551599502563
1.686353325843811
1.6478224992752075
1.6559956073760986
1.6446422338485718
1.655456304550171
1.9329701662063599
1.978238821029663
1.9334467649459839
1.9176563024520874
1.9330265522003174
1.9202508926391602
1.925640344619751
1.9137781858444214
1.8380156755447388
1.8524534702301025
2.3471925258636475
2.361788034439087
2.286860227584839
2.307011365890503
2.2882394790649414
2.3107247352600098
2.25722599029541
2.25708270072937
2.274989604949951
2.2167043685913086
2.918757915496826
2.871814250946045
2.8393986225128174
2.872953176498413
2.8099205493927
2.785212755203247
2.7690205574035645
2.769629955291748
2.709804058074951
2.7691597938537598
2.8914546966552734
2.8169450759887695
2.8303418159484863
2.8186354637145996
2.7601964473724365
2.7579498291015625
2.7685632705688477
2.7223050594329834
2.74564266204834
2.719909429550171
3.18406343460083
3.166285276412964
3.089966297149658
3.073741912841797
3.1323037147521973
3.106616258621216
3.087494134902954
3.0874509811401367
3.0293638706207275
3.018977165222168
3.1362826824188232
3.1005876064300537
3.061737298965454
3.114072322845459
3.0725414752960205
2.9932968616485596
2.973477602005005
2.974522113800049
2.973022937774658
2.9374194145202637
3.1736602783203125
3.179377555847168
3.244515895843506
3.147465229034424
3.066965341567993
3.201664924621582
3.077704429626465
3.068559169769287
3.0486648082733154
3.0754075050354004
2.210177183151245
2.237070322036743
2.1938884258270264
2.1577699184417725
2.1156506538391113
2.1232922077178955
2.1205873489379883
2.089832305908203
2.104846715927124
2.0666043758392334
2.2504477500915527
2.231168031692505
2.180776596069336
2.219724416732788
2.259836435317993
2.1928720474243164
2.1404972076416016
2.1611311435699463
2.087571144104004
2.141284704208374
2.3891093730926514
2.2851712703704834
2.2707455158233643
2.2752275466918945
2.300276041030884
2.2418994903564453
2.3283634185791016
2.2582523822784424
2.233088970184326
2.2363908290863037
2.54386305809021
2.5049047470092773
2.4908394813537598
2.572117567062378
2.522491931915283
2.4584364891052246
2.4395971298217773
2.408257484436035
2.429849147796631
2.415947914123535
2.862149715423584
2.8316431045532227
2.8363327980041504
2.771054267883301
2.8127970695495605
2.7489616870880127
2.693722724914551
2.745678424835205
2.7225468158721924
2.7260475158691406
3.01593279838562
3.0468101501464844
3.0389297008514404
3.06262469291687
2.9993932247161865
2.8931987285614014
2.9353506565093994
2.9820897579193115
2.8591537475585938
2.8783507347106934
3.1455657482147217
3.2019917964935303
3.138850450515747
3.1171648502349854
3.0646567344665527
3.140143632888794
3.0338127613067627
3.081840991973877
3.0663740634918213
3.0616071224212646
3.2689671516418457
3.2311079502105713
3.1909642219543457
3.171689748764038
3.1541430950164795
3.138620615005493
3.1424951553344727
3.0698258876800537
3.0801336765289307
3.0402066707611084
3.69671893119812
3.704641342163086
3.594318389892578
3.668837070465088
3.6623969078063965
3.579710006713867
3.570650100708008
3.5776994228363037
3.5768425464630127
3.503586769104004
