4.040424346923828
4.02860164642334
4.031309604644775
4.040048122406006
4.042717933654785
4.042818069458008
4.038730144500732
4.040130615234375
4.047468185424805
4.0345001220703125
4.052521228790283
4.0425705909729
4.049734115600586
4.0521464347839355
4.033361911773682
4.045943260192871
4.054953575134277
4.041141033172607
4.038449764251709
4.040515422821045
4.038003921508789
4.023148536682129
4.027843475341797
4.036590099334717
4.030072212219238
4.037830352783203
4.041833400726318
4.023988246917725
4.0294318199157715
4.036437034606934
3.9887490272521973
3.985994338989258
3.993408441543579
3.9795870780944824
3.9920706748962402
3.984525442123413
3.983381509780884
3.9799273014068604
3.9859776496887207
3.9959473609924316
4.003355979919434
4.001728057861328
3.996856689453125
3.9949517250061035
3.9865734577178955
3.995037317276001
3.9889063835144043
3.9869251251220703
4.0041069984436035
3.9989302158355713
4.006443500518799
4.007715225219727
4.011200428009033
3.988304615020752
4.005895137786865
4.012319087982178
4.003552436828613
4.005672454833984
4.003504753112793
4.010618686676025
3.9988207817077637
4.007004261016846
4.005441188812256
4.005377292633057
3.99458646774292
4.001315593719482
4.005403518676758
3.992934226989746
4.00169038772583
4.002840995788574
4.003628253936768
3.9973268508911133
4.000833511352539
4.013899803161621
4.001293659210205
3.998077869415283
3.99523663520813
4.016157627105713
4.005659580230713
3.9963717460632324
4.025257110595703
4.037432670593262
4.0336503982543945
4.0332136154174805
4.039334297180176
4.032853126525879
4.032942295074463
4.032834529876709
4.035656452178955
4.036642074584961
3.6559367179870605
3.6734232902526855
3.657386541366577
3.640537738800049
3.63683819770813
3.626926898956299
3.6426661014556885
3.6308743953704834
3.646559238433838
3.636444091796875
3.6511144638061523
3.6476094722747803
3.66849946975708
3.6968157291412354
3.6518354415893555
3.660407066345215
3.669536828994751
3.6330370903015137
3.6497035026550293
3.6619081497192383
3.6533007621765137
3.6777801513671875
3.6565630435943604
3.6689016819000244
3.6642708778381348
3.6585144996643066
3.6606545448303223
3.629856586456299
3.6386423110961914
3.6667513847351074
3.5986809730529785
3.625532388687134
3.6085610389709473
3.5926647186279297
3.6222214698791504
3.5935347080230713
3.597670555114746
3.6038124561309814
3.5743000507354736
3.5831611156463623
3.641286611557007
3.6095023155212402
3.6199612617492676
3.6298532485961914
3.614488124847412
3.6117758750915527
3.6070010662078857
3.602034568786621
3.612151622772217
3.590824842453003
3.605272054672241
3.60817289352417
3.6247684955596924
3.6249337196350098
3.6341607570648193
3.6295166015625
3.589057445526123
3.6141834259033203
3.597308874130249
3.5988214015960693
3.6899704933166504
3.682407855987549
3.688951015472412
3.6682136058807373
3.648737668991089
3.7158472537994385
3.7108397483825684
3.659658908843994
3.7166693210601807
3.6744673252105713
3.7805840969085693
3.77658748626709
3.774245023727417
3.7610068321228027
3.7713873386383057
3.7596826553344727
3.7485549449920654
3.7468700408935547
3.7541518211364746
3.7605347633361816
3.8945515155792236
3.9051477909088135
3.8814315795898438
3.8642725944519043
3.8695003986358643
3.868476629257202
3.8609871864318848
3.873286724090576
3.869478225708008
3.871683120727539
2.6356146335601807
2.6076645851135254
2.5442588329315186
2.568930149078369
2.5288636684417725
2.574962615966797
2.4464516639709473
2.5151565074920654
2.551978349685669
2.5376598834991455
2.503009557723999
2.469956636428833
2.4579970836639404
2.4592411518096924
2.4203453063964844
2.407144784927368
2.4456756114959717
2.4101784229278564
2.3535709381103516
2.385035514831543
2.5733706951141357
2.4970028400421143
2.5265021324157715
2.427124261856079
2.4318387508392334
2.430371046066284
2.419851779937744
2.4029407501220703
2.435638189315796
2.3987929821014404
2.547067165374756
2.6104023456573486
2.5156326293945312
2.516845464706421
2.5255539417266846
2.4630138874053955
2.4691526889801025
2.4667510986328125
2.477142095565796
2.4391138553619385
2.781776189804077
2.7992751598358154
2.744673728942871
2.728590965270996
2.7597525119781494
2.6785078048706055
2.721203565597534
2.6395163536071777
2.6628036499023438
2.7059502601623535
2.824493408203125
2.85286283493042
2.78037428855896
2.7696497440338135
2.7827813625335693
2.8105931282043457
2.7296998500823975
2.710029363632202
2.8086256980895996
2.7188022136688232
3.0416479110717773
2.973327398300171
3.007457971572876
2.9009549617767334
2.9074580669403076
2.8457932472229004
2.9061994552612305
2.8678910732269287
2.8994734287261963
2.841892719268799
3.2074193954467773
3.19339656829834
3.159428119659424
3.1630795001983643
3.1088078022003174
3.108447790145874
3.0758070945739746
3.1314167976379395
3.036770820617676
3.064253568649292
3.344515323638916
3.2658872604370117
3.3398633003234863
3.2756688594818115
3.2511837482452393
3.2858808040618896
3.2562179565429688
3.294560194015503
3.198749303817749
3.278092622756958
2.0582821369171143
2.059459686279297
2.067612648010254
1.983251690864563
1.9683678150177002
1.9338228702545166
1.9689997434616089
1.9764071702957153
1.9564303159713745
1.9197063446044922
2.1353466510772705
2.1086323261260986
2.098644256591797
2.0696921348571777
2.1530094146728516
2.0544662475585938
2.0863006114959717
2.059319496154785
2.09230375289917
2.0474302768707275
2.3020150661468506
2.252169132232666
2.2635579109191895
2.267688512802124
2.2982590198516846
2.231825590133667
2.250422716140747
2.229365348815918
2.2440567016601562
2.250519037246704
2.4370415210723877
2.4212803840637207
2.456951141357422
2.4250431060791016
2.369596481323242
2.3448405265808105
2.4024062156677246
2.3936057090759277
2.3894028663635254
2.3387551307678223
2.6846632957458496
2.720076084136963
2.660097599029541
2.718036651611328
2.6251680850982666
2.701270818710327
2.6858911514282227
2.6993839740753174
2.6253578662872314
2.5998382568359375
3.069597005844116
3.0268466472625732
3.032186269760132
3.0523815155029297
3.068617343902588
3.002779245376587
3.049999952316284
3.027585029602051
2.971348524093628
2.9418818950653076
3.422725200653076
3.4511842727661133
3.3553712368011475
3.3900046348571777
3.3598904609680176
3.342449188232422
3.4100396633148193
3.3294684886932373
3.339395761489868
3.307858467102051
3.2499001026153564
3.181804895401001
3.1339125633239746
3.1895272731781006
3.1199517250061035
3.1079957485198975
3.120755910873413
3.0974228382110596
3.0092926025390625
3.1031126976013184
3.3177576065063477
3.2620551586151123
3.3194150924682617
3.300273895263672
3.322406768798828
3.2182459831237793
3.2248048782348633
3.1910083293914795
3.285823106765747
3.2063887119293213
1.7544773817062378
1.7493879795074463
1.7712942361831665
1.7601709365844727
1.7241771221160889
1.7277504205703735
1.676468849182129
1.7131857872009277
1.691577434539795
1.704954981803894
1.8528465032577515
1.8542978763580322
1.8524740934371948
1.8046926259994507
1.8185806274414062
1.8242555856704712
1.824197769165039
1.8006702661514282
1.7683095932006836
1.7651598453521729
2.1189372539520264
2.1140596866607666
2.1087088584899902
2.09519100189209
2.073601722717285
2.0704779624938965
2.0582358837127686
2.0464539527893066
2.033970355987549
2.006507635116577
2.4550225734710693
2.5199832916259766
2.4570281505584717
2.4570157527923584
2.464900493621826
2.492795944213867
2.4315295219421387
2.3743820190429688
2.3550946712493896
2.4295120239257812
2.9356436729431152
2.9158689975738525
2.936434030532837
2.9129741191864014
2.8804256916046143
2.836418628692627
2.8880720138549805
2.808000087738037
2.8677492141723633
2.82047963142395
3.013965606689453
2.9886889457702637
2.9969022274017334
2.9746036529541016
2.928495407104492
2.922438144683838
2.92996883392334
2.9112110137939453
2.895446300506592
2.8676931858062744
2.861337184906006
2.8337910175323486
2.782851219177246
2.781829833984375
2.7317237854003906
2.727271318435669
2.685215473175049
2.7046685218811035
2.669947862625122
2.6870288848876953
3.0803465843200684
3.0984647274017334
3.0174126625061035
3.066174268722534
2.9925594329833984
3.0114998817443848
3.010233163833618
2.985487461090088
2.9683470726013184
2.9217066764831543
3.529940366744995
3.528031587600708
3.511064291000366
3.4247381687164307
3.496230125427246
3.4119725227355957
3.440701723098755
3.4390275478363037
3.3858494758605957
3.3568801879882812
1.5501785278320312
1.5681830644607544
1.547972559928894
1.5138909816741943
1.5166006088256836
1.4975167512893677
1.4818446636199951
1.460935354232788
1.4673309326171875
1.4416590929031372
1.7327340841293335
1.6580755710601807
1.6910409927368164
1.6999818086624146
1.6406551599502563
1.686353325843811
1.6478224992752075
1.6559956073760986
1.6446422338485718
1.655456304550171
1.9329701662063599
1.978238821029663
1.9334467649459839
1.9176563024520874
1.9330265522003174
1.9202508926391602
1.925640344619751
1.9137781858444214
1.8380156755447388
1.8524534702301025
2.3471925258636475
2.361788034439087
2.286860227584839
2.307011365890503
2.2882394790649414
2.3107247352600098
2.25722599029541
2.25708270072937
2.274989604949951
2.2167043685913086
2.918757915496826
2.871814250946045
2.8393986225128174
2.872953176498413
2.8099205493927
2.785212755203247
2.7690205574035645
2.769629955291748
2.709804058074951
2.7691597938537598
2.8914546966552734
2.8169450759887695
2.8303418159484863
2.8186354637145996
2.7601964473724365
2.7579498291015625
2.7685632705688477
2.7223050594329834
2.74564266204834
2.719909429550171
3.18406343460083
3.166285276412964
3.089966297149658
3.073741912841797
3.1323037147521973
3.106616258621216
3.087494134902954
3.0874509811401367
3.0293638706207275
3.018977165222168
3.1362826824188232
3.1005876064300537
3.061737298965454
3.114072322845459
3.0725414752960205
2.9932968616485596
2.973477602005005
2.974522113800049
2.973022937774658
2.9374194145202637
3.1736602783203125
3.179377555847168
3.244515895843506
3.147465229034424
3.066965341567993
3.201664924621582
3.077704429626465
3.068559169769287
3.0486648082733154
3.0754075050354004
2.210177183151245
2.237070322036743
2.1938884258270264
2.1577699184417725
2.1156506538391113
2.1232922077178955
2.1205873489379883
2.089832305908203
2.104846715927124
2.0666043758392334
2.2504477500915527
2.231168031692505
2.180776596069336
2.219724416732788
2.259836435317993
2.1928720474243164
2.1404972076416016
2.1611311435699463
2.087571144104004
2.141284704208374
2.3891093730926514
2.2851712703704834
2.2707455158233643
2.2752275466918945
2.300276041030884
2.2418994903564453
2.3283634185791016
2.2582523822784424
2.233088970184326
2.2363908290863037
2.54386305809021
2.5049047470092773
2.4908394813537598
2.572117567062378
2.522491931915283
2.4584364891052246
2.4395971298217773
2.408257484436035
2.429849147796631
2.415947914123535
2.862149715423584
2.8316431045532227
2.8363327980041504
2.771054267883301
2.8127970695495605
2.7489616870880127
2.693722724914551
2.745678424835205
2.7225468158721924
2.7260475158691406
3.01593279838562
3.0468101501464844
3.0389297008514404
3.06262469291687
2.9993932247161865
2.8931987285614014
2.9353506565093994
2.9820897579193115
2.8591537475585938
2.8783507347106934
3.1455657482147217
3.2019917964935303
3.138850450515747
3.1171648502349854
3.0646567344665527
3.140143632888794
3.0338127613067627
3.081840991973877
3.0663740634918213
3.0616071224212646
3.2689671516418457
3.2311079502105713
3.1909642219543457
3.171689748764038
3.1541430950164795
3.138620615005493
3.1424951553344727
3.0698258876800537
3.0801336765289307
3.0402066707611084
3.69671893119812
3.704641342163086
3.594318389892578
3.668837070465088
3.6623969078063965
3.579710006713867
3.570650100708008
3.5776994228363037
3.5768425464630127
3.503586769104004
3.1144981384277344
3.033194065093994
3.018512725830078
3.00834059715271
2.9257168769836426
2.9425299167633057
2.931378126144409
2.8754847049713135
2.7840099334716797
2.800973653793335
2.968240737915039
2.8923556804656982
2.8431506156921387
2.7981200218200684
2.792804479598999
2.762502431869507
2.7746410369873047
2.697856903076172
2.701246500015259
2.6674580574035645
2.8972249031066895
2.8640787601470947
2.7850639820098877
2.7969884872436523
2.718067169189453
2.7372934818267822
2.726569414138794
2.7250819206237793
2.653641939163208
2.6553843021392822
2.924950122833252
2.9238085746765137
2.8689825534820557
2.8344311714172363
2.842318296432495
2.7222394943237305
2.7711455821990967
2.7533140182495117
2.6879029273986816
2.6542038917541504
3.280402421951294
3.2088606357574463
3.233428478240967
3.108544111251831
3.0861947536468506
3.061291217803955
3.019040822982788
2.9685566425323486
2.984290361404419
2.912039279937744
3.140993118286133
3.189807415008545
3.078354597091675
3.071336269378662
2.9836668968200684
3.0260183811187744
2.9292171001434326
2.8494651317596436
2.9096076488494873
2.8179874420166016
3.346985340118408
3.378469228744507
3.3633735179901123
3.254812240600586
3.278226852416992
3.1827611923217773
3.2006123065948486
3.1867096424102783
3.172990560531616
3.1515049934387207
3.1633834838867188
3.0855512619018555
3.0755603313446045
3.0630571842193604
2.9490349292755127
2.9718542098999023
2.9582691192626953
2.951509714126587
2.8243861198425293
2.8119750022888184
3.2057251930236816
3.118306875228882
3.114731788635254
3.0613484382629395
3.0474183559417725
2.936404228210449
2.9057676792144775
2.9216294288635254
2.9132511615753174
2.8402719497680664
2.89516019821167
2.8238279819488525
2.7920539379119873
2.8058998584747314
2.7672038078308105
2.714254856109619
2.6507248878479004
2.6491615772247314
2.5928497314453125
2.5444653034210205
2.684145927429199
2.6293609142303467
2.601628541946411
2.5608069896698
2.5381240844726562
2.5248217582702637
2.50323748588562
2.4789347648620605
2.4385201930999756
2.3651247024536133
2.480879306793213
2.4899120330810547
2.434732437133789
2.4125871658325195
2.3506782054901123
2.37408447265625
2.336880683898926
2.350839614868164
2.3069469928741455
2.31852650642395
2.6453847885131836
2.62162184715271
2.5502195358276367
2.5182785987854004
2.530937433242798
2.5104005336761475
2.510289430618286
2.472726345062256
2.460268259048462
2.458469867706299
2.703972816467285
2.698723316192627
2.6748833656311035
2.6460275650024414
2.6276679039001465
2.6389222145080566
2.6078052520751953
2.592916965484619
2.5300145149230957
2.539337635040283
3.0406248569488525
2.9851064682006836
2.9362196922302246
2.9285664558410645
2.906665802001953
2.893747568130493
2.8453779220581055
2.894834518432617
2.7919070720672607
2.8195323944091797
2.9746110439300537
2.959397792816162
2.9578793048858643
2.8945693969726562
2.910186529159546
2.8743398189544678
2.8292722702026367
2.8436994552612305
2.8270480632781982
2.825244665145874
3.3088126182556152
3.3048183917999268
3.2795777320861816
3.2512166500091553
3.2367429733276367
3.1577091217041016
3.1617894172668457
3.152667284011841
3.1372408866882324
3.0721046924591064
3.3582887649536133
3.3548145294189453
3.4167282581329346
3.3477835655212402
3.2987515926361084
3.302777051925659
3.290412425994873
3.2504494190216064
3.2604329586029053
3.2307302951812744
2.9099698066711426
2.884633779525757
2.809119701385498
2.8240396976470947
2.767059803009033
2.685134172439575
2.626455545425415
2.6344962120056152
2.5675034523010254
2.6222176551818848
2.6899430751800537
2.645925521850586
2.6216676235198975
2.581099510192871
2.569748878479004
2.5558948516845703
2.546633005142212
2.4747469425201416
2.4493651390075684
2.40468430519104
2.601323127746582
2.6326160430908203
2.5750980377197266
2.560821533203125
2.5544660091400146
2.544259548187256
2.505526065826416
2.484417676925659
2.4624838829040527
2.423919916152954
2.8621790409088135
2.8757107257843018
2.801781177520752
2.8110220432281494
2.7691521644592285
2.775129556655884
2.67637300491333
2.6703906059265137
2.6335501670837402
2.6480939388275146
2.9928107261657715
2.9724907875061035
2.8635761737823486
2.9298880100250244
2.8782923221588135
2.834636688232422
2.742644786834717
2.774630069732666
2.755389928817749
2.7454335689544678
3.2414612770080566
3.1948704719543457
3.1409714221954346
3.1567347049713135
3.1107795238494873
3.070613145828247
3.063960075378418
3.0085432529449463
2.9886398315429688
2.9334726333618164
3.2765586376190186
3.2237486839294434
3.2030413150787354
3.117382764816284
3.1105287075042725
3.062411069869995
3.036562919616699
3.013545274734497
3.0108697414398193
2.944699287414551
3.2051351070404053
3.1138341426849365
3.0613174438476562
3.088240623474121
3.0180306434631348
3.004084587097168
3.0209338665008545
2.9923269748687744
2.9706790447235107
2.8910555839538574
3.2959368228912354
3.2887580394744873
3.236309766769409
3.2399723529815674
3.196105718612671
3.150412082672119
3.16506290435791
3.0814082622528076
3.054347276687622
3.0809319019317627
3.1708991527557373
3.1196131706237793
3.0314245223999023
3.0392801761627197
3.0179169178009033
2.9287266731262207
2.8879125118255615
2.8972952365875244
2.856942653656006
2.8001210689544678
2.8463079929351807
2.825972557067871
2.8182826042175293
2.762985944747925
2.7169899940490723
2.7026314735412598
2.6197497844696045
2.6436619758605957
2.6248509883880615
2.611762523651123
2.818513870239258
2.778102397918701
2.7178781032562256
2.738771438598633
2.686830997467041
2.6650757789611816
2.639453411102295
2.5536141395568848
2.576847553253174
2.5145668983459473
2.9536609649658203
2.9516477584838867
2.886436939239502
2.874081611633301
2.80072283744812
2.7962234020233154
2.769772529602051
2.748281717300415
2.698021650314331
2.7421164512634277
3.2242043018341064
3.176111936569214
3.1862592697143555
3.118980884552002
3.057788133621216
2.989717960357666
2.988088607788086
2.9188756942749023
2.8918981552124023
2.832602024078369
2.935558795928955
3.0028278827667236
2.917010545730591
2.8699638843536377
2.817122459411621
2.777756929397583
2.7739152908325195
2.751859426498413
2.693495512008667
2.6615662574768066
3.1551527976989746
3.075826406478882
3.1352813243865967
3.090116500854492
3.004074811935425
3.039933681488037
2.9468557834625244
2.9722352027893066
2.9413044452667236
2.9407126903533936
3.537191867828369
3.4735615253448486
3.440403699874878
3.4962079524993896
3.4260480403900146
3.358217716217041
3.3603484630584717
3.2729318141937256
3.3003311157226562
3.169611930847168
3.3691658973693848
3.393836498260498
3.26851224899292
3.335561752319336
3.2825393676757812
3.2638721466064453
3.1683919429779053
3.1890246868133545
3.1624326705932617
3.166778326034546
2.327848434448242
2.293053150177002
2.298832654953003
2.238250255584717
2.190577983856201
2.1312737464904785
2.117027759552002
2.1386406421661377
2.08687162399292
2.1036086082458496
2.1007628440856934
2.1282520294189453
2.0884523391723633
2.067434549331665
2.045039176940918
2.016493320465088
2.014464855194092
1.9932204484939575
2.024958610534668
1.9701528549194336
2.2008893489837646
2.180741310119629
2.156033992767334
2.1310946941375732
2.0857620239257812
2.1147561073303223
2.0607454776763916
2.0632476806640625
2.035954475402832
2.057565927505493
2.4020912647247314
2.3644614219665527
2.4063713550567627
2.3507652282714844
2.357191801071167
2.3022003173828125
2.338322639465332
2.2913267612457275
2.300605535507202
2.247958183288574
2.9128265380859375
2.9205024242401123
2.8945956230163574
2.8461809158325195
2.790616035461426
2.8474130630493164
2.8455395698547363
2.773855209350586
2.7967171669006348
2.746858596801758
3.3806538581848145
3.3297691345214844
3.228419303894043
3.352834463119507
3.251279354095459
3.2198486328125
3.1894478797912598
3.1652798652648926
3.139538049697876
3.140380382537842
3.2001824378967285
3.175758123397827
3.1690709590911865
3.0975780487060547
3.066107749938965
3.1053686141967773
3.036302089691162
2.9837450981140137
2.9830269813537598
2.9489996433258057
3.473743438720703
3.482908010482788
3.4816343784332275
3.385854959487915
3.388808012008667
3.3591079711914062
3.3668041229248047
3.347785234451294
3.305793523788452
3.2855021953582764
3.473883628845215
3.4027016162872314
3.4287915229797363
3.410128116607666
3.2990822792053223
3.3782081604003906
3.2929182052612305
3.262558698654175
3.2769992351531982
3.2711596488952637
3.6848955154418945
3.6172196865081787
3.495176315307617
3.4529285430908203
3.4221317768096924
3.318349838256836
3.208726167678833
3.1525044441223145
3.1009998321533203
3.0779521465301514
3.0940682888031006
3.0438296794891357
3.018693447113037
2.899517774581909
2.8606791496276855
2.791032552719116
2.7738637924194336
2.7133145332336426
2.672799587249756
2.610215902328491
2.728193998336792
2.67897891998291
2.6648361682891846
2.5966036319732666
2.5867342948913574
2.4803600311279297
2.4707560539245605
2.372248411178589
2.3929991722106934
2.3276336193084717
2.7080681324005127
2.68398380279541
2.578965663909912
2.6021859645843506
2.5580461025238037
2.481942653656006
2.4351508617401123
2.3687357902526855
2.3711118698120117
2.30112624168396
3.0407793521881104
3.0342037677764893
2.9786133766174316
2.9152305126190186
2.8744723796844482
2.839965581893921
2.7871804237365723
2.7388689517974854
2.662137031555176
2.6758675575256348
3.0568525791168213
3.0315892696380615
2.972957134246826
2.899303436279297
2.832280397415161
2.802206516265869
2.7808403968811035
2.7478530406951904
2.6586813926696777
2.6541099548339844
3.0526771545410156
2.992119312286377
2.916743040084839
2.834458351135254
2.83012056350708
2.8089001178741455
2.730828046798706
2.702101707458496
2.606782913208008
2.531491756439209
3.308561086654663
3.2536442279815674
3.1540653705596924
3.056523084640503
3.057542085647583
3.0140740871429443
2.935157060623169
2.8484184741973877
2.867461919784546
2.8025543689727783
3.3535399436950684
3.3097946643829346
3.28363299369812
3.1970465183258057
3.1482696533203125
3.081406831741333
3.045398712158203
3.030071973800659
3.0085761547088623
2.881255626678467
2.66800856590271
2.6187562942504883
2.554229259490967
2.541961431503296
2.453890085220337
2.41694712638855
2.332767963409424
2.2913827896118164
2.2687532901763916
2.23018741607666
2.2891178131103516
2.2598700523376465
2.228231430053711
2.223468542098999
2.1502089500427246
2.149078845977783
2.0642645359039307
2.0540196895599365
2.022028923034668
1.9579071998596191
2.266409397125244
2.1845498085021973
2.165327548980713
2.154087781906128
2.081101655960083
2.123687982559204
2.1169521808624268
2.0274159908294678
2.0400307178497314
1.9945428371429443
2.3478646278381348
2.347536325454712
2.3143131732940674
2.2835850715637207
2.2365150451660156
2.2449958324432373
2.227088451385498
2.1870434284210205
2.157574415206909
2.164196491241455
2.802820920944214
2.805018901824951
2.687847852706909
2.706953287124634
2.6408491134643555
2.644713878631592
2.606832265853882
2.572373390197754
2.5542638301849365
2.4710588455200195
2.9766135215759277
2.912473201751709
2.945283889770508
2.856295347213745
2.860147714614868
2.816277503967285
2.7778804302215576
2.7351596355438232
2.750500440597534
2.6982734203338623
3.3589632511138916
3.320345163345337
3.257827043533325
3.2098076343536377
3.214808702468872
3.158818483352661
3.1440930366516113
3.0593438148498535
3.0328173637390137
3.0325255393981934
3.30009388923645
3.3109524250030518
3.2840020656585693
3.1992573738098145
3.2267167568206787
3.124019145965576
3.175893783569336
3.0860185623168945
3.0816516876220703
3.026562213897705
3.2562475204467773
3.2562716007232666
3.2092106342315674
3.2283151149749756
3.2128443717956543
3.135838031768799
3.1322083473205566
3.0671403408050537
3.016511917114258
3.061098575592041
2.759493112564087
2.7040414810180664
2.650270462036133
2.5685253143310547
2.5358076095581055
2.522968292236328
2.4278416633605957
2.381096839904785
2.3869268894195557
2.337045669555664
2.5667545795440674
2.559262275695801
2.483854293823242
2.4469449520111084
2.402301073074341
2.3779828548431396
2.350837469100952
2.2812585830688477
2.2910373210906982
2.246023416519165
2.7183337211608887
2.6790335178375244
2.6161789894104004
2.594116449356079
2.558323383331299
2.5096638202667236
2.508805513381958
2.430833101272583
2.4196016788482666
2.355891704559326
3.0408639907836914
2.972532033920288
2.996461868286133
2.903228282928467
2.8622922897338867
2.8169546127319336
2.764853000640869
2.715725898742676
2.6541314125061035
2.5938875675201416
3.147216796875
3.1251461505889893
3.093912124633789
2.9847021102905273
2.9597902297973633
2.941225290298462
2.862825870513916
2.7731611728668213
2.7613351345062256
2.719280958175659
3.188824415206909
3.123694896697998
3.082853078842163
3.037750482559204
2.9601755142211914
2.9079623222351074
2.8912105560302734
2.8555550575256348
2.7702248096466064
2.7857325077056885
2.8469388484954834
2.907731771469116
2.7901556491851807
2.734004259109497
2.673905849456787
2.6391971111297607
2.6265196800231934
2.5744829177856445
2.5584824085235596
2.47251296043396
2.798154592514038
2.759342670440674
2.7122280597686768
2.635716676712036
2.609623432159424
2.527513265609741
2.534802198410034
2.5032365322113037
2.4312496185302734
2.4418931007385254
3.044017791748047
2.9716460704803467
2.9124350547790527
2.8514721393585205
2.896282434463501
2.826556921005249
2.759486436843872
2.7272768020629883
2.752520799636841
2.6245977878570557
2.1146035194396973
2.0673012733459473
1.984690546989441
1.9810538291931152
1.9267172813415527
1.8972591161727905
1.8834662437438965
1.8636054992675781
1.823415756225586
1.7756898403167725
1.9912298917770386
1.9626550674438477
1.940593957901001
1.9197893142700195
1.8848598003387451
1.870088815689087
1.8701527118682861
1.8127448558807373
1.8097498416900635
1.7947238683700562
2.2197632789611816
2.1914632320404053
2.2016873359680176
2.138310194015503
2.132655143737793
2.0826938152313232
2.0382819175720215
2.0720181465148926
2.0208017826080322
2.0209150314331055
2.5399861335754395
2.50736141204834
2.47703218460083
2.438908815383911
2.4411256313323975
2.398205041885376
2.3687102794647217
2.3149545192718506
2.310685157775879
2.301013469696045
2.8708553314208984
2.81257700920105
2.7873265743255615
2.7590367794036865
2.6823766231536865
2.657661199569702
2.66007661819458
2.595266819000244
2.5773797035217285
2.5180091857910156
3.1757071018218994
3.1152026653289795
3.0772571563720703
3.041293144226074
3.019619941711426
2.958495616912842
2.862163782119751
2.8754703998565674
2.8188469409942627
2.823005437850952
2.8657302856445312
2.7371723651885986
2.741899013519287
2.721390724182129
2.654834747314453
2.622411012649536
2.5925662517547607
2.5676450729370117
2.572754383087158
2.495331048965454
3.0826520919799805
3.049607276916504
3.0248520374298096
2.9999237060546875
2.961827278137207
2.928999900817871
2.9097540378570557
2.8526384830474854
2.8325912952423096
2.797266721725464
2.9513535499572754
2.930086851119995
2.8790881633758545
2.8678948879241943
2.814603567123413
2.813415050506592
2.7675323486328125
2.749727964401245
2.668134927749634
2.646312713623047
2.326301097869873
2.2499144077301025
2.2122139930725098
2.143418312072754
2.09542179107666
2.0676138401031494
2.0095207691192627
1.9779609441757202
1.9342966079711914
1.8608952760696411
1.9682337045669556
1.956754207611084
1.91759192943573
1.8689327239990234
1.8571693897247314
1.8169132471084595
1.7675294876098633
1.7584071159362793
1.7388628721237183
1.6960943937301636
2.0724897384643555
2.0129570960998535
1.9893890619277954
1.959611415863037
1.9335737228393555
1.9044842720031738
1.873964786529541
1.8399642705917358
1.8107465505599976
1.7968416213989258
2.4137158393859863
2.3868699073791504
2.3747332096099854
2.304190158843994
2.2715444564819336
2.2293434143066406
2.1957592964172363
2.1964657306671143
2.14544677734375
2.145810842514038
2.7886056900024414
2.766252040863037
2.723686456680298
2.6810567378997803
2.629534959793091
2.6034634113311768
2.52132248878479
2.5467264652252197
2.566870927810669
2.507457733154297
2.7639830112457275
2.7473981380462646
2.6706883907318115
2.663564920425415
2.611323595046997
2.592358350753784
2.5393898487091064
2.535865068435669
2.484590530395508
2.482727527618408
3.086660146713257
3.0229270458221436
2.9932711124420166
2.941716432571411
2.8998219966888428
2.86804461479187
2.7583494186401367
2.8021926879882812
2.7744219303131104
2.7126686573028564
2.9852867126464844
2.9456048011779785
2.9244580268859863
2.833644390106201
2.819674491882324
2.836602210998535
2.820486068725586
2.701812744140625
2.7014412879943848
2.666053295135498
3.397188425064087
3.3567066192626953
3.3169891834259033
3.3563590049743652
3.2567944526672363
3.2259058952331543
3.1959681510925293
3.162015914916992
3.1248631477355957
3.1334168910980225
2.652109146118164
2.54248309135437
2.473045587539673
2.419187545776367
2.3365936279296875
2.256662607192993
2.1931262016296387
2.1421401500701904
2.0710065364837646
2.024298667907715
2.248896598815918
2.160337448120117
2.1517584323883057
2.071444034576416
2.030184507369995
2.007662296295166
1.9885188341140747
1.9444708824157715
1.894881248474121
1.8664134740829468
2.1195454597473145
2.0931310653686523
2.055258274078369
2.0574750900268555
1.994009017944336
1.9842276573181152
1.9582208395004272
1.921616554260254
1.9011160135269165
1.8491827249526978
2.3865556716918945
2.3399674892425537
2.314730644226074
2.2562334537506104
2.222205877304077
2.2271413803100586
2.1838250160217285
2.1435604095458984
2.1293983459472656
2.1118175983428955
2.681288719177246
2.623910903930664
2.541229248046875
2.525806427001953
2.488138437271118
2.481829881668091
2.43271541595459
2.401923656463623
2.3411717414855957
2.2845559120178223
2.9422359466552734
2.9137728214263916
2.8719067573547363
2.8417227268218994
2.803600311279297
2.714252471923828
2.704681396484375
2.6561646461486816
2.6091911792755127
2.6064679622650146
2.923851728439331
2.898193359375
2.8429601192474365
2.76676082611084
2.7842628955841064
2.7826461791992188
2.71586537361145
2.660867691040039
2.609062910079956
2.609285354614258
3.344674825668335
3.3108937740325928
3.2326831817626953
3.2089359760284424
3.17130446434021
3.1542115211486816
3.0861010551452637
3.0262057781219482
3.0536956787109375
2.9972212314605713
2.8572170734405518
2.8701796531677246
2.8110079765319824
2.7083492279052734
2.732095956802368
2.7358322143554688
2.679475784301758
2.6431009769439697
2.6466164588928223
2.543330192565918
2.3692874908447266
2.2828009128570557
2.2715089321136475
2.217532157897949
2.174516201019287
2.1277101039886475
2.1023898124694824
2.0447983741760254
2.012174606323242
1.9729771614074707
2.1046879291534424
2.042311429977417
1.9995696544647217
1.9576088190078735
1.9381576776504517
1.9093669652938843
1.8597196340560913
1.8716204166412354
1.8427129983901978
1.7863565683364868
2.035215139389038
2.025966167449951
1.9930813312530518
1.9384543895721436
1.8893470764160156
1.8847556114196777
1.867727518081665
1.8139680624008179
1.826090931892395
1.779418706893921
2.302839517593384
2.2952041625976562
2.2488274574279785
2.1562976837158203
2.1393373012542725
2.107309341430664
2.075775623321533
2.054114818572998
2.046048641204834
1.99510657787323
2.744310140609741
2.6733007431030273
2.601001501083374
2.536846160888672
2.5331809520721436
2.434492826461792
2.388592481613159
2.387831211090088
2.3582544326782227
2.309676170349121
2.847689390182495
2.847198009490967
2.7875609397888184
2.7345569133758545
2.7087461948394775
2.6393532752990723
2.614866018295288
2.5717926025390625
2.5143842697143555
2.5393171310424805
2.8925511837005615
2.829927444458008
2.8002774715423584
2.7480075359344482
2.7477052211761475
2.656297445297241
2.641265630722046
2.6391186714172363
2.603060722351074
2.592458963394165
2.9177963733673096
2.885594129562378
2.8717613220214844
2.8227312564849854
2.8086390495300293
2.7866294384002686
2.719783067703247
2.6601109504699707
2.6744883060455322
2.6376991271972656
3.1617798805236816
3.1417782306671143
3.103473424911499
3.036628007888794
3.0467419624328613
2.964132785797119
2.9307351112365723
2.8756911754608154
2.8831005096435547
2.8212313652038574
1.4847441911697388
1.4601378440856934
1.4381178617477417
1.4394724369049072
1.3889482021331787
1.3714442253112793
1.3592418432235718
1.3410216569900513
1.3071262836456299
1.2905341386795044
1.5152060985565186
1.487612009048462
1.4796886444091797
1.4373412132263184
1.4228659868240356
1.4551701545715332
1.3961142301559448
1.3498740196228027
1.3631043434143066
1.3831264972686768
1.7066829204559326
1.6719841957092285
1.653328537940979
1.6257941722869873
1.6096434593200684
1.581799030303955
1.5798919200897217
1.5509499311447144
1.5544997453689575
1.5565396547317505
2.0119833946228027
1.9604613780975342
1.9242098331451416
1.8996996879577637
1.8963267803192139
1.855656385421753
1.8778598308563232
1.8371320962905884
1.8370680809020996
1.8336544036865234
2.3019371032714844
2.2955803871154785
2.227818489074707
2.222151756286621
2.1733906269073486
2.160752058029175
2.0958902835845947
2.0867509841918945
2.0465660095214844
2.0415427684783936
2.859327793121338
2.8321847915649414
2.8073055744171143
2.7251780033111572
2.6991424560546875
2.6692955493927
2.6058151721954346
2.589956760406494
2.539323568344116
2.5198020935058594
3.0681815147399902
3.0319976806640625
2.9369704723358154
2.9228782653808594
2.8814022541046143
2.8198745250701904
2.806586265563965
2.747601270675659
2.755000591278076
2.710477113723755
3.0398759841918945
2.989924669265747
2.970569372177124
2.9533395767211914
2.8811161518096924
2.8523049354553223
2.8065268993377686
2.813948631286621
2.7822484970092773
2.7569146156311035
2.873133420944214
2.880636215209961
2.885434627532959
2.7833924293518066
2.7922005653381348
2.761413097381592
2.678014039993286
2.7024178504943848
2.6679112911224365
2.662665843963623
1.5783442258834839
1.5399858951568604
1.5102412700653076
1.4948772192001343
1.472166895866394
1.4467136859893799
1.432576060295105
1.4087226390838623
1.357438325881958
1.3691824674606323
1.5220626592636108
1.4597686529159546
1.4743996858596802
1.4640072584152222
1.4400943517684937
1.4437754154205322
1.376030683517456
1.3932545185089111
1.3589986562728882
1.3418790102005005
1.7209439277648926
1.7060965299606323
1.6891809701919556
1.6806597709655762
1.6590046882629395
1.6227160692214966
1.614672303199768
1.6215510368347168
1.5847159624099731
1.5970109701156616
2.082520008087158
2.0834364891052246
2.0405750274658203
2.0160672664642334
1.9815744161605835
1.9571795463562012
1.9488729238510132
1.9410226345062256
1.9036325216293335
1.8985633850097656
2.672513246536255
2.6297285556793213
2.5772833824157715
2.580298662185669
2.545865774154663
2.502471446990967
2.5070157051086426
2.4956295490264893
2.451582670211792
2.42209529876709
2.798166513442993
2.774151086807251
2.721464157104492
2.6891937255859375
2.713866949081421
2.6490039825439453
2.6244330406188965
2.5871353149414062
2.5785775184631348
2.5364441871643066
2.7292675971984863
2.7199971675872803
2.68872332572937
2.650412082672119
2.649824380874634
2.629211902618408
2.5726771354675293
2.545271396636963
2.5503127574920654
2.549232006072998
3.064631462097168
3.037449359893799
3.0254039764404297
2.9786856174468994
2.97208571434021
2.9063076972961426
2.914841890335083
2.9069759845733643
2.843273401260376
2.8684282302856445
3.2797703742980957
3.192136764526367
3.1561875343322754
3.1698570251464844
3.1619138717651367
3.087233304977417
3.0828349590301514
3.051499605178833
3.0284430980682373
3.018953800201416
2.0445690155029297
2.0307555198669434
1.9672751426696777
1.9234670400619507
1.8905344009399414
1.868547797203064
1.8296018838882446
1.7914221286773682
1.75058913230896
1.744281530380249
1.9674267768859863
1.9422833919525146
1.9026548862457275
1.85823655128479
1.8229535818099976
1.8057596683502197
1.77552330493927
1.793443202972412
1.6935620307922363
1.6965644359588623
2.061816453933716
2.08154559135437
2.039370536804199
1.9817609786987305
1.9456164836883545
1.9422672986984253
1.906601905822754
1.8885562419891357
1.85491943359375
1.8431352376937866
2.3120081424713135
2.3227615356445312
2.2695555686950684
2.239870548248291
2.229565382003784
2.164729118347168
2.1358909606933594
2.1085121631622314
2.0976479053497314
2.044041872024536
2.8879072666168213
2.8032846450805664
2.7389485836029053
2.7567999362945557
2.688809871673584
2.655449151992798
2.6196250915527344
2.5479464530944824
2.5133774280548096
2.4871485233306885
2.912276029586792
2.84828782081604
2.826390266418457
2.7599947452545166
2.7241439819335938
2.7223875522613525
2.6341512203216553
2.6638972759246826
2.5758919715881348
2.5585780143737793
3.1318721771240234
3.121300458908081
3.0454413890838623
3.014073371887207
2.9928483963012695
2.9522438049316406
2.920032501220703
2.874605894088745
2.855616569519043
2.7998125553131104
3.215057849884033
3.167027473449707
3.127558708190918
3.0582621097564697
3.0122909545898438
2.989771604537964
3.015160322189331
2.947575330734253
2.9201385974884033
2.913530111312866
3.009026288986206
2.964806318283081
2.9002459049224854
2.928938388824463
2.869701385498047
2.8858184814453125
2.814664363861084
2.722022294998169
2.7671918869018555
2.730372190475464
1.9042085409164429
1.8717551231384277
1.8205244541168213
1.7817455530166626
1.7551517486572266
1.7306691408157349
1.6740590333938599
1.6687793731689453
1.6466554403305054
1.6082090139389038
1.88923180103302
1.8602495193481445
1.8485157489776611
1.8254053592681885
1.76289701461792
1.7566827535629272
1.7273626327514648
1.6927686929702759
1.6826499700546265
1.668649673461914
2.091508388519287
2.042872428894043
2.0243701934814453
1.9899598360061646
1.9699901342391968
1.9802849292755127
1.9452072381973267
1.8975692987442017
1.9015048742294312
1.8832519054412842
2.3410627841949463
2.2727906703948975
2.2572903633117676
2.243117094039917
2.211747407913208
2.2026989459991455
2.157909393310547
2.135181427001953
2.1316046714782715
2.076551914215088
2.6518125534057617
2.6434214115142822
2.585559368133545
2.5465941429138184
2.5515007972717285
2.4934515953063965
2.476903200149536
2.4596047401428223
2.427208423614502
2.4091293811798096
3.116468906402588
3.031604766845703
2.9962427616119385
2.9606637954711914
2.952479362487793
2.897801399230957
2.9169514179229736
2.8600001335144043
2.8507156372070312
2.787912368774414
3.073855400085449
3.0339624881744385
3.0042898654937744
2.973055601119995
2.9971423149108887
2.8963277339935303
2.906839370727539
2.8558449745178223
2.8583223819732666
2.829806327819824
3.0754895210266113
3.049866199493408
3.019442558288574
2.9955263137817383
2.94827938079834
2.9202089309692383
2.886951208114624
2.8822460174560547
2.863248348236084
2.8522322177886963
2.916531562805176
2.804722309112549
2.8333492279052734
2.786519765853882
2.7798337936401367
2.7966158390045166
2.730578899383545
2.715475082397461
2.6704769134521484
2.6556715965270996
2.120567798614502
2.0462400913238525
2.0437819957733154
1.976737380027771
1.8874181509017944
1.8526629209518433
1.789398193359375
1.749215006828308
1.712518334388733
1.6992868185043335
1.8939054012298584
1.8475252389907837
1.799291729927063
1.768902063369751
1.7434709072113037
1.6838363409042358
1.6855943202972412
1.6464391946792603
1.5723344087600708
1.593888759613037
1.966923475265503
2.00602650642395
1.907375454902649
1.8627015352249146
1.849081039428711
1.8386973142623901
1.7843239307403564
1.7484184503555298
1.7508176565170288
1.6664944887161255
2.1774513721466064
2.0994560718536377
2.0798134803771973
2.0136029720306396
2.0148377418518066
1.9968304634094238
1.9466552734375
1.8781332969665527
1.9024235010147095
1.8393245935440063
2.5659542083740234
2.5802230834960938
2.5202550888061523
2.4550981521606445
2.4318270683288574
2.3634653091430664
2.3088185787200928
2.309101104736328
2.2512423992156982
2.210782051086426
2.9105777740478516
2.8088226318359375
2.7851288318634033
2.735948085784912
2.6709983348846436
2.6056292057037354
2.5788168907165527
2.5741889476776123
2.4756174087524414
2.449863910675049
2.9117391109466553
2.8769025802612305
2.81238055229187
2.78888201713562
2.783881664276123
2.7343428134918213
2.710188627243042
2.7012438774108887
2.6370058059692383
2.6129279136657715
3.1041412353515625
2.9966979026794434
2.9601831436157227
2.9258511066436768
2.9202709197998047
2.841510534286499
2.8079516887664795
2.7532260417938232
2.7349343299865723
2.711484432220459
3.12571120262146
3.114710807800293
3.0216710567474365
3.0240988731384277
2.9615776538848877
2.9304542541503906
2.873044729232788
2.8602402210235596
2.833833694458008
2.7614550590515137
1.4651585817337036
1.4462616443634033
1.4171823263168335
1.413244366645813
1.373376488685608
1.3561888933181763
1.3102810382843018
1.2853931188583374
1.2589306831359863
1.2493517398834229
1.564481496810913
1.5233584642410278
1.5097203254699707
1.4940675497055054
1.4676401615142822
1.454885721206665
1.4395731687545776
1.4089844226837158
1.3812482357025146
1.3358300924301147
1.7791519165039062
1.739748477935791
1.6962544918060303
1.6836330890655518
1.6735528707504272
1.6824215650558472
1.670999526977539
1.6419223546981812
1.6180095672607422
1.6431794166564941
2.040722370147705
2.045473575592041
2.006474018096924
1.9841703176498413
1.9714851379394531
1.961989164352417
1.9493448734283447
1.9205377101898193
1.9134944677352905
1.9024369716644287
2.623692750930786
2.6073951721191406
2.568787097930908
2.5500998497009277
2.5664634704589844
2.4696455001831055
2.4785895347595215
2.4645097255706787
2.414885997772217
2.418379545211792
2.6108272075653076
2.560779094696045
2.5576088428497314
2.5750300884246826
2.5007822513580322
2.5066773891448975
2.495133876800537
2.453430652618408
2.427622079849243
2.38820481300354
2.783571243286133
2.7754950523376465
2.7502236366271973
2.713449716567993
2.683706283569336
2.710484743118286
2.6454660892486572
2.6471986770629883
2.5979902744293213
2.5497868061065674
2.568896770477295
2.49341082572937
2.5032739639282227
2.4445743560791016
2.4034628868103027
2.434782028198242
2.3772268295288086
2.3263099193573
2.355482816696167
2.309222936630249
3.0348856449127197
3.004859209060669
2.965515613555908
2.9852421283721924
2.877824306488037
2.900942325592041
2.8353683948516846
2.7976698875427246
2.74308705329895
2.7674858570098877
2.835087776184082
2.773192882537842
2.6860523223876953
2.6313605308532715
2.5969924926757812
2.5396485328674316
2.4635398387908936
2.429210662841797
2.388751983642578
2.3311429023742676
2.5076687335968018
2.457859516143799
2.422562837600708
2.345315456390381
2.3040595054626465
2.2771189212799072
2.22391939163208
2.152956247329712
2.150047540664673
2.1124351024627686
2.4407713413238525
2.413693904876709
2.3491477966308594
2.310633659362793
2.3000378608703613
2.220444679260254
2.2073116302490234
2.1799259185791016
2.1244707107543945
2.1098241806030273
2.733893394470215
2.6670989990234375
2.5977275371551514
2.582606315612793
2.527827739715576
2.4735589027404785
2.456310987472534
2.398336887359619
2.3714823722839355
2.3382248878479004
3.066718578338623
3.0514304637908936
3.010413646697998
2.956912040710449
2.8928468227386475
2.8243002891540527
2.7684543132781982
2.779695749282837
2.695841073989868
2.6375572681427
2.96915340423584
2.890714645385742
2.8417317867279053
2.770416259765625
2.7748918533325195
2.743044853210449
2.7024848461151123
2.6258866786956787
2.5808348655700684
2.5840206146240234
2.9685447216033936
2.8799359798431396
2.840131998062134
2.8029043674468994
2.79227876663208
2.77921724319458
2.6931838989257812
2.674835681915283
2.6930925846099854
2.6473562717437744
2.919466972351074
2.9049766063690186
2.8956851959228516
2.8497719764709473
2.776550769805908
2.739903211593628
2.7286343574523926
2.7037911415100098
2.718818426132202
2.65267014503479
3.0866589546203613
3.0182745456695557
2.980435371398926
2.9447314739227295
2.9227235317230225
2.875187635421753
2.84267520904541
2.8012585639953613
2.820371389389038
2.720534563064575
2.2731990814208984
2.1836905479431152
2.1468939781188965
2.056330919265747
2.0134692192077637
1.9207003116607666
1.8663355112075806
1.8266305923461914
1.7883338928222656
1.7310829162597656
1.9913740158081055
1.9878801107406616
1.9035097360610962
1.8597384691238403
1.8054730892181396
1.7866086959838867
1.741685152053833
1.7009251117706299
1.6522266864776611
1.6400668621063232
2.136586904525757
2.080725908279419
2.0231380462646484
2.0377821922302246
1.9841378927230835
1.9353691339492798
1.8722487688064575
1.8650386333465576
1.8199576139450073
1.798119068145752
2.487457036972046
2.4601035118103027
2.3821182250976562
2.363091230392456
2.2959232330322266
2.257642984390259
2.232217788696289
2.1763226985931396
2.1528658866882324
2.0834898948669434
2.7682998180389404
2.657585382461548
2.664827585220337
2.593365430831909
2.559999942779541
2.507999897003174
2.4640893936157227
2.411367416381836
2.3542561531066895
2.3034372329711914
2.8364310264587402
2.7964162826538086
2.709442615509033
2.658571720123291
2.6283304691314697
2.547009229660034
2.505056142807007
2.4570939540863037
2.440793991088867
2.399350166320801
2.6790640354156494
2.644218921661377
2.5891001224517822
2.5379438400268555
2.493389368057251
2.41957950592041
2.4265146255493164
2.366682529449463
2.3361871242523193
2.308173418045044
3.0383198261260986
2.996835231781006
2.951298475265503
2.935689687728882
2.8839828968048096
2.8428049087524414
2.759058713912964
2.6963565349578857
2.6479969024658203
2.650733470916748
3.279343605041504
3.158153533935547
3.1373376846313477
3.071753978729248
3.0209226608276367
2.976895332336426
2.9573967456817627
2.91274356842041
2.8857688903808594
2.8152101039886475
