4.040424346923828
4.02860164642334
4.031309604644775
4.040048122406006
4.042717933654785
4.042818069458008
4.038730144500732
4.040130615234375
4.047468185424805
4.0345001220703125
4.052521228790283
4.0425705909729
4.049734115600586
4.0521464347839355
4.033361911773682
4.045943260192871
4.054953575134277
4.041141033172607
4.038449764251709
4.040515422821045
4.038003921508789
4.023148536682129
4.027843475341797
4.036590099334717
4.030072212219238
4.037830352783203
4.041833400726318
4.023988246917725
4.0294318199157715
4.036437034606934
3.9887490272521973
3.985994338989258
3.993408441543579
3.9795870780944824
3.9920706748962402
3.984525442123413
3.983381509780884
3.9799273014068604
3.9859776496887207
3.9959473609924316
4.003355979919434
4.001728057861328
3.996856689453125
3.9949517250061035
3.9865734577178955
3.995037317276001
3.9889063835144043
3.9869251251220703
4.0041069984436035
3.9989302158355713
4.006443500518799
4.007715225219727
4.011200428009033
3.988304615020752
4.005895137786865
4.012319087982178
4.003552436828613
4.005672454833984
4.003504753112793
4.010618686676025
3.9988207817077637
4.007004261016846
4.005441188812256
4.005377292633057
3.99458646774292
4.001315593719482
4.005403518676758
3.992934226989746
4.00169038772583
4.002840995788574
4.003628253936768
3.9973268508911133
4.000833511352539
4.013899803161621
4.001293659210205
3.998077869415283
3.99523663520813
4.016157627105713
4.005659580230713
3.9963717460632324
4.025257110595703
4.037432670593262
4.0336503982543945
4.0332136154174805
4.039334297180176
4.032853126525879
4.032942295074463
4.032834529876709
4.035656452178955
4.036642074584961
3.6559367179870605
3.6734232902526855
3.657386541366577
3.640537738800049
3.63683819770813
3.626926898956299
3.6426661014556885
3.6308743953704834
3.646559238433838
3.636444091796875
3.6511144638061523
3.6476094722747803
3.66849946975708
3.6968157291412354
3.6518354415893555
3.660407066345215
3.669536828994751
3.6330370903015137
3.6497035026550293
3.6619081497192383
3.6533007621765137
3.6777801513671875
3.6565630435943604
3.6689016819000244
3.6642708778381348
3.6585144996643066
3.6606545448303223
3.629856586456299
3.6386423110961914
3.6667513847351074
3.5986809730529785
3.625532388687134
3.6085610389709473
3.5926647186279297
3.6222214698791504
3.5935347080230713
3.597670555114746
3.6038124561309814
3.5743000507354736
3.5831611156463623
3.641286611557007
3.6095023155212402
3.6199612617492676
3.6298532485961914
3.614488124847412
3.6117758750915527
3.6070010662078857
3.602034568786621
3.612151622772217
3.590824842453003
3.605272054672241
3.60817289352417
3.6247684955596924
3.6249337196350098
3.6341607570648193
3.6295166015625
3.589057445526123
3.6141834259033203
3.597308874130249
3.5988214015960693
3.6899704933166504
3.682407855987549
3.688951015472412
3.6682136058807373
3.648737668991089
3.7158472537994385
3.7108397483825684
3.659658908843994
3.7166693210601807
3.6744673252105713
3.7805840969085693
3.77658748626709
3.774245023727417
3.7610068321228027
3.7713873386383057
3.7596826553344727
3.7485549449920654
3.7468700408935547
3.7541518211364746
3.7605347633361816
3.8945515155792236
3.9051477909088135
3.8814315795898438
3.8642725944519043
3.8695003986358643
3.868476629257202
3.8609871864318848
3.873286724090576
3.869478225708008
3.871683120727539
