4.040424346923828
4.02860164642334
4.031309604644775
4.040048122406006
4.042717933654785
4.042818069458008
4.038730144500732
4.040130615234375
4.047468185424805
4.0345001220703125
4.052521228790283
4.0425705909729
4.049734115600586
4.0521464347839355
4.033361911773682
4.045943260192871
4.054953575134277
4.041141033172607
4.038449764251709
4.040515422821045
4.038003921508789
4.023148536682129
4.027843475341797
4.036590099334717
4.030072212219238
4.037830352783203
4.041833400726318
4.023988246917725
4.0294318199157715
4.036437034606934
3.9887490272521973
3.985994338989258
3.993408441543579
3.9795870780944824
3.9920706748962402
3.984525442123413
3.983381509780884
3.9799273014068604
3.9859776496887207
3.9959473609924316
4.003355979919434
4.001728057861328
3.996856689453125
3.9949517250061035
3.9865734577178955
3.995037317276001
3.9889063835144043
3.9869251251220703
4.0041069984436035
3.9989302158355713
4.006443500518799
4.007715225219727
4.011200428009033
3.988304615020752
4.005895137786865
4.012319087982178
4.003552436828613
4.005672454833984
4.003504753112793
4.010618686676025
3.9988207817077637
4.007004261016846
4.005441188812256
4.005377292633057
3.99458646774292
4.001315593719482
4.005403518676758
3.992934226989746
4.00169038772583
4.002840995788574
4.003628253936768
3.9973268508911133
4.000833511352539
4.013899803161621
4.001293659210205
3.998077869415283
3.99523663520813
4.016157627105713
4.005659580230713
3.9963717460632324
4.025257110595703
4.037432670593262
4.0336503982543945
4.0332136154174805
4.039334297180176
4.032853126525879
4.032942295074463
4.032834529876709
4.035656452178955
4.036642074584961
3.6559367179870605
3.6734232902526855
3.657386541366577
3.640537738800049
3.63683819770813
3.626926898956299
3.6426661014556885
3.6308743953704834
3.646559238433838
3.636444091796875
3.6511144638061523
3.6476094722747803
3.66849946975708
3.6968157291412354
3.6518354415893555
3.660407066345215
3.669536828994751
3.6330370903015137
3.6497035026550293
3.6619081497192383
3.6533007621765137
3.6777801513671875
3.6565630435943604
3.6689016819000244
3.6642708778381348
3.6585144996643066
3.6606545448303223
3.629856586456299
3.6386423110961914
3.6667513847351074
3.5986809730529785
3.625532388687134
3.6085610389709473
3.5926647186279297
3.6222214698791504
3.5935347080230713
3.597670555114746
3.6038124561309814
3.5743000507354736
3.5831611156463623
3.641286611557007
3.6095023155212402
3.6199612617492676
3.6298532485961914
3.614488124847412
3.6117758750915527
3.6070010662078857
3.602034568786621
3.612151622772217
3.590824842453003
3.605272054672241
3.60817289352417
3.6247684955596924
3.6249337196350098
3.6341607570648193
3.6295166015625
3.589057445526123
3.6141834259033203
3.597308874130249
3.5988214015960693
3.6899704933166504
3.682407855987549
3.688951015472412
3.6682136058807373
3.648737668991089
3.7158472537994385
3.7108397483825684
3.659658908843994
3.7166693210601807
3.6744673252105713
3.7805840969085693
3.77658748626709
3.774245023727417
3.7610068321228027
3.7713873386383057
3.7596826553344727
3.7485549449920654
3.7468700408935547
3.7541518211364746
3.7605347633361816
3.8945515155792236
3.9051477909088135
3.8814315795898438
3.8642725944519043
3.8695003986358643
3.868476629257202
3.8609871864318848
3.873286724090576
3.869478225708008
3.871683120727539
2.6356146335601807
2.6076645851135254
2.5442588329315186
2.568930149078369
2.5288636684417725
2.574962615966797
2.4464516639709473
2.5151565074920654
2.551978349685669
2.5376598834991455
2.503009557723999
2.469956636428833
2.4579970836639404
2.4592411518096924
2.4203453063964844
2.407144784927368
2.4456756114959717
2.4101784229278564
2.3535709381103516
2.385035514831543
2.5733706951141357
2.4970028400421143
2.5265021324157715
2.427124261856079
2.4318387508392334
2.430371046066284
2.419851779937744
2.4029407501220703
2.435638189315796
2.3987929821014404
2.547067165374756
2.6104023456573486
2.5156326293945312
2.516845464706421
2.5255539417266846
2.4630138874053955
2.4691526889801025
2.4667510986328125
2.477142095565796
2.4391138553619385
2.781776189804077
2.7992751598358154
2.744673728942871
2.728590965270996
2.7597525119781494
2.6785078048706055
2.721203565597534
2.6395163536071777
2.6628036499023438
2.7059502601623535
2.824493408203125
2.85286283493042
2.78037428855896
2.7696497440338135
2.7827813625335693
2.8105931282043457
2.7296998500823975
2.710029363632202
2.8086256980895996
2.7188022136688232
3.0416479110717773
2.973327398300171
3.007457971572876
2.9009549617767334
2.9074580669403076
2.8457932472229004
2.9061994552612305
2.8678910732269287
2.8994734287261963
2.841892719268799
3.2074193954467773
3.19339656829834
3.159428119659424
3.1630795001983643
3.1088078022003174
3.108447790145874
3.0758070945739746
3.1314167976379395
3.036770820617676
3.064253568649292
3.344515323638916
3.2658872604370117
3.3398633003234863
3.2756688594818115
3.2511837482452393
3.2858808040618896
3.2562179565429688
3.294560194015503
3.198749303817749
3.278092622756958
