4.040261268615723
4.028445720672607
4.031149387359619
4.039894104003906
4.042565822601318
4.042664527893066
4.038573265075684
4.039971828460693
4.047325134277344
4.034351825714111
4.052361488342285
4.042420387268066
4.04957389831543
4.05198860168457
4.033215522766113
4.045783042907715
4.0548014640808105
4.040979862213135
4.03828763961792
4.040340900421143
4.037853240966797
4.022998809814453
4.027712345123291
4.036433219909668
4.029930114746094
4.0377044677734375
4.04168176651001
4.023852825164795
4.029292583465576
4.03627872467041
3.988687515258789
3.9859354496002197
3.9933249950408936
3.979532241821289
3.9919776916503906
3.9844765663146973
3.983308792114258
3.9798502922058105
3.9859306812286377
3.9958724975585938
4.003284454345703
4.0016045570373535
3.9967758655548096
3.9948744773864746
3.9864342212677
3.9949519634246826
3.9888052940368652
3.9868288040161133
4.004003047943115
3.9988532066345215
4.006252765655518
4.007514476776123
4.0109968185424805
3.9881515502929688
4.005730628967285
4.012123107910156
4.003373146057129
4.005532264709473
4.003335475921631
4.010400772094727
3.9986159801483154
4.006842613220215
4.005280494689941
4.005203723907471
3.994368076324463
4.001144886016846
4.005201816558838
3.992729425430298
4.001489639282227
4.002636432647705
4.003466606140137
3.9972052574157715
4.0007548332214355
4.013753890991211
4.00114107131958
3.9979095458984375
3.9950759410858154
4.016017913818359
4.005540370941162
3.9962077140808105
4.025089740753174
4.0373077392578125
4.033501625061035
4.0330963134765625
4.039129734039307
4.0326948165893555
4.032808780670166
4.032606601715088
4.035465240478516
4.03643798828125
3.654385805130005
3.6717002391815186
3.6557421684265137
3.639047861099243
3.635145664215088
3.625277280807495
3.640738010406494
3.629171133041382
3.644848585128784
3.6348094940185547
3.6494200229644775
3.6459600925445557
3.666562557220459
3.695112705230713
3.650222063064575
3.65879487991333
3.667973756790161
3.6312389373779297
3.6480560302734375
3.660341262817383
3.6517724990844727
3.6762218475341797
3.655099630355835
3.6674649715423584
3.6627285480499268
3.6571128368377686
3.6590044498443604
3.6283230781555176
3.6370413303375244
3.6649250984191895
3.59721302986145
3.6239073276519775
3.6072275638580322
3.591114044189453
3.6209754943847656
3.5919687747955322
3.596031904220581
3.6022918224334717
3.572664737701416
3.5814836025238037
3.6396141052246094
3.6080644130706787
3.6183278560638428
3.628037691116333
3.61313533782959
3.61004638671875
3.605410575866699
3.600069046020508
3.6105146408081055
3.5891611576080322
3.6041014194488525
3.6064722537994385
3.6228151321411133
3.6229088306427
3.632683038711548
3.6274733543395996
3.587019681930542
3.612192392349243
3.5953848361968994
3.597060203552246
3.6879780292510986
3.680828332901001
3.68697452545166
3.666398048400879
3.6469027996063232
3.7138307094573975
3.709568500518799
3.6582608222961426
3.7149486541748047
3.6723318099975586
3.7794368267059326
3.7756946086883545
3.7733962535858154
3.7596817016601562
3.7697818279266357
3.758532762527466
3.7473223209381104
3.745373010635376
3.753239631652832
3.759758472442627
3.892848491668701
3.9036810398101807
3.8800463676452637
3.8631136417388916
3.8691012859344482
3.866773843765259
3.8604328632354736
3.871523141860962
3.8679370880126953
3.870877265930176
2.6356797218322754
2.606316566467285
2.542846202850342
2.5666472911834717
2.5270538330078125
2.5726420879364014
2.443171501159668
2.5113525390625
2.547579765319824
2.534602403640747
2.500657081604004
2.4681179523468018
2.4568679332733154
2.458217144012451
2.418760061264038
2.4041800498962402
2.4439775943756104
2.4078543186187744
2.350947618484497
2.382641553878784
2.5703296661376953
2.4960379600524902
2.5236737728118896
2.423440456390381
2.428870439529419
2.428302526473999
2.416369915008545
2.3992018699645996
2.432392120361328
2.3959293365478516
2.5430731773376465
2.609140396118164
2.5147576332092285
2.51497745513916
2.524190664291382
2.4608633518218994
2.470499277114868
2.4661331176757812
2.4768738746643066
2.4370267391204834
2.7815444469451904
2.798933506011963
2.7428088188171387
2.7284092903137207
2.7585604190826416
2.6785154342651367
2.7211484909057617
2.640814781188965
2.6635286808013916
2.7042980194091797
2.825416088104248
2.8532423973083496
2.781623601913452
2.772812604904175
2.7820215225219727
2.8129377365112305
2.7326717376708984
2.713275194168091
2.810542345046997
2.721343755722046
3.0423476696014404
2.975972890853882
3.0076191425323486
2.9036076068878174
2.9073362350463867
2.8482232093811035
2.9076924324035645
2.868969440460205
2.902801990509033
2.8453526496887207
3.2092812061309814
3.194596529006958
3.165541887283325
3.1666226387023926
3.111032009124756
3.1121671199798584
3.080336093902588
3.1365513801574707
3.0406484603881836
3.0674309730529785
3.349374294281006
3.2704529762268066
3.342221736907959
3.281757354736328
3.256539821624756
3.2924811840057373
3.260300636291504
3.2993979454040527
3.2024686336517334
3.2843332290649414
2.0576632022857666
2.059015989303589
2.0665645599365234
1.9813874959945679
1.968388319015503
1.9319801330566406
1.966994285583496
1.9751571416854858
1.9554623365402222
1.9185413122177124
2.1360092163085938
2.107886791229248
2.1001570224761963
2.068467140197754
2.154100179672241
2.0542733669281006
2.085369110107422
2.0582022666931152
2.091846227645874
2.0449533462524414
2.3032407760620117
2.2517173290252686
2.261322021484375
2.266145706176758
2.2988171577453613
2.232475996017456
2.2491626739501953
2.2290022373199463
2.2440152168273926
2.2522318363189697
2.4366419315338135
2.4229414463043213
2.457688808441162
2.4271645545959473
2.371732234954834
2.347076892852783
2.4016757011413574
2.395299196243286
2.3886220455169678
2.337820053100586
2.687382459640503
2.723785161972046
2.6628851890563965
2.721524477005005
2.6274659633636475
2.7020671367645264
2.685504198074341
2.701900005340576
2.627516508102417
2.6023523807525635
3.0697972774505615
3.0280842781066895
3.0325968265533447
3.0528342723846436
3.0670814514160156
3.0035314559936523
3.0514683723449707
3.0290181636810303
2.9728145599365234
2.943424701690674
3.425044298171997
3.4509737491607666
3.3527894020080566
3.3932275772094727
3.3599648475646973
3.3429722785949707
3.409583568572998
3.331382989883423
3.338402271270752
3.3091561794281006
3.2515134811401367
3.1813933849334717
3.1357972621917725
3.1939659118652344
3.1225993633270264
3.1125357151031494
3.12416410446167
3.1030185222625732
3.0102145671844482
3.1097989082336426
3.319380760192871
3.265281915664673
3.324350357055664
3.3059120178222656
3.32405424118042
3.2181143760681152
3.2265021800994873
3.1943771839141846
3.2896320819854736
3.2115790843963623
1.7534998655319214
1.7498767375946045
1.771033763885498
1.7574514150619507
1.7240359783172607
1.726974368095398
1.6770213842391968
1.7145336866378784
1.6923257112503052
1.7033582925796509
1.8551055192947388
1.8577622175216675
1.8543790578842163
1.8058769702911377
1.8214021921157837
1.8262479305267334
1.8227269649505615
1.7993614673614502
1.7685638666152954
1.7658270597457886
2.120725154876709
2.1146621704101562
2.1080071926116943
2.095752716064453
2.074333429336548
2.0709946155548096
2.0587246417999268
2.047417163848877
2.034794569015503
2.0078396797180176
2.4571661949157715
2.5204715728759766
2.4559855461120605
2.45474910736084
2.4652514457702637
2.492706775665283
2.4325053691864014
2.374680995941162
2.3569793701171875
2.4298202991485596
2.936105966567993
2.9163942337036133
2.937196731567383
2.913468837738037
2.8805160522460938
2.8360705375671387
2.8900363445281982
2.8094465732574463
2.8691906929016113
2.8218846321105957
3.0164453983306885
2.9899775981903076
2.996964931488037
2.9777119159698486
2.9315497875213623
2.9234018325805664
2.9304428100585938
2.9163906574249268
2.8985185623168945
2.8716440200805664
2.861238956451416
2.8323590755462646
2.783412456512451
2.778571367263794
2.733358383178711
2.728537082672119
2.6870336532592773
2.7066662311553955
2.671461582183838
2.6873111724853516
3.081909656524658
3.10042142868042
3.019526720046997
3.066232919692993
2.99455189704895
3.012033224105835
3.011838674545288
2.9815890789031982
2.969766616821289
2.920327663421631
3.535189151763916
3.528630256652832
3.518631935119629
3.429537057876587
3.499352216720581
3.416189193725586
3.4460396766662598
3.4457685947418213
3.392535924911499
3.366880416870117
1.5534435510635376
1.5722565650939941
1.5513620376586914
1.515758752822876
1.5198023319244385
1.500806450843811
1.4836839437484741
1.4629160165786743
1.4707235097885132
1.4436891078948975
1.7363061904907227
1.6599245071411133
1.6923807859420776
1.6998462677001953
1.6440284252166748
1.6868184804916382
1.6470112800598145
1.6543077230453491
1.644635796546936
1.6576837301254272
1.932694435119629
1.977966070175171
1.9299043416976929
1.9162349700927734
1.9340965747833252
1.9214580059051514
1.9257361888885498
1.911289095878601
1.8372914791107178
1.8529853820800781
2.342729330062866
2.360208511352539
2.2873780727386475
2.309880256652832
2.2876229286193848
2.3125524520874023
2.255408763885498
2.255169630050659
2.2724406719207764
2.220280170440674
2.915637731552124
2.8723912239074707
2.836165428161621
2.870605707168579
2.8137571811676025
2.7834463119506836
2.7684431076049805
2.7687418460845947
2.7140820026397705
2.7644472122192383
2.8926331996917725
2.817528009414673
2.8306283950805664
2.816394567489624
2.758436441421509
2.757070541381836
2.765732765197754
2.7184340953826904
2.7490382194519043
2.72214674949646
3.177204132080078
3.1588640213012695
3.0884690284729004
3.070244789123535
3.127875328063965
3.0981357097625732
3.0847649574279785
3.0805768966674805
3.0232343673706055
3.0057661533355713
3.1312711238861084
3.098550796508789
3.057224988937378
3.116030693054199
3.0707106590270996
2.9968862533569336
2.9721460342407227
2.9761805534362793
2.965437412261963
2.9360618591308594
3.1725382804870605
3.1901357173919678
3.237825393676758
3.1455578804016113
3.070289373397827
3.195401430130005
3.07645845413208
3.0654571056365967
3.050959587097168
3.0759575366973877
2.2035837173461914
2.23272442817688
2.184645891189575
2.149686574935913
2.1080451011657715
2.117542266845703
2.1140964031219482
2.086820602416992
2.096977949142456
2.0649518966674805
2.244724988937378
2.2289743423461914
2.182586669921875
2.212110996246338
2.254493236541748
2.191342830657959
2.1292145252227783
2.16318678855896
2.0847761631011963
2.1321120262145996
2.383657217025757
2.2770349979400635
2.2652149200439453
2.2753405570983887
2.293281316757202
2.2297186851501465
2.3207499980926514
2.2524983882904053
2.2285189628601074
2.2292137145996094
2.5338222980499268
2.503161907196045
2.491483211517334
2.5626795291900635
2.515352487564087
2.4497923851013184
2.4372241497039795
2.4020566940307617
2.422637462615967
2.4069101810455322
2.859257221221924
2.820512056350708
2.822176933288574
2.7551469802856445
2.8054635524749756
2.7397115230560303
2.685373306274414
2.7375998497009277
2.711482524871826
2.7163074016571045
3.0036840438842773
3.0199520587921143
3.0190162658691406
3.0394115447998047
2.9786763191223145
2.876569986343384
2.918780565261841
2.9563987255096436
2.8434038162231445
2.846916675567627
3.1260223388671875
3.194911241531372
3.1179442405700684
3.101222038269043
3.0453732013702393
3.128645896911621
3.0092248916625977
3.054356098175049
3.039724111557007
3.0473921298980713
3.256661891937256
3.2176496982574463
3.1813242435455322
3.161106824874878
3.149441957473755
3.1160402297973633
3.1213793754577637
3.059882640838623
3.0606915950775146
3.0106425285339355
3.674487590789795
3.6702842712402344
3.5663204193115234
3.648791551589966
3.646178960800171
3.5457911491394043
3.5520803928375244
3.549062490463257
3.551466226577759
3.489323139190674
3.1046862602233887
3.0307674407958984
3.002358913421631
3.0013322830200195
2.918532371520996
2.9398281574249268
2.9300551414489746
2.8709757328033447
2.7819864749908447
2.78424334526062
2.965482234954834
2.8893449306488037
2.840648651123047
2.8110105991363525
2.7908871173858643
2.76021409034729
2.7806711196899414
2.695154905319214
2.6879944801330566
2.671499013900757
2.9129202365875244
2.8600575923919678
2.802232503890991
2.8135480880737305
2.7314796447753906
2.747523307800293
2.739286184310913
2.746877908706665
2.6669979095458984
2.6679279804229736
2.9448018074035645
2.943704843521118
2.8916075229644775
2.8684587478637695
2.873098850250244
2.753065824508667
2.7971677780151367
2.7655978202819824
2.7066845893859863
2.673736810684204
3.2972774505615234
3.2244973182678223
3.2324628829956055
3.145118236541748
3.092724561691284
3.0798981189727783
3.0551016330718994
3.0108096599578857
3.019530773162842
2.929694414138794
3.160057306289673
3.1957716941833496
3.0969161987304688
3.0824477672576904
3.018886089324951
3.0618462562561035
2.9542994499206543
2.873112916946411
2.936805248260498
2.846846580505371
3.3729050159454346
3.3987507820129395
3.371835947036743
3.2513997554779053
3.287843704223633
3.213275671005249
3.2198314666748047
3.206601619720459
3.183401584625244
3.113784074783325
3.168825626373291
3.0919060707092285
3.114734649658203
3.068798303604126
2.960707664489746
3.001723289489746
2.982206344604492
2.981170415878296
2.851861000061035
2.8458173274993896
3.213833808898926
3.155461311340332
3.137824058532715
3.10237455368042
3.0742878913879395
2.975675344467163
2.9007723331451416
2.9460816383361816
2.9478917121887207
2.909860372543335
2.867758274078369
2.8034441471099854
2.756122350692749
2.7649662494659424
2.725787878036499
2.6715543270111084
2.5977272987365723
2.6122443675994873
2.5311808586120605
2.484217882156372
2.6359212398529053
2.5784950256347656
2.5498061180114746
2.5381805896759033
2.5149104595184326
2.4749197959899902
2.4611098766326904
2.449014663696289
2.4050819873809814
2.3287949562072754
2.4590513706207275
2.484483242034912
2.428295612335205
2.3727593421936035
2.3637349605560303
2.3640427589416504
2.3178868293762207
2.355499267578125
2.289959669113159
2.2949986457824707
2.656667709350586
2.6368093490600586
2.576651096343994
2.52695631980896
2.558342933654785
2.534287929534912
2.5331923961639404
2.4944865703582764
2.4691884517669678
2.495232105255127
2.7077739238739014
2.729135513305664
2.687285900115967
2.7070083618164062
2.6546242237091064
2.663522720336914
2.6408843994140625
2.6148910522460938
2.5490365028381348
2.538316488265991
3.043679714202881
2.98400616645813
2.9400277137756348
2.944676399230957
2.8902742862701416
2.8989458084106445
2.830784559249878
2.853239059448242
2.817540168762207
2.800929546356201
2.973665714263916
2.9485225677490234
2.9447829723358154
2.88222336769104
2.878443479537964
2.8642795085906982
2.8077845573425293
2.8230464458465576
2.80171799659729
2.8178579807281494
3.263666868209839
3.277972459793091
3.2287120819091797
3.2141690254211426
3.2005367279052734
3.1303229331970215
3.1334216594696045
3.096281051635742
3.0969362258911133
3.0599701404571533
3.3227531909942627
3.344102382659912
3.3779993057250977
3.334699869155884
3.2932419776916504
3.261741876602173
3.2546603679656982
3.1969075202941895
3.2575414180755615
3.2123701572418213
2.8526532649993896
2.8277690410614014
2.7803473472595215
2.777289390563965
2.7388148307800293
2.6471734046936035
2.567523956298828
2.5949528217315674
2.5421042442321777
2.5668749809265137
2.631784200668335
2.631171703338623
2.5824222564697266
2.540827989578247
2.524158239364624
2.51308274269104
2.4878926277160645
2.4430088996887207
2.4179182052612305
2.3671298027038574
2.5908703804016113
2.623323678970337
2.5569958686828613
2.524069309234619
2.525681972503662
2.520714282989502
2.496634006500244
2.4473860263824463
2.4396748542785645
2.3869354724884033
2.8635075092315674
2.8642218112945557
2.8060710430145264
2.8082950115203857
2.801215171813965
2.7862751483917236
2.706463575363159
2.681276321411133
2.6584606170654297
2.639141321182251
2.9965906143188477
2.9832444190979004
2.8886046409606934
2.9358339309692383
2.903127908706665
2.830933094024658
2.7742531299591064
2.8056447505950928
2.787997245788574
2.7657999992370605
3.2177541255950928
3.1828689575195312
3.1382789611816406
3.0971548557281494
3.066281795501709
3.0049073696136475
3.037010669708252
2.9719576835632324
2.9241676330566406
2.9222114086151123
3.212559700012207
3.1820085048675537
3.1799304485321045
3.0810353755950928
3.10691499710083
3.0511858463287354
3.001115322113037
2.9672107696533203
2.9900617599487305
2.9504737854003906
3.17570161819458
3.1249914169311523
3.0303573608398438
3.0876989364624023
3.0012409687042236
2.9800243377685547
3.020902395248413
2.997992992401123
2.9757184982299805
2.867338180541992
3.384814500808716
3.3465394973754883
3.311552047729492
3.299542188644409
3.2381551265716553
3.1989002227783203
3.2003896236419678
3.134744882583618
3.1073434352874756
3.1166253089904785
3.186202049255371
3.1395022869110107
3.059502363204956
3.0669472217559814
3.034651756286621
2.9285786151885986
2.9018375873565674
2.8854002952575684
2.838798999786377
2.7980825901031494
2.8577208518981934
2.8315672874450684
2.7879817485809326
2.786421060562134
2.7140696048736572
2.6774861812591553
2.622060537338257
2.613577127456665
2.5881099700927734
2.5741066932678223
2.7746760845184326
2.7183921337127686
2.694187641143799
2.693809986114502
2.6561508178710938
2.5730502605438232
2.561828136444092
2.5021791458129883
2.5216426849365234
2.4699759483337402
2.920405149459839
2.895268201828003
2.8052244186401367
2.791161060333252
2.6854360103607178
2.6854093074798584
2.677929162979126
2.6335909366607666
2.6236560344696045
2.635673999786377
3.1201012134552
3.054267644882202
3.101134777069092
2.996073007583618
2.950328826904297
2.8386144638061523
2.858786106109619
2.768479585647583
2.7828991413116455
2.768294334411621
2.948115110397339
3.0071756839752197
2.9686741828918457
2.8659262657165527
2.849966526031494
2.7766008377075195
2.7764406204223633
2.7602438926696777
2.7030229568481445
2.7277793884277344
3.173067569732666
3.102919101715088
3.143977642059326
3.145916223526001
3.0834882259368896
3.046623468399048
3.0226645469665527
3.0268361568450928
3.0075745582580566
2.993853807449341
3.551438808441162
3.4969608783721924
3.509935140609741
3.475374937057495
3.473721504211426
3.3997294902801514
3.4190239906311035
3.333824396133423
3.3263401985168457
3.262875556945801
3.3903911113739014
3.3779373168945312
3.308716058731079
3.328005075454712
3.303245782852173
3.2814137935638428
3.1758675575256348
3.1775660514831543
3.215925693511963
3.1451549530029297
2.297694444656372
2.261381149291992
2.23058819770813
2.1885836124420166
2.1347219944000244
2.0892348289489746
2.066406726837158
2.07332706451416
2.037053346633911
2.0197486877441406
2.0387566089630127
2.0417466163635254
2.0076472759246826
1.992301344871521
1.9907445907592773
1.949116826057434
1.9459493160247803
1.9366689920425415
1.9245495796203613
1.917425274848938
2.1385810375213623
2.136059045791626
2.079547882080078
2.0567502975463867
2.0390312671661377
2.0349323749542236
2.009854316711426
2.0359480381011963
2.013801097869873
2.005232572555542
2.355912923812866
2.3318214416503906
2.377699613571167
2.341769218444824
2.3334999084472656
2.3245205879211426
2.287774085998535
2.2558846473693848
2.3126766681671143
2.242750644683838
2.9397647380828857
2.9303598403930664
2.8868815898895264
2.83284330368042
2.8104774951934814
2.853144645690918
2.8303308486938477
2.7815163135528564
2.83082914352417
2.75610613822937
3.476365327835083
3.36063814163208
3.3321340084075928
3.341829776763916
3.2999863624572754
3.2675368785858154
3.264575242996216
3.2235536575317383
3.193739414215088
3.2083771228790283
3.3294668197631836
3.277256965637207
3.191824436187744
3.163968086242676
3.130765676498413
3.1349172592163086
3.085498332977295
3.0851917266845703
3.0355732440948486
3.017341136932373
3.571436643600464
3.530089855194092
3.5225014686584473
3.4640774726867676
3.4370462894439697
3.403895854949951
3.382291793823242
3.353774070739746
3.321143627166748
3.2570018768310547
3.566418409347534
3.485722541809082
3.4833197593688965
3.5032713413238525
3.4055771827697754
3.4616382122039795
3.360703945159912
3.3425934314727783
3.310267686843872
3.3098719120025635
3.739959955215454
3.6398138999938965
3.5854153633117676
3.515970468521118
3.4071412086486816
3.349626302719116
3.2077910900115967
3.1464247703552246
3.100161075592041
3.069195508956909
3.1064791679382324
3.0141923427581787
2.976820230484009
2.8500797748565674
2.852912664413452
2.7823963165283203
2.7330217361450195
2.6777966022491455
2.6503560543060303
2.546806812286377
2.7370471954345703
2.6876447200775146
2.589515447616577
2.545625686645508
2.532679796218872
2.44132661819458
2.4329493045806885
2.3869714736938477
2.3554885387420654
2.301814079284668
2.7244653701782227
2.621645927429199
2.5530505180358887
2.550661325454712
2.512314796447754
2.4581899642944336
2.3960278034210205
2.3743741512298584
2.3543949127197266
2.2495601177215576
3.0604946613311768
2.973616123199463
2.890944242477417
2.8507027626037598
2.8387908935546875
2.79886794090271
2.7407493591308594
2.6413159370422363
2.6071465015411377
2.6188039779663086
2.92987060546875
2.9032866954803467
2.884249687194824
2.8345859050750732
2.7754809856414795
2.711836576461792
2.659808397293091
2.606590747833252
2.580410957336426
2.564279079437256
2.8875043392181396
2.8112847805023193
2.7653980255126953
2.737166166305542
2.652780055999756
2.591864824295044
2.6013247966766357
2.559824228286743
2.4994609355926514
2.5073201656341553
3.104313850402832
3.1604559421539307
2.994800567626953
2.962233781814575
2.9215922355651855
2.885836601257324
2.8498849868774414
2.7566094398498535
2.7585208415985107
2.6544151306152344
3.219651699066162
3.234039306640625
3.177274703979492
3.15264630317688
3.0782740116119385
3.0419039726257324
3.0395426750183105
2.9427173137664795
2.8786535263061523
2.8419997692108154
2.449538230895996
2.382580041885376
2.3925349712371826
2.3628313541412354
2.262582302093506
2.259199619293213
2.218280076980591
2.179176092147827
2.1596274375915527
2.1324009895324707
2.2324979305267334
2.150022029876709
2.1683151721954346
2.1222033500671387
2.064668655395508
2.0604088306427
2.0281050205230713
2.0117781162261963
1.9921051263809204
1.9589165449142456
2.2317380905151367
2.216107130050659
2.181443691253662
2.150449752807617
2.101461410522461
2.1295411586761475
2.10282039642334
2.0353739261627197
2.025536060333252
2.011258840560913
2.302060604095459
2.315805673599243
2.2625856399536133
2.2518959045410156
2.205679416656494
2.197427749633789
2.1870999336242676
2.152705669403076
2.0978496074676514
2.1011123657226562
2.682429790496826
2.6581027507781982
2.6178488731384277
2.6010029315948486
2.5483641624450684
2.482534408569336
2.418998956680298
2.468290090560913
2.423372268676758
2.3391809463500977
2.743274688720703
2.7392985820770264
2.757408618927002
2.6621780395507812
2.6596667766571045
2.646312952041626
2.5699880123138428
2.5692739486694336
2.5194709300994873
2.5087995529174805
3.264949321746826
3.146162986755371
3.125669002532959
3.0573666095733643
3.061004638671875
2.9890811443328857
2.9483208656311035
2.888831853866577
2.860377550125122
2.7944207191467285
3.205996036529541
3.1618199348449707
3.127655267715454
3.0985870361328125
3.1270647048950195
3.017343759536743
3.02786922454834
2.928804636001587
2.9161391258239746
2.892270803451538
3.066711664199829
3.0347023010253906
2.989252805709839
2.9703574180603027
2.9872779846191406
2.915358543395996
2.906749725341797
2.847546100616455
2.790820598602295
2.780881881713867
3.1506447792053223
3.06607723236084
2.997605323791504
2.954569101333618
2.897416114807129
2.869283437728882
2.7951154708862305
2.747725009918213
2.6966543197631836
2.629023551940918
2.826655387878418
2.779862403869629
2.687218189239502
2.6592466831207275
2.6267387866973877
2.549144983291626
2.4411675930023193
2.4249517917633057
2.3834187984466553
2.348635196685791
2.7730445861816406
2.6972053050994873
2.6428184509277344
2.611906051635742
2.525277614593506
2.4584555625915527
2.4159297943115234
2.425339937210083
2.3873250484466553
2.346933126449585
2.9739830493927
2.9090263843536377
2.845592737197876
2.7809736728668213
2.7214126586914062
2.748202323913574
2.7277846336364746
2.70027494430542
2.6004936695098877
2.6104416847229004
3.1217424869537354
3.0342116355895996
2.976416826248169
2.961148262023926
2.938455581665039
2.8933839797973633
2.841564893722534
2.7814245223999023
2.761448860168457
2.753063201904297
3.2126710414886475
3.1429364681243896
3.1021597385406494
3.0551977157592773
3.0013179779052734
2.9569811820983887
2.902069091796875
2.8645412921905518
2.8520312309265137
2.8278019428253174
2.94510555267334
2.925259590148926
2.8319239616394043
2.833919048309326
2.780479669570923
2.7055346965789795
2.675839424133301
2.641857862472534
2.645935297012329
2.5969126224517822
2.7909045219421387
2.822680711746216
2.803410768508911
2.6890437602996826
2.6553945541381836
2.6359055042266846
2.562300443649292
2.6102919578552246
2.488396167755127
2.488428831100464
3.1843347549438477
3.1525521278381348
3.081359624862671
3.0147910118103027
2.998652458190918
2.987995147705078
2.9310169219970703
2.9228262901306152
2.869215250015259
2.8318896293640137
2.0479321479797363
1.983392357826233
1.9562269449234009
1.901971459388733
1.8681715726852417
1.8500356674194336
1.818382978439331
1.8217575550079346
1.802664041519165
1.7702932357788086
1.9845637083053589
1.9468989372253418
1.9434592723846436
1.9148672819137573
1.9007513523101807
1.8914122581481934
1.8490134477615356
1.8333866596221924
1.8046272993087769
1.7895524501800537
2.2412257194519043
2.1860435009002686
2.178844690322876
2.153296947479248
2.116288423538208
2.0919644832611084
2.073899745941162
2.0490059852600098
2.023587226867676
1.988114356994629
2.549020767211914
2.4873530864715576
2.4818146228790283
2.472414970397949
2.4371447563171387
2.4200258255004883
2.4153268337249756
2.348384141921997
2.311945676803589
2.314232587814331
2.872467279434204
2.879634141921997
2.8528988361358643
2.775879383087158
2.767343044281006
2.72377872467041
2.7072410583496094
2.667579174041748
2.668466806411743
2.626760244369507
3.158958673477173
3.117412805557251
3.071650743484497
3.0717403888702393
3.038749933242798
3.0296192169189453
2.978668451309204
2.9952712059020996
2.96183705329895
2.8486156463623047
2.874823570251465
2.781515121459961
2.7636022567749023
2.740461587905884
2.7611734867095947
2.685983180999756
2.7002758979797363
2.6570613384246826
2.6658146381378174
2.6116912364959717
3.16798996925354
3.120882749557495
3.086393117904663
3.0598626136779785
3.0001039505004883
2.984564781188965
2.975367546081543
2.913156032562256
2.865154504776001
2.859607219696045
2.9677510261535645
2.8957908153533936
2.8817832469940186
2.864997625350952
2.759910821914673
2.8245105743408203
2.7544734477996826
2.736264944076538
2.7249443531036377
2.6037752628326416
2.3679256439208984
2.2956290245056152
2.24566650390625
2.1906726360321045
2.1676712036132812
2.122775077819824
2.0565834045410156
1.9904693365097046
1.960587978363037
1.9169317483901978
2.001878261566162
1.9663875102996826
1.9029656648635864
1.901179313659668
1.8492097854614258
1.8257282972335815
1.7895408868789673
1.760240912437439
1.732824444770813
1.7191951274871826
1.9917012453079224
2.003476858139038
1.942406177520752
1.9422353506088257
1.9199531078338623
1.858733892440796
1.8397055864334106
1.80776846408844
1.7822185754776
1.7769279479980469
2.3081552982330322
2.338487148284912
2.292069911956787
2.272057294845581
2.2244715690612793
2.201854705810547
2.163358688354492
2.0871357917785645
2.1077158451080322
2.0741686820983887
2.7347819805145264
2.704845666885376
2.6537070274353027
2.5875403881073
2.587954521179199
2.603908061981201
2.459304094314575
2.566481113433838
2.502873659133911
2.4943275451660156
2.658247947692871
2.6877763271331787
2.652961015701294
2.573399543762207
2.501821517944336
2.4991071224212646
2.4873321056365967
2.4337611198425293
2.348802328109741
2.369884729385376
2.910090446472168
2.8418428897857666
2.804636001586914
2.7763278484344482
2.7784740924835205
2.7108817100524902
2.681865930557251
2.654613733291626
2.623467206954956
2.597533941268921
2.892102003097534
2.964270830154419
2.846240520477295
2.832543134689331
2.847647190093994
2.7949438095092773
2.7768309116363525
2.6943118572235107
2.676800489425659
2.670747756958008
3.3424694538116455
3.2774651050567627
3.243370532989502
3.2424609661102295
3.2031807899475098
3.180328130722046
3.156365394592285
3.1190476417541504
3.0989131927490234
3.0586225986480713
2.6751487255096436
2.648852586746216
2.5735371112823486
2.548581838607788
2.5004985332489014
2.430882215499878
2.392042875289917
2.3386998176574707
2.2815957069396973
2.241865873336792
2.3861701488494873
2.3641116619110107
2.3228647708892822
2.2743260860443115
2.2087435722351074
2.187155246734619
2.208975315093994
2.161501407623291
2.0878090858459473
2.0640158653259277
2.309436321258545
2.243851661682129
2.261329412460327
2.1792287826538086
2.169952392578125
2.155287981033325
2.107814311981201
2.103248357772827
2.091186046600342
2.0372860431671143
2.46893572807312
2.483380079269409
2.4138073921203613
2.398052930831909
2.3846042156219482
2.3512563705444336
2.3037607669830322
2.323847770690918
2.2994415760040283
2.2786316871643066
2.747584819793701
2.7185404300689697
2.6631717681884766
2.650974750518799
2.5973258018493652
2.5700409412384033
2.5097198486328125
2.4665050506591797
2.461580753326416
2.415933847427368
2.918160915374756
2.8855278491973877
2.8832130432128906
2.8319554328918457
2.8026678562164307
2.7525038719177246
2.6985716819763184
2.6509411334991455
2.661984920501709
2.591871500015259
2.75422739982605
2.7520997524261475
2.7472281455993652
2.6910736560821533
2.7007153034210205
2.647881507873535
2.608405590057373
2.564967632293701
2.512441396713257
2.4949562549591064
3.1794655323028564
3.1650497913360596
3.1192877292633057
3.0155200958251953
3.0222971439361572
3.0042104721069336
2.9657068252563477
2.9474401473999023
2.8886771202087402
2.869483709335327
2.657918930053711
2.665382146835327
2.6161866188049316
2.6021125316619873
2.5537123680114746
2.5218210220336914
2.517997980117798
2.4959335327148438
2.483637809753418
2.4027609825134277
2.292773723602295
2.216163396835327
2.133875846862793
2.049429178237915
2.0135338306427
1.9510329961776733
1.920272946357727
1.8553146123886108
1.8439676761627197
1.8069278001785278
1.9134023189544678
1.8644578456878662
1.830038070678711
1.7921260595321655
1.754947304725647
1.7263476848602295
1.637466311454773
1.6515523195266724
1.6447182893753052
1.6137264966964722
1.8426556587219238
1.8270183801651
1.806920051574707
1.7794711589813232
1.737914800643921
1.7112703323364258
1.691572904586792
1.6807255744934082
1.6462047100067139
1.5980305671691895
2.1188642978668213
2.049117088317871
2.054877758026123
1.9892915487289429
1.9944285154342651
1.9464925527572632
1.9190682172775269
1.8490912914276123
1.8596928119659424
1.8328860998153687
2.5583014488220215
2.5169520378112793
2.4882707595825195
2.4878392219543457
2.4437482357025146
2.370962381362915
2.34228777885437
2.283970832824707
2.2466049194335938
2.2153592109680176
2.873549461364746
2.808884859085083
2.7765471935272217
2.7040107250213623
2.680962085723877
2.700307607650757
2.622593402862549
2.5713984966278076
2.5238139629364014
2.5190818309783936
2.8931164741516113
2.844421863555908
2.793703079223633
2.824695587158203
2.7580928802490234
2.742591142654419
2.7155423164367676
2.680879831314087
2.6203768253326416
2.6456925868988037
2.9738640785217285
2.979637861251831
2.9668779373168945
2.9035987854003906
2.881096601486206
2.8414883613586426
2.7970871925354004
2.7318356037139893
2.7078754901885986
2.659525156021118
3.1737289428710938
3.1313626766204834
3.1258962154388428
3.11429500579834
3.045930862426758
3.051278591156006
2.9627585411071777
2.94522762298584
2.9070067405700684
2.8700127601623535
1.3702830076217651
1.310341238975525
1.3073266744613647
1.26833975315094
1.2307019233703613
1.2259793281555176
1.2004046440124512
1.1967856884002686
1.1340038776397705
1.1349503993988037
1.365227222442627
1.3708144426345825
1.3087456226348877
1.290382742881775
1.3000586032867432
1.2852436304092407
1.2778325080871582
1.2381432056427002
1.206573247909546
1.215697169303894
1.550320029258728
1.5525990724563599
1.498652458190918
1.5109989643096924
1.473760962486267
1.456168532371521
1.4272968769073486
1.434325933456421
1.4213801622390747
1.3814796209335327
1.8704736232757568
1.8299130201339722
1.836473822593689
1.7831612825393677
1.7633764743804932
1.7162014245986938
1.7396522760391235
1.6882600784301758
1.6882548332214355
1.6737456321716309
2.193077325820923
2.1614301204681396
2.1324944496154785
2.0806660652160645
2.0654540061950684
2.0234580039978027
1.9953906536102295
2.0009803771972656
1.921691656112671
1.9089393615722656
2.7826077938079834
2.750694751739502
2.6953694820404053
2.648787498474121
2.6064653396606445
2.554609537124634
2.521026849746704
2.4857797622680664
2.4454708099365234
2.429370880126953
3.030902862548828
2.919174909591675
2.862964630126953
2.8674638271331787
2.8888230323791504
2.8007454872131348
2.7650129795074463
2.7288265228271484
2.6978023052215576
2.664332866668701
2.992255926132202
2.9520792961120605
2.8829565048217773
2.85823655128479
2.841559886932373
2.81451153755188
2.7842166423797607
2.7858781814575195
2.7336246967315674
2.6996617317199707
2.922450542449951
2.8840131759643555
2.8109991550445557
2.8030200004577637
2.795273780822754
2.7488043308258057
2.693540096282959
2.687192916870117
2.667444944381714
2.613435983657837
1.263266682624817
1.2393745183944702
1.2030097246170044
1.1779175996780396
1.1624935865402222
1.1300935745239258
1.1567213535308838
1.1207040548324585
1.0940921306610107
1.0766448974609375
1.3025954961776733
1.2866578102111816
1.2694627046585083
1.2590868473052979
1.254075050354004
1.2619608640670776
1.1837385892868042
1.178919792175293
1.199055790901184
1.1862438917160034
1.6134487390518188
1.6001205444335938
1.5594042539596558
1.5773850679397583
1.5403915643692017
1.535706639289856
1.5194543600082397
1.5157577991485596
1.4779397249221802
1.5344948768615723
1.975198745727539
1.949341058731079
1.946437120437622
1.8903471231460571
1.8784581422805786
1.8700082302093506
1.8694736957550049
1.8454289436340332
1.813832402229309
1.8041905164718628
2.6146557331085205
2.5168237686157227
2.5126702785491943
2.474199056625366
2.4574949741363525
2.4230613708496094
2.408290386199951
2.3421690464019775
2.3302202224731445
2.300665855407715
2.782656669616699
2.8040735721588135
2.710615873336792
2.6465396881103516
2.659520387649536
2.6322479248046875
2.6188783645629883
2.5701816082000732
2.563300848007202
2.5126380920410156
2.8139472007751465
2.760894298553467
2.694861650466919
2.683265209197998
2.696603775024414
2.6873667240142822
2.6506669521331787
2.6281354427337646
2.5809037685394287
2.515944480895996
3.099918842315674
3.079488754272461
3.04138445854187
3.01570987701416
3.007561683654785
2.938450336456299
2.8943145275115967
2.9298856258392334
2.8821802139282227
2.8947110176086426
3.2903378009796143
3.247852087020874
3.228253126144409
3.185822010040283
3.182697296142578
3.128504753112793
3.10329008102417
3.0853190422058105
3.0704026222229004
3.0687777996063232
2.27044939994812
2.171752691268921
2.128378391265869
2.034668445587158
1.9675363302230835
1.90577232837677
1.8536592721939087
1.8111557960510254
1.786346435546875
1.6771916151046753
1.8890920877456665
1.851902961730957
1.798163652420044
1.762803316116333
1.7184590101242065
1.707404613494873
1.635184645652771
1.6457759141921997
1.5851562023162842
1.6052017211914062
1.9373493194580078
1.923393726348877
1.9195195436477661
1.8412907123565674
1.8142549991607666
1.793424129486084
1.7665073871612549
1.747397780418396
1.7373542785644531
1.6718261241912842
2.1749765872955322
2.1192097663879395
2.090451955795288
2.068051338195801
2.0233848094940186
2.0027341842651367
1.9780362844467163
1.9705398082733154
1.9321906566619873
1.8971940279006958
2.671480894088745
2.6193912029266357
2.5423669815063477
2.5385994911193848
2.4605932235717773
2.409895658493042
2.352780342102051
2.32328462600708
2.2854156494140625
2.239672899246216
2.7890357971191406
2.702503204345703
2.6479578018188477
2.5906083583831787
2.6008129119873047
2.5420119762420654
2.4586739540100098
2.415757894515991
2.3773081302642822
2.311262607574463
2.9598894119262695
2.929365634918213
2.932136297225952
2.8481507301330566
2.791239023208618
2.723151206970215
2.6824333667755127
2.629585027694702
2.6134378910064697
2.582503318786621
3.012345790863037
2.927083969116211
2.89821720123291
2.8532581329345703
2.798288345336914
2.7349023818969727
2.72774338722229
2.7515809535980225
2.6837053298950195
2.639042854309082
2.7012112140655518
2.667966842651367
2.6353471279144287
2.6459693908691406
2.5452585220336914
2.596364974975586
2.5309371948242188
2.4928605556488037
2.4897193908691406
2.462061882019043
1.5141022205352783
1.4736683368682861
1.4186408519744873
1.4065829515457153
1.4078388214111328
1.3637621402740479
1.3334258794784546
1.3257123231887817
1.2970008850097656
1.2926996946334839
1.535022497177124
1.513895869255066
1.5327528715133667
1.501875877380371
1.4655423164367676
1.4513367414474487
1.423573613166809
1.390463948249817
1.382088541984558
1.3785736560821533
1.7508186101913452
1.7324477434158325
1.7043304443359375
1.6951860189437866
1.6744929552078247
1.6846845149993896
1.6406500339508057
1.64126718044281
1.6003479957580566
1.6009769439697266
2.0067152976989746
1.9373914003372192
1.962180256843567
1.9370753765106201
1.9179612398147583
1.8809727430343628
1.8841770887374878
1.8597301244735718
1.844327688217163
1.8200030326843262
2.4147443771362305
2.3579912185668945
2.364814043045044
2.364562749862671
2.2782020568847656
2.2959225177764893
2.240341901779175
2.236268997192383
2.2028231620788574
2.1598918437957764
2.898776054382324
2.82521915435791
2.803175687789917
2.7436835765838623
2.7797205448150635
2.704105854034424
2.7492551803588867
2.6827032566070557
2.6644651889801025
2.6370351314544678
2.9725916385650635
2.9140191078186035
2.9179251194000244
2.927107572555542
2.880173921585083
2.8324899673461914
2.836916208267212
2.7999348640441895
2.782614231109619
2.728292465209961
3.112828254699707
3.0468404293060303
3.0599524974823
3.0275111198425293
2.977055549621582
2.963402271270752
2.9305951595306396
2.8785200119018555
2.900657892227173
2.8911287784576416
2.9826929569244385
2.9053757190704346
2.867997884750366
2.8597869873046875
2.7934608459472656
2.823706865310669
2.7572555541992188
2.7746386528015137
2.712841510772705
2.677109718322754
1.4788470268249512
1.476407527923584
1.4476875066757202
1.4091557264328003
1.3437778949737549
1.350192666053772
1.2901031970977783
1.2967909574508667
1.2485911846160889
1.199527621269226
1.5256341695785522
1.4945346117019653
1.4902217388153076
1.4249833822250366
1.38858962059021
1.403055191040039
1.3647223711013794
1.3112101554870605
1.3013782501220703
1.3036655187606812
1.8214991092681885
1.761511206626892
1.7287708520889282
1.6776518821716309
1.6407408714294434
1.6500579118728638
1.5889281034469604
1.585118293762207
1.5426901578903198
1.508498191833496
2.0425970554351807
1.9781666994094849
1.975664734840393
1.92220139503479
1.8849897384643555
1.82513427734375
1.821025013923645
1.7710896730422974
1.7501912117004395
1.717846393585205
2.4751851558685303
2.461751699447632
2.4156112670898438
2.362696409225464
2.2846550941467285
2.238884687423706
2.2058866024017334
2.161773443222046
2.1080968379974365
2.093451976776123
2.8334243297576904
2.6957380771636963
2.659183979034424
2.628817319869995
2.568701982498169
2.5551443099975586
2.4971368312835693
2.4973201751708984
2.3699440956115723
2.350755453109741
2.9261467456817627
2.86413311958313
2.860713481903076
2.7940242290496826
2.7229838371276855
2.6775341033935547
2.6966521739959717
2.684154510498047
2.586378574371338
2.6047215461730957
3.13377046585083
3.0726137161254883
3.0209414958953857
3.0126991271972656
2.9941747188568115
2.9484755992889404
2.9218409061431885
2.864138603210449
2.849778413772583
2.825787305831909
3.2227044105529785
3.2546920776367188
3.154111623764038
3.119738817214966
3.0760018825531006
3.029749631881714
2.9722681045532227
2.9835760593414307
2.927574396133423
2.8520820140838623
1.441095232963562
1.4221348762512207
1.3778049945831299
1.3445910215377808
1.3107483386993408
1.2980704307556152
1.2637375593185425
1.2461766004562378
1.2224271297454834
1.193949580192566
1.4785897731781006
1.4330968856811523
1.4405306577682495
1.3861639499664307
1.3916831016540527
1.3885120153427124
1.3601555824279785
1.3455442190170288
1.316807508468628
1.3042405843734741
1.6789995431900024
1.6510010957717896
1.6008466482162476
1.6155240535736084
1.569974422454834
1.5729644298553467
1.5552566051483154
1.5467383861541748
1.5330822467803955
1.5253612995147705
1.9762144088745117
1.9775047302246094
1.9441626071929932
1.8912943601608276
1.89484703540802
1.8659179210662842
1.8483434915542603
1.8240933418273926
1.7967140674591064
1.78932523727417
2.523853302001953
2.4460175037384033
2.4215192794799805
2.395247459411621
2.4044580459594727
2.372871160507202
2.333545446395874
2.2817468643188477
2.244656562805176
2.2370364665985107
2.5511138439178467
2.519026756286621
2.5023326873779297
2.5067670345306396
2.4289603233337402
2.420954465866089
2.395007848739624
2.3430330753326416
2.3372068405151367
2.3191425800323486
2.724574565887451
2.6857285499572754
2.671828031539917
2.652519702911377
2.625640869140625
2.607802629470825
2.574711322784424
2.5452935695648193
2.515810966491699
2.484119176864624
2.4230151176452637
2.423957109451294
2.356165885925293
2.3341145515441895
2.321208953857422
2.348816394805908
2.2890169620513916
2.2107996940612793
2.250138282775879
2.2002861499786377
2.9514310359954834
2.908888339996338
2.865933656692505
2.838822364807129
2.8112385272979736
2.8073062896728516
2.7204859256744385
2.6652169227600098
2.6140873432159424
2.668649673461914
2.718078851699829
2.6610183715820312
2.5610201358795166
2.528376579284668
2.4303643703460693
2.3784642219543457
2.341439723968506
2.277153253555298
2.225459575653076
2.1656687259674072
2.385507106781006
2.2972898483276367
2.2808830738067627
2.188749074935913
2.175464153289795
2.099093437194824
2.0821051597595215
2.0137851238250732
1.9633713960647583
1.9227492809295654
2.357468605041504
2.3016538619995117
2.2405121326446533
2.1749541759490967
2.1503751277923584
2.110226631164551
2.0684611797332764
2.048941135406494
2.0085370540618896
1.968956708908081
2.6528878211975098
2.6167469024658203
2.532337188720703
2.5113613605499268
2.4913763999938965
2.4459736347198486
2.396012544631958
2.3824667930603027
2.341099977493286
2.3451571464538574
3.1189966201782227
3.0835280418395996
3.0589077472686768
3.0118420124053955
2.9801082611083984
2.9158692359924316
2.873847007751465
2.8368794918060303
2.803718090057373
2.746389389038086
3.0192418098449707
2.953584909439087
2.8945374488830566
2.8487038612365723
2.8488399982452393
2.753364086151123
2.7248125076293945
2.6831817626953125
2.640794515609741
2.6425046920776367
2.9821131229400635
2.9358463287353516
2.8885858058929443
2.8248209953308105
2.7981419563293457
2.771730422973633
2.692567825317383
2.631845474243164
2.6174659729003906
2.561995506286621
2.8361594676971436
2.7749297618865967
2.7405619621276855
2.6925792694091797
2.633192300796509
2.6090495586395264
2.572910785675049
2.5087029933929443
2.434859275817871
2.4362869262695312
2.946127414703369
2.836977958679199
2.810357093811035
2.73342227935791
2.7454633712768555
2.622645378112793
2.6386818885803223
2.5756325721740723
2.5944085121154785
2.5072810649871826
2.080125570297241
2.0222082138061523
1.97048819065094
1.911439061164856
1.87932288646698
1.8209813833236694
1.7850579023361206
1.7422213554382324
1.6989223957061768
1.6716392040252686
2.0182206630706787
1.9388810396194458
1.8748916387557983
1.816497802734375
1.773606538772583
1.7278759479522705
1.7155580520629883
1.6633870601654053
1.6217284202575684
1.5919008255004883
2.127532720565796
2.09065842628479
2.0578863620758057
2.037020444869995
1.9634215831756592
1.954734206199646
1.8631490468978882
1.8702313899993896
1.8248612880706787
1.8058760166168213
2.575512647628784
2.4847612380981445
2.4427175521850586
2.402822494506836
2.3785183429718018
2.2845284938812256
2.2822539806365967
2.234638214111328
2.1914992332458496
2.1568236351013184
2.899611234664917
2.8397648334503174
2.7618045806884766
2.7726995944976807
2.6925506591796875
2.6350905895233154
2.5824711322784424
2.572319746017456
2.487036943435669
2.442636013031006
2.99417781829834
2.9260764122009277
2.870788097381592
2.7915351390838623
2.724348783493042
2.66750431060791
2.634284257888794
2.552499771118164
2.541184663772583
2.4714696407318115
2.785059690475464
2.7619760036468506
2.650691509246826
2.6107254028320312
2.584829330444336
2.4876291751861572
2.4790806770324707
2.408018112182617
2.36763334274292
2.3118553161621094
2.955390453338623
2.9156224727630615
2.8779163360595703
2.858285665512085
2.750032663345337
2.701040744781494
2.638840675354004
2.6169025897979736
2.556864023208618
2.536529779434204
3.2269530296325684
3.1561508178710938
3.109121561050415
3.03316593170166
2.9488542079925537
2.9220046997070312
2.895559549331665
2.820970296859741
2.8147497177124023
2.7840676307678223
2.849827766418457
2.8112952709198
2.729520320892334
2.6966559886932373
2.629931926727295
2.567413568496704
2.504059314727783
2.4423344135284424
2.407090187072754
2.3485803604125977
2.3853559494018555
2.3612120151519775
2.2722511291503906
2.2486720085144043
2.1847116947174072
2.1719555854797363
2.115649461746216
2.0743930339813232
2.0323991775512695
1.982675313949585
2.2822680473327637
2.2258472442626953
2.210206985473633
2.1564204692840576
2.1315934658050537
2.0874078273773193
2.048987865447998
2.00114369392395
1.9713246822357178
1.9680391550064087
2.4814512729644775
2.471810817718506
2.408989906311035
2.374779462814331
2.3167197704315186
2.2763051986694336
2.2446415424346924
2.235595464706421
2.1633763313293457
2.1659696102142334
2.700171709060669
2.659966230392456
2.6191232204437256
2.595740795135498
2.5460495948791504
2.4929935932159424
2.451328992843628
2.395007610321045
2.3452982902526855
2.337153434753418
3.001918315887451
2.9352147579193115
2.9119293689727783
2.86362886428833
2.826934337615967
2.787743091583252
2.7420847415924072
2.7655913829803467
2.6889967918395996
2.655165195465088
3.12758731842041
3.084399461746216
3.079092502593994
2.9918313026428223
2.9918479919433594
2.9347543716430664
2.8674919605255127
2.840616464614868
2.8313605785369873
2.7809042930603027
3.366175413131714
3.3254141807556152
3.266991376876831
3.2229607105255127
3.151803493499756
3.1163454055786133
3.072175979614258
3.02038836479187
2.9637033939361572
2.9219532012939453
2.803372383117676
2.768508195877075
2.750122308731079
2.716108560562134
2.6453824043273926
2.5956130027770996
2.5747227668762207
2.495811939239502
2.4649875164031982
2.409219980239868
1.967106580734253
1.9230891466140747
1.8674101829528809
1.8182120323181152
1.797088861465454
1.7381340265274048
1.6959260702133179
1.642683506011963
1.5858001708984375
1.5599784851074219
1.7554527521133423
1.7240731716156006
1.715512752532959
1.7072817087173462
1.6206451654434204
1.6105984449386597
1.5773435831069946
1.5509910583496094
1.5453763008117676
1.528506875038147
1.7525601387023926
1.7141212224960327
1.7155280113220215
1.7160146236419678
1.6535933017730713
1.632584810256958
1.610396146774292
1.5845822095870972
1.5692007541656494
1.5529284477233887
1.9841828346252441
1.968250036239624
1.9470956325531006
1.90627920627594
1.8770301342010498
1.8580816984176636
1.8304269313812256
1.8213180303573608
1.8073675632476807
1.7624578475952148
2.5348141193389893
2.4547719955444336
2.425652265548706
2.362905740737915
2.377518653869629
2.2896363735198975
2.2563183307647705
2.2350151538848877
2.2285311222076416
2.182180881500244
3.0150063037872314
2.9628522396087646
2.9303274154663086
2.8501622676849365
2.8387699127197266
2.767953634262085
2.763648748397827
2.713569164276123
2.660888433456421
2.62573504447937
3.124119758605957
3.027811050415039
2.9975032806396484
2.980283498764038
2.892489433288574
2.8645899295806885
2.8500125408172607
2.8506453037261963
2.7735273838043213
2.791308641433716
3.1332902908325195
3.1059443950653076
3.0215654373168945
3.0088584423065186
2.9500293731689453
2.9753339290618896
2.924114942550659
2.8300864696502686
2.8183445930480957
2.7507669925689697
2.7369658946990967
2.6793477535247803
2.598867416381836
2.5827646255493164
2.572152614593506
2.5167500972747803
2.482052803039551
2.43847393989563
2.4341044425964355
2.3971805572509766
2.8551881313323975
2.796971321105957
2.699509620666504
2.657951831817627
2.588346004486084
2.4733364582061768
2.4130613803863525
2.3648016452789307
2.31881046295166
2.248436450958252
2.4895544052124023
2.435075521469116
2.355759382247925
2.319462776184082
2.2609734535217285
2.1980977058410645
2.1456549167633057
2.0923378467559814
2.0267159938812256
1.999851942062378
2.394787073135376
2.3499972820281982
2.26408314704895
2.2263705730438232
2.178107738494873
2.09637451171875
2.0349183082580566
2.0035719871520996
1.9479399919509888
1.934922695159912
2.4476640224456787
2.3619210720062256
2.3541452884674072
2.292571783065796
2.204146385192871
2.205331802368164
2.0719645023345947
2.0947999954223633
2.013195753097534
1.9631922245025635
2.699448823928833
2.6448848247528076
2.531710147857666
2.5416126251220703
2.4734394550323486
2.400040626525879
2.386946439743042
2.313232421875
2.249945878982544
2.2120909690856934
2.903470754623413
2.844069480895996
2.7494232654571533
2.688701629638672
2.6398754119873047
2.597412109375
2.51884126663208
2.4907424449920654
2.4057934284210205
2.3582546710968018
2.790891647338867
2.7749154567718506
2.689687728881836
2.602984666824341
2.546231508255005
2.4774510860443115
2.4385361671447754
2.4012482166290283
2.2885870933532715
2.2491025924682617
2.7681663036346436
2.717700958251953
2.6113789081573486
2.5887610912323
2.562041759490967
2.4527523517608643
2.4222636222839355
2.3397555351257324
2.3228213787078857
2.2362546920776367
2.410123825073242
2.34438157081604
2.2896716594696045
2.265819549560547
2.2029263973236084
2.176994562149048
2.11496901512146
2.0851001739501953
2.032301664352417
1.947108268737793
2.937230348587036
2.8335886001586914
2.7412216663360596
2.6536734104156494
2.6027586460113525
2.5279459953308105
2.468144655227661
2.415147542953491
2.341507911682129
2.266934871673584
2.418996572494507
2.394129753112793
2.3038828372955322
2.2504496574401855
2.186922073364258
2.1655893325805664
2.124450206756592
2.0585267543792725
2.0289885997772217
1.970621109008789
2.422321319580078
2.333411931991577
2.2833731174468994
2.2528188228607178
2.2084953784942627
2.174154758453369
2.113489866256714
2.0832066535949707
2.0519866943359375
2.037673234939575
2.698643684387207
2.6328516006469727
2.604069948196411
2.5506627559661865
2.4987740516662598
2.487607479095459
2.376657724380493
2.3358869552612305
2.3114378452301025
2.247990608215332
3.148257255554199
3.052673101425171
2.9790263175964355
2.9199466705322266
2.8509087562561035
2.7788546085357666
2.7573351860046387
2.698209762573242
2.646143674850464
2.618114471435547
3.1367597579956055
3.0823373794555664
2.996307373046875
2.918937921524048
2.84951114654541
2.8303933143615723
2.7753586769104004
2.643673896789551
2.660693645477295
2.5636234283447266
3.346224069595337
3.2702577114105225
3.2592599391937256
3.145254611968994
3.0774967670440674
3.0349926948547363
3.0067503452301025
2.9532148838043213
2.8719515800476074
2.849342107772827
3.1197705268859863
3.0789589881896973
3.023862838745117
2.9733333587646484
2.944636583328247
2.8949804306030273
2.838487148284912
2.83432674407959
2.7841854095458984
2.7628183364868164
3.1320202350616455
3.129286289215088
3.0011746883392334
2.9931423664093018
2.992151975631714
2.9637451171875
2.899172067642212
2.907615900039673
2.856773853302002
2.813018321990967
2.9096131324768066
2.7981820106506348
2.6920974254608154
2.6328368186950684
2.50942325592041
2.4539356231689453
2.368159532546997
2.27243709564209
2.2354836463928223
2.139355421066284
2.2820231914520264
2.199389696121216
2.152512788772583
2.07889461517334
2.03412127494812
1.9751156568527222
1.9220720529556274
1.8750947713851929
1.8218446969985962
1.755027174949646
2.1367976665496826
2.093755006790161
2.0157580375671387
1.9929091930389404
1.9374991655349731
1.8869829177856445
1.8661272525787354
1.8030551671981812
1.7832186222076416
1.750736951828003
2.245582103729248
2.196070432662964
2.173154354095459
2.109304904937744
2.0789713859558105
1.9954771995544434
1.9781577587127686
1.9700801372528076
1.8980705738067627
1.8781373500823975
2.5362017154693604
2.5282301902770996
2.4415345191955566
2.421919822692871
2.3813343048095703
2.332071304321289
2.2626702785491943
2.226377248764038
2.215911626815796
2.1494741439819336
2.787299633026123
2.7619986534118652
2.6773831844329834
2.624046802520752
2.5827438831329346
2.539635181427002
2.462463617324829
2.4433560371398926
2.424102783203125
2.323470115661621
3.135249376296997
3.1110587120056152
3.023484230041504
3.0474016666412354
2.904857873916626
2.889504909515381
2.8427820205688477
2.7586591243743896
2.7689437866210938
2.633756637573242
2.897561550140381
2.880340576171875
2.7579803466796875
2.7236788272857666
2.7001798152923584
2.6407623291015625
2.6229867935180664
2.572868585586548
2.511390209197998
2.457620143890381
3.0723133087158203
3.037576913833618
3.007795810699463
2.9476916790008545
2.915884494781494
2.8426566123962402
2.7825968265533447
2.7400710582733154
2.668513536453247
2.624408483505249
1.9250640869140625
1.8601365089416504
1.8097705841064453
1.736863136291504
1.6738401651382446
1.6210800409317017
1.5568231344223022
1.4909310340881348
1.4535748958587646
1.4174290895462036
1.6273788213729858
1.5479545593261719
1.5320978164672852
1.4683876037597656
1.4438955783843994
1.4006922245025635
1.3590354919433594
1.3421920537948608
1.288130521774292
1.2842586040496826
1.4816347360610962
1.446811318397522
1.40187668800354
1.3797810077667236
1.3301975727081299
1.3250967264175415
1.290377140045166
1.2915047407150269
1.2261415719985962
1.2212204933166504
1.7085168361663818
1.640254259109497
1.6678460836410522
1.6076627969741821
1.5671026706695557
1.5484237670898438
1.4964829683303833
1.4776182174682617
1.4523118734359741
1.4383305311203003
2.1851162910461426
2.1034247875213623
2.047658920288086
1.99889075756073
1.9543646574020386
1.9221713542938232
1.861501932144165
1.8663448095321655
1.8094778060913086
1.7455772161483765
2.2894108295440674
2.253474473953247
2.178366184234619
2.1103625297546387
2.111405849456787
2.0605053901672363
2.028278350830078
1.9579561948776245
1.953713059425354
1.9124560356140137
2.5995068550109863
2.537940740585327
2.5039095878601074
2.4594740867614746
2.402256727218628
2.3503713607788086
2.293656826019287
2.220172882080078
2.1887075901031494
2.154181480407715
2.8276174068450928
2.7877049446105957
2.741727113723755
2.681697130203247
2.609652519226074
2.5900070667266846
2.53450608253479
2.4693000316619873
2.4440629482269287
2.3606162071228027
2.9358348846435547
2.915964365005493
2.8545327186584473
2.8288440704345703
2.767198085784912
2.727464199066162
2.6908957958221436
2.6406919956207275
2.5881307125091553
2.551382541656494
1.3261678218841553
1.2697490453720093
1.226900339126587
1.1890069246292114
1.1418800354003906
1.130860447883606
1.0702052116394043
1.0654265880584717
1.027391791343689
1.00723135471344
1.2778496742248535
1.2338166236877441
1.2089887857437134
1.1888649463653564
1.162992000579834
1.158471703529358
1.126163363456726
1.1125431060791016
1.0689760446548462
1.0903199911117554
1.3995774984359741
1.3658509254455566
1.3497440814971924
1.3231381177902222
1.3099604845046997
1.2825572490692139
1.2778682708740234
1.2504198551177979
1.2367316484451294
1.2331207990646362
1.700074315071106
1.6928271055221558
1.6577240228652954
1.6193244457244873
1.6251232624053955
1.6020652055740356
1.5555577278137207
1.5462019443511963
1.5333411693572998
1.535629391670227
2.186983108520508
2.1431689262390137
2.140042781829834
2.0945351123809814
2.0526230335235596
2.036118268966675
2.004018783569336
1.9729129076004028
1.967531681060791
1.945340871810913
2.6685240268707275
2.5759897232055664
2.5783753395080566
2.515801191329956
2.492591142654419
2.4735770225524902
2.4143128395080566
2.360262155532837
2.3733999729156494
2.310702085494995
2.87488055229187
2.810584306716919
2.7938997745513916
2.697169303894043
2.698547124862671
2.620725154876709
2.5499494075775146
2.5746841430664062
2.5365471839904785
2.4839401245117188
2.927401065826416
2.89749813079834
2.8306145668029785
2.723543405532837
2.7299013137817383
2.7208075523376465
2.6415305137634277
2.653428077697754
2.595468759536743
2.5726687908172607
3.1745991706848145
3.111140727996826
3.0791425704956055
3.0441880226135254
3.0767459869384766
2.9756531715393066
2.9193713665008545
2.929612398147583
2.8462634086608887
2.8709018230438232
1.7434649467468262
1.6692934036254883
1.562817096710205
1.461490511894226
1.3828071355819702
1.3234710693359375
1.2349733114242554
1.196077823638916
1.1454572677612305
1.1248085498809814
1.429017424583435
1.3787455558776855
1.3362860679626465
1.2556850910186768
1.2309391498565674
1.1907168626785278
1.164324164390564
1.1209672689437866
1.0952985286712646
1.0643587112426758
1.5452014207839966
1.5338048934936523
1.4733786582946777
1.4102364778518677
1.402294397354126
1.3828880786895752
1.3405780792236328
1.3373781442642212
1.3095464706420898
1.2586824893951416
1.8765134811401367
1.8205195665359497
1.7650526762008667
1.723515510559082
1.691104769706726
1.6593103408813477
1.6139577627182007
1.5893951654434204
1.534454584121704
1.5172011852264404
2.1346147060394287
2.09902286529541
2.035283327102661
2.0074000358581543
1.9091084003448486
1.8594890832901
1.7904212474822998
1.7866097688674927
1.7178893089294434
1.6797688007354736
2.576472282409668
2.4958927631378174
2.444849729537964
2.3733584880828857
2.3007357120513916
2.2074167728424072
2.183875560760498
2.1386098861694336
2.02829647064209
1.9949703216552734
2.426755428314209
2.32706880569458
2.2797865867614746
2.2284703254699707
2.1907548904418945
2.1111037731170654
2.09606671333313
2.0385594367980957
2.0264480113983154
1.9500064849853516
2.567248821258545
2.4592368602752686
2.4216082096099854
2.3960065841674805
2.3393187522888184
2.3587560653686523
2.325683116912842
2.2473952770233154
2.2367634773254395
2.2177679538726807
2.8603427410125732
2.822746753692627
2.7447257041931152
2.7196645736694336
2.7057223320007324
2.6910576820373535
2.6126716136932373
2.596841812133789
2.642725944519043
2.562138319015503
1.8030155897140503
1.7213263511657715
1.6387386322021484
1.577967643737793
1.491942286491394
1.4242327213287354
1.3842337131500244
1.330727458000183
1.255115032196045
1.2113925218582153
1.4757884740829468
1.4124897718429565
1.3768994808197021
1.3290832042694092
1.3243412971496582
1.280981421470642
1.2261853218078613
1.2102327346801758
1.1898490190505981
1.1563373804092407
1.4156173467636108
1.3917999267578125
1.3603109121322632
1.3428605794906616
1.299269437789917
1.2809921503067017
1.2462049722671509
1.2574577331542969
1.196235179901123
1.192394733428955
1.6453313827514648
1.6080334186553955
1.5480878353118896
1.5556727647781372
1.5115017890930176
1.501841425895691
1.4599831104278564
1.435902714729309
1.3978207111358643
1.401281714439392
1.985113263130188
1.9412223100662231
1.9056116342544556
1.8769950866699219
1.8634494543075562
1.8137965202331543
1.7922725677490234
1.758612871170044
1.7183561325073242
1.7006946802139282
2.2969870567321777
2.2154412269592285
2.1639068126678467
2.109605312347412
2.0529561042785645
2.0192079544067383
1.9456464052200317
1.9216771125793457
1.8473289012908936
1.8400096893310547
2.678466320037842
2.577542781829834
2.4826760292053223
2.474252223968506
2.3479795455932617
2.3175578117370605
2.239199161529541
2.2473440170288086
2.1929736137390137
2.14030122756958
2.5517289638519287
2.5252420902252197
2.4213671684265137
2.3455374240875244
2.2909438610076904
2.2807164192199707
2.210578680038452
2.152980089187622
2.0912020206451416
2.0633797645568848
2.719231605529785
2.6225168704986572
2.6123039722442627
2.5493438243865967
2.494361400604248
2.445958375930786
2.385385036468506
2.3255298137664795
2.283052444458008
2.2579171657562256
2.590108871459961
2.476980447769165
2.3991057872772217
2.3350844383239746
2.2582924365997314
2.1596198081970215
2.070380926132202
2.0269510746002197
1.9742932319641113
1.890523910522461
1.9841388463974
1.9358839988708496
1.8727712631225586
1.83303701877594
1.7954950332641602
1.7522798776626587
1.7069664001464844
1.664066195487976
1.613513469696045
1.5891540050506592
1.839542031288147
1.8163018226623535
1.7578574419021606
1.7377183437347412
1.6817772388458252
1.6802163124084473
1.6268986463546753
1.5819296836853027
1.5517356395721436
1.5153828859329224
2.079076051712036
1.993615984916687
1.9290105104446411
1.88566255569458
1.8463718891143799
1.8036351203918457
1.7389734983444214
1.7614425420761108
1.7071657180786133
1.6941521167755127
2.354893684387207
2.3055474758148193
2.261991500854492
2.1958189010620117
2.1443214416503906
2.107072353363037
2.075266122817993
2.010312557220459
1.9900078773498535
1.9580345153808594
2.6652417182922363
2.59442400932312
2.563614845275879
2.4997496604919434
2.479255199432373
2.4047601222991943
2.344121217727661
2.3208749294281006
2.291107416152954
2.21246075630188
3.0120956897735596
2.928772449493408
2.8904333114624023
2.8082356452941895
2.743655204772949
2.6896920204162598
2.602491855621338
2.578108549118042
2.5180413722991943
2.461974859237671
2.915348529815674
2.8664345741271973
2.7655272483825684
2.7304937839508057
2.6828222274780273
2.6613223552703857
2.618638277053833
2.551614999771118
2.501467227935791
2.485543727874756
3.323122978210449
3.240309476852417
3.1320300102233887
3.0932211875915527
3.043283462524414
3.0374457836151123
2.945655584335327
2.892045497894287
2.8660571575164795
2.8061676025390625
