4.040261268615723
4.028445720672607
4.031149387359619
4.039894104003906
4.042565822601318
4.042664527893066
4.038573265075684
4.039971828460693
4.047325134277344
4.034351825714111
4.052361488342285
4.042420387268066
4.04957389831543
4.05198860168457
4.033215522766113
4.045783042907715
4.0548014640808105
4.040979862213135
4.03828763961792
4.040340900421143
4.037853240966797
4.022998809814453
4.027712345123291
4.036433219909668
4.029930114746094
4.0377044677734375
4.04168176651001
4.023852825164795
4.029292583465576
4.03627872467041
3.988687515258789
3.9859354496002197
3.9933249950408936
3.979532241821289
3.9919776916503906
3.9844765663146973
3.983308792114258
3.9798502922058105
3.9859306812286377
3.9958724975585938
4.003284454345703
4.0016045570373535
3.9967758655548096
3.9948744773864746
3.9864342212677
3.9949519634246826
3.9888052940368652
3.9868288040161133
4.004003047943115
3.9988532066345215
4.006252765655518
4.007514476776123
4.0109968185424805
3.9881515502929688
4.005730628967285
4.012123107910156
4.003373146057129
4.005532264709473
4.003335475921631
4.010400772094727
3.9986159801483154
4.006842613220215
4.005280494689941
4.005203723907471
3.994368076324463
4.001144886016846
4.005201816558838
3.992729425430298
4.001489639282227
4.002636432647705
4.003466606140137
3.9972052574157715
4.0007548332214355
4.013753890991211
4.00114107131958
3.9979095458984375
3.9950759410858154
4.016017913818359
4.005540370941162
3.9962077140808105
4.025089740753174
4.0373077392578125
4.033501625061035
4.0330963134765625
4.039129734039307
4.0326948165893555
4.032808780670166
4.032606601715088
4.035465240478516
4.03643798828125
3.654385805130005
3.6717002391815186
3.6557421684265137
3.639047861099243
3.635145664215088
3.625277280807495
3.640738010406494
3.629171133041382
3.644848585128784
3.6348094940185547
3.6494200229644775
3.6459600925445557
3.666562557220459
3.695112705230713
3.650222063064575
3.65879487991333
3.667973756790161
3.6312389373779297
3.6480560302734375
3.660341262817383
3.6517724990844727
3.6762218475341797
3.655099630355835
3.6674649715423584
3.6627285480499268
3.6571128368377686
3.6590044498443604
3.6283230781555176
3.6370413303375244
3.6649250984191895
3.59721302986145
3.6239073276519775
3.6072275638580322
3.591114044189453
3.6209754943847656
3.5919687747955322
3.596031904220581
3.6022918224334717
3.572664737701416
3.5814836025238037
3.6396141052246094
3.6080644130706787
3.6183278560638428
3.628037691116333
3.61313533782959
3.61004638671875
3.605410575866699
3.600069046020508
3.6105146408081055
3.5891611576080322
3.6041014194488525
3.6064722537994385
3.6228151321411133
3.6229088306427
3.632683038711548
3.6274733543395996
3.587019681930542
3.612192392349243
3.5953848361968994
3.597060203552246
3.6879780292510986
3.680828332901001
3.68697452545166
3.666398048400879
3.6469027996063232
3.7138307094573975
3.709568500518799
3.6582608222961426
3.7149486541748047
3.6723318099975586
3.7794368267059326
3.7756946086883545
3.7733962535858154
3.7596817016601562
3.7697818279266357
3.758532762527466
3.7473223209381104
3.745373010635376
3.753239631652832
3.759758472442627
3.892848491668701
3.9036810398101807
3.8800463676452637
3.8631136417388916
3.8691012859344482
3.866773843765259
3.8604328632354736
3.871523141860962
3.8679370880126953
3.870877265930176
