4.040261268615723
4.028445720672607
4.031149387359619
4.039894104003906
4.042565822601318
4.042664527893066
4.038573265075684
4.039971828460693
4.047325134277344
4.034351825714111
4.052361488342285
4.042420387268066
4.04957389831543
4.05198860168457
4.033215522766113
4.045783042907715
4.0548014640808105
4.040979862213135
4.03828763961792
4.040340900421143
4.037853240966797
4.022998809814453
4.027712345123291
4.036433219909668
4.029930114746094
4.0377044677734375
4.04168176651001
4.023852825164795
4.029292583465576
4.03627872467041
3.988687515258789
3.9859354496002197
3.9933249950408936
3.979532241821289
3.9919776916503906
3.9844765663146973
3.983308792114258
3.9798502922058105
3.9859306812286377
3.9958724975585938
4.003284454345703
4.0016045570373535
3.9967758655548096
3.9948744773864746
3.9864342212677
3.9949519634246826
3.9888052940368652
3.9868288040161133
4.004003047943115
3.9988532066345215
4.006252765655518
4.007514476776123
4.0109968185424805
3.9881515502929688
4.005730628967285
4.012123107910156
4.003373146057129
4.005532264709473
4.003335475921631
4.010400772094727
3.9986159801483154
4.006842613220215
4.005280494689941
4.005203723907471
3.994368076324463
4.001144886016846
4.005201816558838
3.992729425430298
4.001489639282227
4.002636432647705
4.003466606140137
3.9972052574157715
4.0007548332214355
4.013753890991211
4.00114107131958
3.9979095458984375
3.9950759410858154
4.016017913818359
4.005540370941162
3.9962077140808105
4.025089740753174
4.0373077392578125
4.033501625061035
4.0330963134765625
4.039129734039307
4.0326948165893555
4.032808780670166
4.032606601715088
4.035465240478516
4.03643798828125
