4.040261268615723
4.028445720672607
4.031149387359619
4.039894104003906
4.042565822601318
4.042664527893066
4.038573265075684
4.039971828460693
4.047325134277344
4.034351825714111
4.052361488342285
4.042420387268066
4.04957389831543
4.05198860168457
4.033215522766113
4.045783042907715
4.0548014640808105
4.040979862213135
4.03828763961792
4.040340900421143
4.037853240966797
4.022998809814453
4.027712345123291
4.036433219909668
4.029930114746094
4.0377044677734375
4.04168176651001
4.023852825164795
4.029292583465576
4.03627872467041
3.988687515258789
3.9859354496002197
3.9933249950408936
3.979532241821289
3.9919776916503906
3.9844765663146973
3.983308792114258
3.9798502922058105
3.9859306812286377
3.9958724975585938
4.003284454345703
4.0016045570373535
3.9967758655548096
3.9948744773864746
3.9864342212677
3.9949519634246826
3.9888052940368652
3.9868288040161133
4.004003047943115
3.9988532066345215
4.006252765655518
4.007514476776123
4.0109968185424805
3.9881515502929688
4.005730628967285
4.012123107910156
4.003373146057129
4.005532264709473
4.003335475921631
4.010400772094727
3.9986159801483154
4.006842613220215
4.005280494689941
4.005203723907471
3.994368076324463
4.001144886016846
4.005201816558838
3.992729425430298
4.001489639282227
4.002636432647705
4.003466606140137
3.9972052574157715
4.0007548332214355
4.013753890991211
4.00114107131958
3.9979095458984375
3.9950759410858154
4.016017913818359
4.005540370941162
3.9962077140808105
4.025089740753174
4.0373077392578125
4.033501625061035
4.0330963134765625
4.039129734039307
4.0326948165893555
4.032808780670166
4.032606601715088
4.035465240478516
4.03643798828125
3.654385805130005
3.6717002391815186
3.6557421684265137
3.639047861099243
3.635145664215088
3.625277280807495
3.640738010406494
3.629171133041382
3.644848585128784
3.6348094940185547
3.6494200229644775
3.6459600925445557
3.666562557220459
3.695112705230713
3.650222063064575
3.65879487991333
3.667973756790161
3.6312389373779297
3.6480560302734375
3.660341262817383
3.6517724990844727
3.6762218475341797
3.655099630355835
3.6674649715423584
3.6627285480499268
3.6571128368377686
3.6590044498443604
3.6283230781555176
3.6370413303375244
3.6649250984191895
3.59721302986145
3.6239073276519775
3.6072275638580322
3.591114044189453
3.6209754943847656
3.5919687747955322
3.596031904220581
3.6022918224334717
3.572664737701416
3.5814836025238037
3.6396141052246094
3.6080644130706787
3.6183278560638428
3.628037691116333
3.61313533782959
3.61004638671875
3.605410575866699
3.600069046020508
3.6105146408081055
3.5891611576080322
3.6041014194488525
3.6064722537994385
3.6228151321411133
3.6229088306427
3.632683038711548
3.6274733543395996
3.587019681930542
3.612192392349243
3.5953848361968994
3.597060203552246
3.6879780292510986
3.680828332901001
3.68697452545166
3.666398048400879
3.6469027996063232
3.7138307094573975
3.709568500518799
3.6582608222961426
3.7149486541748047
3.6723318099975586
3.7794368267059326
3.7756946086883545
3.7733962535858154
3.7596817016601562
3.7697818279266357
3.758532762527466
3.7473223209381104
3.745373010635376
3.753239631652832
3.759758472442627
3.892848491668701
3.9036810398101807
3.8800463676452637
3.8631136417388916
3.8691012859344482
3.866773843765259
3.8604328632354736
3.871523141860962
3.8679370880126953
3.870877265930176
2.6356797218322754
2.606316566467285
2.542846202850342
2.5666472911834717
2.5270538330078125
2.5726420879364014
2.443171501159668
2.5113525390625
2.547579765319824
2.534602403640747
2.500657081604004
2.4681179523468018
2.4568679332733154
2.458217144012451
2.418760061264038
2.4041800498962402
2.4439775943756104
2.4078543186187744
2.350947618484497
2.382641553878784
2.5703296661376953
2.4960379600524902
2.5236737728118896
2.423440456390381
2.428870439529419
2.428302526473999
2.416369915008545
2.3992018699645996
2.432392120361328
2.3959293365478516
2.5430731773376465
2.609140396118164
2.5147576332092285
2.51497745513916
2.524190664291382
2.4608633518218994
2.470499277114868
2.4661331176757812
2.4768738746643066
2.4370267391204834
2.7815444469451904
2.798933506011963
2.7428088188171387
2.7284092903137207
2.7585604190826416
2.6785154342651367
2.7211484909057617
2.640814781188965
2.6635286808013916
2.7042980194091797
2.825416088104248
2.8532423973083496
2.781623601913452
2.772812604904175
2.7820215225219727
2.8129377365112305
2.7326717376708984
2.713275194168091
2.810542345046997
2.721343755722046
3.0423476696014404
2.975972890853882
3.0076191425323486
2.9036076068878174
2.9073362350463867
2.8482232093811035
2.9076924324035645
2.868969440460205
2.902801990509033
2.8453526496887207
3.2092812061309814
3.194596529006958
3.165541887283325
3.1666226387023926
3.111032009124756
3.1121671199798584
3.080336093902588
3.1365513801574707
3.0406484603881836
3.0674309730529785
3.349374294281006
3.2704529762268066
3.342221736907959
3.281757354736328
3.256539821624756
3.2924811840057373
3.260300636291504
3.2993979454040527
3.2024686336517334
3.2843332290649414
2.0576632022857666
2.059015989303589
2.0665645599365234
1.9813874959945679
1.968388319015503
1.9319801330566406
1.966994285583496
1.9751571416854858
1.9554623365402222
1.9185413122177124
2.1360092163085938
2.107886791229248
2.1001570224761963
2.068467140197754
2.154100179672241
2.0542733669281006
2.085369110107422
2.0582022666931152
2.091846227645874
2.0449533462524414
2.3032407760620117
2.2517173290252686
2.261322021484375
2.266145706176758
2.2988171577453613
2.232475996017456
2.2491626739501953
2.2290022373199463
2.2440152168273926
2.2522318363189697
2.4366419315338135
2.4229414463043213
2.457688808441162
2.4271645545959473
2.371732234954834
2.347076892852783
2.4016757011413574
2.395299196243286
2.3886220455169678
2.337820053100586
2.687382459640503
2.723785161972046
2.6628851890563965
2.721524477005005
2.6274659633636475
2.7020671367645264
2.685504198074341
2.701900005340576
2.627516508102417
2.6023523807525635
3.0697972774505615
3.0280842781066895
3.0325968265533447
3.0528342723846436
3.0670814514160156
3.0035314559936523
3.0514683723449707
3.0290181636810303
2.9728145599365234
2.943424701690674
3.425044298171997
3.4509737491607666
3.3527894020080566
3.3932275772094727
3.3599648475646973
3.3429722785949707
3.409583568572998
3.331382989883423
3.338402271270752
3.3091561794281006
3.2515134811401367
3.1813933849334717
3.1357972621917725
3.1939659118652344
3.1225993633270264
3.1125357151031494
3.12416410446167
3.1030185222625732
3.0102145671844482
3.1097989082336426
3.319380760192871
3.265281915664673
3.324350357055664
3.3059120178222656
3.32405424118042
3.2181143760681152
3.2265021800994873
3.1943771839141846
3.2896320819854736
3.2115790843963623
1.7534998655319214
1.7498767375946045
1.771033763885498
1.7574514150619507
1.7240359783172607
1.726974368095398
1.6770213842391968
1.7145336866378784
1.6923257112503052
1.7033582925796509
1.8551055192947388
1.8577622175216675
1.8543790578842163
1.8058769702911377
1.8214021921157837
1.8262479305267334
1.8227269649505615
1.7993614673614502
1.7685638666152954
1.7658270597457886
2.120725154876709
2.1146621704101562
2.1080071926116943
2.095752716064453
2.074333429336548
2.0709946155548096
2.0587246417999268
2.047417163848877
2.034794569015503
2.0078396797180176
2.4571661949157715
2.5204715728759766
2.4559855461120605
2.45474910736084
2.4652514457702637
2.492706775665283
2.4325053691864014
2.374680995941162
2.3569793701171875
2.4298202991485596
2.936105966567993
2.9163942337036133
2.937196731567383
2.913468837738037
2.8805160522460938
2.8360705375671387
2.8900363445281982
2.8094465732574463
2.8691906929016113
2.8218846321105957
3.0164453983306885
2.9899775981903076
2.996964931488037
2.9777119159698486
2.9315497875213623
2.9234018325805664
2.9304428100585938
2.9163906574249268
2.8985185623168945
2.8716440200805664
2.861238956451416
2.8323590755462646
2.783412456512451
2.778571367263794
2.733358383178711
2.728537082672119
2.6870336532592773
2.7066662311553955
2.671461582183838
2.6873111724853516
3.081909656524658
3.10042142868042
3.019526720046997
3.066232919692993
2.99455189704895
3.012033224105835
3.011838674545288
2.9815890789031982
2.969766616821289
2.920327663421631
3.535189151763916
3.528630256652832
3.518631935119629
3.429537057876587
3.499352216720581
3.416189193725586
3.4460396766662598
3.4457685947418213
3.392535924911499
3.366880416870117
1.5534435510635376
1.5722565650939941
1.5513620376586914
1.515758752822876
1.5198023319244385
1.500806450843811
1.4836839437484741
1.4629160165786743
1.4707235097885132
1.4436891078948975
1.7363061904907227
1.6599245071411133
1.6923807859420776
1.6998462677001953
1.6440284252166748
1.6868184804916382
1.6470112800598145
1.6543077230453491
1.644635796546936
1.6576837301254272
1.932694435119629
1.977966070175171
1.9299043416976929
1.9162349700927734
1.9340965747833252
1.9214580059051514
1.9257361888885498
1.911289095878601
1.8372914791107178
1.8529853820800781
2.342729330062866
2.360208511352539
2.2873780727386475
2.309880256652832
2.2876229286193848
2.3125524520874023
2.255408763885498
2.255169630050659
2.2724406719207764
2.220280170440674
2.915637731552124
2.8723912239074707
2.836165428161621
2.870605707168579
2.8137571811676025
2.7834463119506836
2.7684431076049805
2.7687418460845947
2.7140820026397705
2.7644472122192383
2.8926331996917725
2.817528009414673
2.8306283950805664
2.816394567489624
2.758436441421509
2.757070541381836
2.765732765197754
2.7184340953826904
2.7490382194519043
2.72214674949646
3.177204132080078
3.1588640213012695
3.0884690284729004
3.070244789123535
3.127875328063965
3.0981357097625732
3.0847649574279785
3.0805768966674805
3.0232343673706055
3.0057661533355713
3.1312711238861084
3.098550796508789
3.057224988937378
3.116030693054199
3.0707106590270996
2.9968862533569336
2.9721460342407227
2.9761805534362793
2.965437412261963
2.9360618591308594
3.1725382804870605
3.1901357173919678
3.237825393676758
3.1455578804016113
3.070289373397827
3.195401430130005
3.07645845413208
3.0654571056365967
3.050959587097168
3.0759575366973877
