4.040261268615723
4.028445720672607
4.031149387359619
4.039894104003906
4.042565822601318
4.042664527893066
4.038573265075684
4.039971828460693
4.047325134277344
4.034351825714111
4.052361488342285
4.042420387268066
4.04957389831543
4.05198860168457
4.033215522766113
4.045783042907715
4.0548014640808105
4.040979862213135
4.03828763961792
4.040340900421143
4.037853240966797
4.022998809814453
4.027712345123291
4.036433219909668
4.029930114746094
4.0377044677734375
4.04168176651001
4.023852825164795
4.029292583465576
4.03627872467041
3.988687515258789
3.9859354496002197
3.9933249950408936
3.979532241821289
3.9919776916503906
3.9844765663146973
3.983308792114258
3.9798502922058105
3.9859306812286377
3.9958724975585938
4.003284454345703
4.0016045570373535
3.9967758655548096
3.9948744773864746
3.9864342212677
3.9949519634246826
3.9888052940368652
3.9868288040161133
4.004003047943115
3.9988532066345215
4.006252765655518
4.007514476776123
4.0109968185424805
3.9881515502929688
4.005730628967285
4.012123107910156
4.003373146057129
4.005532264709473
4.003335475921631
4.010400772094727
3.9986159801483154
4.006842613220215
4.005280494689941
4.005203723907471
3.994368076324463
4.001144886016846
4.005201816558838
3.992729425430298
4.001489639282227
4.002636432647705
4.003466606140137
3.9972052574157715
4.0007548332214355
4.013753890991211
4.00114107131958
3.9979095458984375
3.9950759410858154
4.016017913818359
4.005540370941162
3.9962077140808105
4.025089740753174
4.0373077392578125
4.033501625061035
4.0330963134765625
4.039129734039307
4.0326948165893555
4.032808780670166
4.032606601715088
4.035465240478516
4.03643798828125
3.654385805130005
3.6717002391815186
3.6557421684265137
3.639047861099243
3.635145664215088
3.625277280807495
3.640738010406494
3.629171133041382
3.644848585128784
3.6348094940185547
3.6494200229644775
3.6459600925445557
3.666562557220459
3.695112705230713
3.650222063064575
3.65879487991333
3.667973756790161
3.6312389373779297
3.6480560302734375
3.660341262817383
3.6517724990844727
3.6762218475341797
3.655099630355835
3.6674649715423584
3.6627285480499268
3.6571128368377686
3.6590044498443604
3.6283230781555176
3.6370413303375244
3.6649250984191895
3.59721302986145
3.6239073276519775
3.6072275638580322
3.591114044189453
3.6209754943847656
3.5919687747955322
3.596031904220581
3.6022918224334717
3.572664737701416
3.5814836025238037
3.6396141052246094
3.6080644130706787
3.6183278560638428
3.628037691116333
3.61313533782959
3.61004638671875
3.605410575866699
3.600069046020508
3.6105146408081055
3.5891611576080322
3.6041014194488525
3.6064722537994385
3.6228151321411133
3.6229088306427
3.632683038711548
3.6274733543395996
3.587019681930542
3.612192392349243
3.5953848361968994
3.597060203552246
3.6879780292510986
3.680828332901001
3.68697452545166
3.666398048400879
3.6469027996063232
3.7138307094573975
3.709568500518799
3.6582608222961426
3.7149486541748047
3.6723318099975586
3.7794368267059326
3.7756946086883545
3.7733962535858154
3.7596817016601562
3.7697818279266357
3.758532762527466
3.7473223209381104
3.745373010635376
3.753239631652832
3.759758472442627
3.892848491668701
3.9036810398101807
3.8800463676452637
3.8631136417388916
3.8691012859344482
3.866773843765259
3.8604328632354736
3.871523141860962
3.8679370880126953
3.870877265930176
2.6356797218322754
2.606316566467285
2.542846202850342
2.5666472911834717
2.5270538330078125
2.5726420879364014
2.443171501159668
2.5113525390625
2.547579765319824
2.534602403640747
2.500657081604004
2.4681179523468018
2.4568679332733154
2.458217144012451
2.418760061264038
2.4041800498962402
2.4439775943756104
2.4078543186187744
2.350947618484497
2.382641553878784
2.5703296661376953
2.4960379600524902
2.5236737728118896
2.423440456390381
2.428870439529419
2.428302526473999
2.416369915008545
2.3992018699645996
2.432392120361328
2.3959293365478516
2.5430731773376465
2.609140396118164
2.5147576332092285
2.51497745513916
2.524190664291382
2.4608633518218994
2.470499277114868
2.4661331176757812
2.4768738746643066
2.4370267391204834
2.7815444469451904
2.798933506011963
2.7428088188171387
2.7284092903137207
2.7585604190826416
2.6785154342651367
2.7211484909057617
2.640814781188965
2.6635286808013916
2.7042980194091797
2.825416088104248
2.8532423973083496
2.781623601913452
2.772812604904175
2.7820215225219727
2.8129377365112305
2.7326717376708984
2.713275194168091
2.810542345046997
2.721343755722046
3.0423476696014404
2.975972890853882
3.0076191425323486
2.9036076068878174
2.9073362350463867
2.8482232093811035
2.9076924324035645
2.868969440460205
2.902801990509033
2.8453526496887207
3.2092812061309814
3.194596529006958
3.165541887283325
3.1666226387023926
3.111032009124756
3.1121671199798584
3.080336093902588
3.1365513801574707
3.0406484603881836
3.0674309730529785
3.349374294281006
3.2704529762268066
3.342221736907959
3.281757354736328
3.256539821624756
3.2924811840057373
3.260300636291504
3.2993979454040527
3.2024686336517334
3.2843332290649414
2.0576632022857666
2.059015989303589
2.0665645599365234
1.9813874959945679
1.968388319015503
1.9319801330566406
1.966994285583496
1.9751571416854858
1.9554623365402222
1.9185413122177124
2.1360092163085938
2.107886791229248
2.1001570224761963
2.068467140197754
2.154100179672241
2.0542733669281006
2.085369110107422
2.0582022666931152
2.091846227645874
2.0449533462524414
2.3032407760620117
2.2517173290252686
2.261322021484375
2.266145706176758
2.2988171577453613
2.232475996017456
2.2491626739501953
2.2290022373199463
2.2440152168273926
2.2522318363189697
2.4366419315338135
2.4229414463043213
2.457688808441162
2.4271645545959473
2.371732234954834
2.347076892852783
2.4016757011413574
2.395299196243286
2.3886220455169678
2.337820053100586
2.687382459640503
2.723785161972046
2.6628851890563965
2.721524477005005
2.6274659633636475
2.7020671367645264
2.685504198074341
2.701900005340576
2.627516508102417
2.6023523807525635
3.0697972774505615
3.0280842781066895
3.0325968265533447
3.0528342723846436
3.0670814514160156
3.0035314559936523
3.0514683723449707
3.0290181636810303
2.9728145599365234
2.943424701690674
3.425044298171997
3.4509737491607666
3.3527894020080566
3.3932275772094727
3.3599648475646973
3.3429722785949707
3.409583568572998
3.331382989883423
3.338402271270752
3.3091561794281006
3.2515134811401367
3.1813933849334717
3.1357972621917725
3.1939659118652344
3.1225993633270264
3.1125357151031494
3.12416410446167
3.1030185222625732
3.0102145671844482
3.1097989082336426
3.319380760192871
3.265281915664673
3.324350357055664
3.3059120178222656
3.32405424118042
3.2181143760681152
3.2265021800994873
3.1943771839141846
3.2896320819854736
3.2115790843963623
1.7534998655319214
1.7498767375946045
1.771033763885498
1.7574514150619507
1.7240359783172607
1.726974368095398
1.6770213842391968
1.7145336866378784
1.6923257112503052
1.7033582925796509
1.8551055192947388
1.8577622175216675
1.8543790578842163
1.8058769702911377
1.8214021921157837
1.8262479305267334
1.8227269649505615
1.7993614673614502
1.7685638666152954
1.7658270597457886
2.120725154876709
2.1146621704101562
2.1080071926116943
2.095752716064453
2.074333429336548
2.0709946155548096
2.0587246417999268
2.047417163848877
2.034794569015503
2.0078396797180176
2.4571661949157715
2.5204715728759766
2.4559855461120605
2.45474910736084
2.4652514457702637
2.492706775665283
2.4325053691864014
2.374680995941162
2.3569793701171875
2.4298202991485596
2.936105966567993
2.9163942337036133
2.937196731567383
2.913468837738037
2.8805160522460938
2.8360705375671387
2.8900363445281982
2.8094465732574463
2.8691906929016113
2.8218846321105957
3.0164453983306885
2.9899775981903076
2.996964931488037
2.9777119159698486
2.9315497875213623
2.9234018325805664
2.9304428100585938
2.9163906574249268
2.8985185623168945
2.8716440200805664
2.861238956451416
2.8323590755462646
2.783412456512451
2.778571367263794
2.733358383178711
2.728537082672119
2.6870336532592773
2.7066662311553955
2.671461582183838
2.6873111724853516
3.081909656524658
3.10042142868042
3.019526720046997
3.066232919692993
2.99455189704895
3.012033224105835
3.011838674545288
2.9815890789031982
2.969766616821289
2.920327663421631
3.535189151763916
3.528630256652832
3.518631935119629
3.429537057876587
3.499352216720581
3.416189193725586
3.4460396766662598
3.4457685947418213
3.392535924911499
3.366880416870117
1.5534435510635376
1.5722565650939941
1.5513620376586914
1.515758752822876
1.5198023319244385
1.500806450843811
1.4836839437484741
1.4629160165786743
1.4707235097885132
1.4436891078948975
1.7363061904907227
1.6599245071411133
1.6923807859420776
1.6998462677001953
1.6440284252166748
1.6868184804916382
1.6470112800598145
1.6543077230453491
1.644635796546936
1.6576837301254272
1.932694435119629
1.977966070175171
1.9299043416976929
1.9162349700927734
1.9340965747833252
1.9214580059051514
1.9257361888885498
1.911289095878601
1.8372914791107178
1.8529853820800781
2.342729330062866
2.360208511352539
2.2873780727386475
2.309880256652832
2.2876229286193848
2.3125524520874023
2.255408763885498
2.255169630050659
2.2724406719207764
2.220280170440674
2.915637731552124
2.8723912239074707
2.836165428161621
2.870605707168579
2.8137571811676025
2.7834463119506836
2.7684431076049805
2.7687418460845947
2.7140820026397705
2.7644472122192383
2.8926331996917725
2.817528009414673
2.8306283950805664
2.816394567489624
2.758436441421509
2.757070541381836
2.765732765197754
2.7184340953826904
2.7490382194519043
2.72214674949646
3.177204132080078
3.1588640213012695
3.0884690284729004
3.070244789123535
3.127875328063965
3.0981357097625732
3.0847649574279785
3.0805768966674805
3.0232343673706055
3.0057661533355713
3.1312711238861084
3.098550796508789
3.057224988937378
3.116030693054199
3.0707106590270996
2.9968862533569336
2.9721460342407227
2.9761805534362793
2.965437412261963
2.9360618591308594
3.1725382804870605
3.1901357173919678
3.237825393676758
3.1455578804016113
3.070289373397827
3.195401430130005
3.07645845413208
3.0654571056365967
3.050959587097168
3.0759575366973877
2.2035837173461914
2.23272442817688
2.184645891189575
2.149686574935913
2.1080451011657715
2.117542266845703
2.1140964031219482
2.086820602416992
2.096977949142456
2.0649518966674805
2.244724988937378
2.2289743423461914
2.182586669921875
2.212110996246338
2.254493236541748
2.191342830657959
2.1292145252227783
2.16318678855896
2.0847761631011963
2.1321120262145996
2.383657217025757
2.2770349979400635
2.2652149200439453
2.2753405570983887
2.293281316757202
2.2297186851501465
2.3207499980926514
2.2524983882904053
2.2285189628601074
2.2292137145996094
2.5338222980499268
2.503161907196045
2.491483211517334
2.5626795291900635
2.515352487564087
2.4497923851013184
2.4372241497039795
2.4020566940307617
2.422637462615967
2.4069101810455322
2.859257221221924
2.820512056350708
2.822176933288574
2.7551469802856445
2.8054635524749756
2.7397115230560303
2.685373306274414
2.7375998497009277
2.711482524871826
2.7163074016571045
3.0036840438842773
3.0199520587921143
3.0190162658691406
3.0394115447998047
2.9786763191223145
2.876569986343384
2.918780565261841
2.9563987255096436
2.8434038162231445
2.846916675567627
3.1260223388671875
3.194911241531372
3.1179442405700684
3.101222038269043
3.0453732013702393
3.128645896911621
3.0092248916625977
3.054356098175049
3.039724111557007
3.0473921298980713
3.256661891937256
3.2176496982574463
3.1813242435455322
3.161106824874878
3.149441957473755
3.1160402297973633
3.1213793754577637
3.059882640838623
3.0606915950775146
3.0106425285339355
3.674487590789795
3.6702842712402344
3.5663204193115234
3.648791551589966
3.646178960800171
3.5457911491394043
3.5520803928375244
3.549062490463257
3.551466226577759
3.489323139190674
3.1046862602233887
3.0307674407958984
3.002358913421631
3.0013322830200195
2.918532371520996
2.9398281574249268
2.9300551414489746
2.8709757328033447
2.7819864749908447
2.78424334526062
2.965482234954834
2.8893449306488037
2.840648651123047
2.8110105991363525
2.7908871173858643
2.76021409034729
2.7806711196899414
2.695154905319214
2.6879944801330566
2.671499013900757
2.9129202365875244
2.8600575923919678
2.802232503890991
2.8135480880737305
2.7314796447753906
2.747523307800293
2.739286184310913
2.746877908706665
2.6669979095458984
2.6679279804229736
2.9448018074035645
2.943704843521118
2.8916075229644775
2.8684587478637695
2.873098850250244
2.753065824508667
2.7971677780151367
2.7655978202819824
2.7066845893859863
2.673736810684204
3.2972774505615234
3.2244973182678223
3.2324628829956055
3.145118236541748
3.092724561691284
3.0798981189727783
3.0551016330718994
3.0108096599578857
3.019530773162842
2.929694414138794
3.160057306289673
3.1957716941833496
3.0969161987304688
3.0824477672576904
3.018886089324951
3.0618462562561035
2.9542994499206543
2.873112916946411
2.936805248260498
2.846846580505371
3.3729050159454346
3.3987507820129395
3.371835947036743
3.2513997554779053
3.287843704223633
3.213275671005249
3.2198314666748047
3.206601619720459
3.183401584625244
3.113784074783325
3.168825626373291
3.0919060707092285
3.114734649658203
3.068798303604126
2.960707664489746
3.001723289489746
2.982206344604492
2.981170415878296
2.851861000061035
2.8458173274993896
3.213833808898926
3.155461311340332
3.137824058532715
3.10237455368042
3.0742878913879395
2.975675344467163
2.9007723331451416
2.9460816383361816
2.9478917121887207
2.909860372543335
2.867758274078369
2.8034441471099854
2.756122350692749
2.7649662494659424
2.725787878036499
2.6715543270111084
2.5977272987365723
2.6122443675994873
2.5311808586120605
2.484217882156372
2.6359212398529053
2.5784950256347656
2.5498061180114746
2.5381805896759033
2.5149104595184326
2.4749197959899902
2.4611098766326904
2.449014663696289
2.4050819873809814
2.3287949562072754
2.4590513706207275
2.484483242034912
2.428295612335205
2.3727593421936035
2.3637349605560303
2.3640427589416504
2.3178868293762207
2.355499267578125
2.289959669113159
2.2949986457824707
2.656667709350586
2.6368093490600586
2.576651096343994
2.52695631980896
2.558342933654785
2.534287929534912
2.5331923961639404
2.4944865703582764
2.4691884517669678
2.495232105255127
2.7077739238739014
2.729135513305664
2.687285900115967
2.7070083618164062
2.6546242237091064
2.663522720336914
2.6408843994140625
2.6148910522460938
2.5490365028381348
2.538316488265991
3.043679714202881
2.98400616645813
2.9400277137756348
2.944676399230957
2.8902742862701416
2.8989458084106445
2.830784559249878
2.853239059448242
2.817540168762207
2.800929546356201
2.973665714263916
2.9485225677490234
2.9447829723358154
2.88222336769104
2.878443479537964
2.8642795085906982
2.8077845573425293
2.8230464458465576
2.80171799659729
2.8178579807281494
3.263666868209839
3.277972459793091
3.2287120819091797
3.2141690254211426
3.2005367279052734
3.1303229331970215
3.1334216594696045
3.096281051635742
3.0969362258911133
3.0599701404571533
3.3227531909942627
3.344102382659912
3.3779993057250977
3.334699869155884
3.2932419776916504
3.261741876602173
3.2546603679656982
3.1969075202941895
3.2575414180755615
3.2123701572418213
2.8526532649993896
2.8277690410614014
2.7803473472595215
2.777289390563965
2.7388148307800293
2.6471734046936035
2.567523956298828
2.5949528217315674
2.5421042442321777
2.5668749809265137
2.631784200668335
2.631171703338623
2.5824222564697266
2.540827989578247
2.524158239364624
2.51308274269104
2.4878926277160645
2.4430088996887207
2.4179182052612305
2.3671298027038574
2.5908703804016113
2.623323678970337
2.5569958686828613
2.524069309234619
2.525681972503662
2.520714282989502
2.496634006500244
2.4473860263824463
2.4396748542785645
2.3869354724884033
2.8635075092315674
2.8642218112945557
2.8060710430145264
2.8082950115203857
2.801215171813965
2.7862751483917236
2.706463575363159
2.681276321411133
2.6584606170654297
2.639141321182251
2.9965906143188477
2.9832444190979004
2.8886046409606934
2.9358339309692383
2.903127908706665
2.830933094024658
2.7742531299591064
2.8056447505950928
2.787997245788574
2.7657999992370605
3.2177541255950928
3.1828689575195312
3.1382789611816406
3.0971548557281494
3.066281795501709
3.0049073696136475
3.037010669708252
2.9719576835632324
2.9241676330566406
2.9222114086151123
3.212559700012207
3.1820085048675537
3.1799304485321045
3.0810353755950928
3.10691499710083
3.0511858463287354
3.001115322113037
2.9672107696533203
2.9900617599487305
2.9504737854003906
3.17570161819458
3.1249914169311523
3.0303573608398438
3.0876989364624023
3.0012409687042236
2.9800243377685547
3.020902395248413
2.997992992401123
2.9757184982299805
2.867338180541992
3.384814500808716
3.3465394973754883
3.311552047729492
3.299542188644409
3.2381551265716553
3.1989002227783203
3.2003896236419678
3.134744882583618
3.1073434352874756
3.1166253089904785
3.186202049255371
3.1395022869110107
3.059502363204956
3.0669472217559814
3.034651756286621
2.9285786151885986
2.9018375873565674
2.8854002952575684
2.838798999786377
2.7980825901031494
2.8577208518981934
2.8315672874450684
2.7879817485809326
2.786421060562134
2.7140696048736572
2.6774861812591553
2.622060537338257
2.613577127456665
2.5881099700927734
2.5741066932678223
2.7746760845184326
2.7183921337127686
2.694187641143799
2.693809986114502
2.6561508178710938
2.5730502605438232
2.561828136444092
2.5021791458129883
2.5216426849365234
2.4699759483337402
2.920405149459839
2.895268201828003
2.8052244186401367
2.791161060333252
2.6854360103607178
2.6854093074798584
2.677929162979126
2.6335909366607666
2.6236560344696045
2.635673999786377
3.1201012134552
3.054267644882202
3.101134777069092
2.996073007583618
2.950328826904297
2.8386144638061523
2.858786106109619
2.768479585647583
2.7828991413116455
2.768294334411621
2.948115110397339
3.0071756839752197
2.9686741828918457
2.8659262657165527
2.849966526031494
2.7766008377075195
2.7764406204223633
2.7602438926696777
2.7030229568481445
2.7277793884277344
3.173067569732666
3.102919101715088
3.143977642059326
3.145916223526001
3.0834882259368896
3.046623468399048
3.0226645469665527
3.0268361568450928
3.0075745582580566
2.993853807449341
3.551438808441162
3.4969608783721924
3.509935140609741
3.475374937057495
3.473721504211426
3.3997294902801514
3.4190239906311035
3.333824396133423
3.3263401985168457
3.262875556945801
3.3903911113739014
3.3779373168945312
3.308716058731079
3.328005075454712
3.303245782852173
3.2814137935638428
3.1758675575256348
3.1775660514831543
3.215925693511963
3.1451549530029297
2.297694444656372
2.261381149291992
2.23058819770813
2.1885836124420166
2.1347219944000244
2.0892348289489746
2.066406726837158
2.07332706451416
2.037053346633911
2.0197486877441406
2.0387566089630127
2.0417466163635254
2.0076472759246826
1.992301344871521
1.9907445907592773
1.949116826057434
1.9459493160247803
1.9366689920425415
1.9245495796203613
1.917425274848938
2.1385810375213623
2.136059045791626
2.079547882080078
2.0567502975463867
2.0390312671661377
2.0349323749542236
2.009854316711426
2.0359480381011963
2.013801097869873
2.005232572555542
2.355912923812866
2.3318214416503906
2.377699613571167
2.341769218444824
2.3334999084472656
2.3245205879211426
2.287774085998535
2.2558846473693848
2.3126766681671143
2.242750644683838
2.9397647380828857
2.9303598403930664
2.8868815898895264
2.83284330368042
2.8104774951934814
2.853144645690918
2.8303308486938477
2.7815163135528564
2.83082914352417
2.75610613822937
3.476365327835083
3.36063814163208
3.3321340084075928
3.341829776763916
3.2999863624572754
3.2675368785858154
3.264575242996216
3.2235536575317383
3.193739414215088
3.2083771228790283
3.3294668197631836
3.277256965637207
3.191824436187744
3.163968086242676
3.130765676498413
3.1349172592163086
3.085498332977295
3.0851917266845703
3.0355732440948486
3.017341136932373
3.571436643600464
3.530089855194092
3.5225014686584473
3.4640774726867676
3.4370462894439697
3.403895854949951
3.382291793823242
3.353774070739746
3.321143627166748
3.2570018768310547
3.566418409347534
3.485722541809082
3.4833197593688965
3.5032713413238525
3.4055771827697754
3.4616382122039795
3.360703945159912
3.3425934314727783
3.310267686843872
3.3098719120025635
3.739959955215454
3.6398138999938965
3.5854153633117676
3.515970468521118
3.4071412086486816
3.349626302719116
3.2077910900115967
3.1464247703552246
3.100161075592041
3.069195508956909
3.1064791679382324
3.0141923427581787
2.976820230484009
2.8500797748565674
2.852912664413452
2.7823963165283203
2.7330217361450195
2.6777966022491455
2.6503560543060303
2.546806812286377
2.7370471954345703
2.6876447200775146
2.589515447616577
2.545625686645508
2.532679796218872
2.44132661819458
2.4329493045806885
2.3869714736938477
2.3554885387420654
2.301814079284668
2.7244653701782227
2.621645927429199
2.5530505180358887
2.550661325454712
2.512314796447754
2.4581899642944336
2.3960278034210205
2.3743741512298584
2.3543949127197266
2.2495601177215576
3.0604946613311768
2.973616123199463
2.890944242477417
2.8507027626037598
2.8387908935546875
2.79886794090271
2.7407493591308594
2.6413159370422363
2.6071465015411377
2.6188039779663086
2.92987060546875
2.9032866954803467
2.884249687194824
2.8345859050750732
2.7754809856414795
2.711836576461792
2.659808397293091
2.606590747833252
2.580410957336426
2.564279079437256
2.8875043392181396
2.8112847805023193
2.7653980255126953
2.737166166305542
2.652780055999756
2.591864824295044
2.6013247966766357
2.559824228286743
2.4994609355926514
2.5073201656341553
3.104313850402832
3.1604559421539307
2.994800567626953
2.962233781814575
2.9215922355651855
2.885836601257324
2.8498849868774414
2.7566094398498535
2.7585208415985107
2.6544151306152344
3.219651699066162
3.234039306640625
3.177274703979492
3.15264630317688
3.0782740116119385
3.0419039726257324
3.0395426750183105
2.9427173137664795
2.8786535263061523
2.8419997692108154
2.449538230895996
2.382580041885376
2.3925349712371826
2.3628313541412354
2.262582302093506
2.259199619293213
2.218280076980591
2.179176092147827
2.1596274375915527
2.1324009895324707
2.2324979305267334
2.150022029876709
2.1683151721954346
2.1222033500671387
2.064668655395508
2.0604088306427
2.0281050205230713
2.0117781162261963
1.9921051263809204
1.9589165449142456
2.2317380905151367
2.216107130050659
2.181443691253662
2.150449752807617
2.101461410522461
2.1295411586761475
2.10282039642334
2.0353739261627197
2.025536060333252
2.011258840560913
2.302060604095459
2.315805673599243
2.2625856399536133
2.2518959045410156
2.205679416656494
2.197427749633789
2.1870999336242676
2.152705669403076
2.0978496074676514
2.1011123657226562
2.682429790496826
2.6581027507781982
2.6178488731384277
2.6010029315948486
2.5483641624450684
2.482534408569336
2.418998956680298
2.468290090560913
2.423372268676758
2.3391809463500977
2.743274688720703
2.7392985820770264
2.757408618927002
2.6621780395507812
2.6596667766571045
2.646312952041626
2.5699880123138428
2.5692739486694336
2.5194709300994873
2.5087995529174805
3.264949321746826
3.146162986755371
3.125669002532959
3.0573666095733643
3.061004638671875
2.9890811443328857
2.9483208656311035
2.888831853866577
2.860377550125122
2.7944207191467285
3.205996036529541
3.1618199348449707
3.127655267715454
3.0985870361328125
3.1270647048950195
3.017343759536743
3.02786922454834
2.928804636001587
2.9161391258239746
2.892270803451538
3.066711664199829
3.0347023010253906
2.989252805709839
2.9703574180603027
2.9872779846191406
2.915358543395996
2.906749725341797
2.847546100616455
2.790820598602295
2.780881881713867
3.1506447792053223
3.06607723236084
2.997605323791504
2.954569101333618
2.897416114807129
2.869283437728882
2.7951154708862305
2.747725009918213
2.6966543197631836
2.629023551940918
2.826655387878418
2.779862403869629
2.687218189239502
2.6592466831207275
2.6267387866973877
2.549144983291626
2.4411675930023193
2.4249517917633057
2.3834187984466553
2.348635196685791
2.7730445861816406
2.6972053050994873
2.6428184509277344
2.611906051635742
2.525277614593506
2.4584555625915527
2.4159297943115234
2.425339937210083
2.3873250484466553
2.346933126449585
2.9739830493927
2.9090263843536377
2.845592737197876
2.7809736728668213
2.7214126586914062
2.748202323913574
2.7277846336364746
2.70027494430542
2.6004936695098877
2.6104416847229004
3.1217424869537354
3.0342116355895996
2.976416826248169
2.961148262023926
2.938455581665039
2.8933839797973633
2.841564893722534
2.7814245223999023
2.761448860168457
2.753063201904297
3.2126710414886475
3.1429364681243896
3.1021597385406494
3.0551977157592773
3.0013179779052734
2.9569811820983887
2.902069091796875
2.8645412921905518
2.8520312309265137
2.8278019428253174
2.94510555267334
2.925259590148926
2.8319239616394043
2.833919048309326
2.780479669570923
2.7055346965789795
2.675839424133301
2.641857862472534
2.645935297012329
2.5969126224517822
2.7909045219421387
2.822680711746216
2.803410768508911
2.6890437602996826
2.6553945541381836
2.6359055042266846
2.562300443649292
2.6102919578552246
2.488396167755127
2.488428831100464
3.1843347549438477
3.1525521278381348
3.081359624862671
3.0147910118103027
2.998652458190918
2.987995147705078
2.9310169219970703
2.9228262901306152
2.869215250015259
2.8318896293640137
2.0479321479797363
1.983392357826233
1.9562269449234009
1.901971459388733
1.8681715726852417
1.8500356674194336
1.818382978439331
1.8217575550079346
1.802664041519165
1.7702932357788086
1.9845637083053589
1.9468989372253418
1.9434592723846436
1.9148672819137573
1.9007513523101807
1.8914122581481934
1.8490134477615356
1.8333866596221924
1.8046272993087769
1.7895524501800537
2.2412257194519043
2.1860435009002686
2.178844690322876
2.153296947479248
2.116288423538208
2.0919644832611084
2.073899745941162
2.0490059852600098
2.023587226867676
1.988114356994629
2.549020767211914
2.4873530864715576
2.4818146228790283
2.472414970397949
2.4371447563171387
2.4200258255004883
2.4153268337249756
2.348384141921997
2.311945676803589
2.314232587814331
2.872467279434204
2.879634141921997
2.8528988361358643
2.775879383087158
2.767343044281006
2.72377872467041
2.7072410583496094
2.667579174041748
2.668466806411743
2.626760244369507
3.158958673477173
3.117412805557251
3.071650743484497
3.0717403888702393
3.038749933242798
3.0296192169189453
2.978668451309204
2.9952712059020996
2.96183705329895
2.8486156463623047
2.874823570251465
2.781515121459961
2.7636022567749023
2.740461587905884
2.7611734867095947
2.685983180999756
2.7002758979797363
2.6570613384246826
2.6658146381378174
2.6116912364959717
3.16798996925354
3.120882749557495
3.086393117904663
3.0598626136779785
3.0001039505004883
2.984564781188965
2.975367546081543
2.913156032562256
2.865154504776001
2.859607219696045
2.9677510261535645
2.8957908153533936
2.8817832469940186
2.864997625350952
2.759910821914673
2.8245105743408203
2.7544734477996826
2.736264944076538
2.7249443531036377
2.6037752628326416
