3.5036771297454834
3.489692449569702
3.51362681388855
3.484954833984375
3.5029242038726807
3.470579147338867
3.454651117324829
3.4564342498779297
3.4848172664642334
3.4830873012542725
3.6545071601867676
3.609015703201294
3.601987600326538
3.6131656169891357
3.572263240814209
3.569093942642212
3.5803215503692627
3.6063058376312256
3.576448917388916
3.6060895919799805
3.814178705215454
3.8068695068359375
3.8392088413238525
3.779172420501709
3.766724109649658
3.8053579330444336
3.781930446624756
3.784044027328491
3.7496209144592285
3.7811954021453857
4.3062424659729
4.323760032653809
4.278284549713135
4.273314952850342
4.332843780517578
4.236161231994629
4.307624340057373
4.215571403503418
4.198950290679932
4.288802623748779
4.943493843078613
4.809483051300049
4.850399971008301
4.873812675476074
4.844904899597168
4.80021333694458
4.776401996612549
4.866836071014404
4.784614086151123
4.7583327293396
4.761404514312744
4.739787578582764
4.6918768882751465
4.657884120941162
4.713486671447754
4.650735855102539
4.695374965667725
4.6854095458984375
4.611763000488281
4.6091718673706055
4.40632963180542
4.36729621887207
4.328163146972656
4.346926689147949
4.313388824462891
4.32805061340332
4.289235591888428
4.232097625732422
4.2144622802734375
4.243575096130371
4.726089954376221
4.699277400970459
4.640431880950928
4.658548831939697
4.609551906585693
4.535947322845459
4.582852363586426
4.631480693817139
4.582024097442627
4.5041327476501465
4.434569835662842
4.384885311126709
4.403553009033203
4.305612087249756
4.283971786499023
4.286396503448486
4.30726957321167
4.203650951385498
4.238286972045898
4.245178699493408
2.6730754375457764
2.6464524269104004
2.682868003845215
2.639281749725342
2.6528096199035645
2.5888209342956543
2.644798994064331
2.6116435527801514
2.672039270401001
2.6021859645843506
2.911623239517212
2.9086804389953613
2.903200149536133
2.8776350021362305
2.8986196517944336
2.8955416679382324
2.8846347332000732
2.9233882427215576
2.863492488861084
2.8500800132751465
3.432093858718872
3.473397970199585
3.4891958236694336
3.464263439178467
3.4484035968780518
3.458848714828491
3.43735671043396
3.4529480934143066
3.4457590579986572
3.4002013206481934
4.371036529541016
4.317713260650635
4.353613376617432
4.358231067657471
4.351649761199951
4.281238555908203
4.296467304229736
4.293185710906982
4.3117170333862305
4.317453384399414
3.826876163482666
3.82220721244812
3.839301109313965
3.8240320682525635
3.8051891326904297
3.799898147583008
3.762195110321045
3.724966526031494
3.773102283477783
3.749051570892334
4.455559730529785
4.417199611663818
4.400254726409912
4.4338579177856445
4.368259906768799
4.428890228271484
4.39215087890625
4.386608600616455
4.382607460021973
4.387652397155762
4.7374043464660645
4.699070930480957
4.723817348480225
4.674781799316406
4.629994869232178
4.684683799743652
4.614184856414795
4.671542644500732
4.625823020935059
4.60885763168335
4.157809734344482
4.183011531829834
4.164040565490723
4.140415191650391
4.135539531707764
4.1395368576049805
4.06406307220459
4.068506240844727
4.093350887298584
4.064986705780029
4.407721996307373
4.455148696899414
4.385417938232422
4.374069690704346
4.407095432281494
4.378676414489746
4.354581356048584
4.395057201385498
4.356210231781006
4.360419273376465
2.2861156463623047
2.156741142272949
2.2502646446228027
2.1626858711242676
2.2662577629089355
2.2154009342193604
2.262913703918457
2.221839427947998
2.222736120223999
2.210279941558838
2.456578254699707
2.411679267883301
2.447968006134033
2.4525184631347656
2.441014051437378
2.4108774662017822
2.4412386417388916
2.4322619438171387
2.4164373874664307
2.4172379970550537
3.101109027862549
3.110931873321533
3.1194403171539307
3.051387310028076
3.052438497543335
3.0565130710601807
3.0592498779296875
3.0309700965881348
3.0402560234069824
3.054211378097534
3.9261491298675537
3.9158413410186768
3.869558811187744
3.853306531906128
3.8485517501831055
3.836787700653076
3.8726375102996826
3.7881264686584473
3.787806987762451
3.7873497009277344
3.8461999893188477
3.8564064502716064
3.8423359394073486
3.7863075733184814
3.774338722229004
3.768531084060669
3.8067104816436768
3.7507212162017822
3.7244279384613037
3.756380081176758
4.42662239074707
4.404404640197754
4.410055637359619
4.425282955169678
4.402557373046875
4.414952754974365
4.437747955322266
4.374125957489014
4.370193004608154
4.303316593170166
5.272721290588379
5.176116943359375
5.208810329437256
5.133098125457764
5.143826961517334
5.166614532470703
5.222424507141113
5.1466569900512695
5.152100563049316
5.159258842468262
3.8373911380767822
3.859734535217285
3.814049243927002
3.8111579418182373
3.8362069129943848
3.792423963546753
3.794801950454712
3.8547446727752686
3.7811264991760254
3.75747013092041
4.028486251831055
3.9466450214385986
3.9868361949920654
3.995551109313965
3.93717622756958
3.957880973815918
3.9295337200164795
3.871002435684204
3.871338129043579
3.913715124130249
1.8958218097686768
1.8706576824188232
1.8127312660217285
1.838419795036316
1.8654323816299438
1.854338526725769
1.8212858438491821
1.8054134845733643
1.8334619998931885
1.8103710412979126
2.067384958267212
2.133385181427002
2.0636096000671387
2.0751216411590576
2.0725972652435303
2.038986921310425
2.082897186279297
2.055319309234619
2.0594630241394043
2.034972667694092
3.0470356941223145
3.036505937576294
2.988307476043701
2.9802629947662354
2.9932773113250732
2.9748144149780273
2.9569153785705566
2.958364963531494
2.9449329376220703
2.9313364028930664
3.905555248260498
3.7967281341552734
3.8561317920684814
3.806044578552246
3.8255820274353027
3.7701663970947266
3.7931888103485107
3.773322820663452
3.7696027755737305
3.7472684383392334
3.391042947769165
3.437452793121338
3.4404401779174805
3.4042165279388428
3.404099941253662
3.4240798950195312
3.336900472640991
3.385279893875122
3.3957929611206055
3.403914451599121
4.064308166503906
4.0759196281433105
4.070888042449951
4.0798797607421875
4.06484317779541
4.094733715057373
4.016850471496582
4.069546222686768
4.047901630401611
4.049654960632324
4.034130573272705
3.9761996269226074
3.9890923500061035
4.006514549255371
4.0126423835754395
3.974370002746582
3.9155941009521484
3.934983968734741
3.9639110565185547
3.8980066776275635
4.298520088195801
4.333601951599121
4.308958530426025
4.27665901184082
4.2448320388793945
4.253242492675781
4.266707420349121
4.225652694702148
4.268790245056152
4.260064601898193
4.977622985839844
4.93474817276001
4.920912265777588
4.854609489440918
4.878293991088867
4.884852409362793
4.887696743011475
4.83897066116333
4.8423285484313965
4.8216071128845215
1.5715817213058472
1.5659294128417969
1.5281543731689453
1.5589770078659058
1.5491241216659546
1.4900609254837036
1.4997352361679077
1.5392627716064453
1.490537166595459
1.484181523323059
1.9923224449157715
2.0068962574005127
1.965394377708435
1.9731348752975464
1.9375066757202148
1.9698477983474731
1.8983315229415894
1.960740089416504
1.9217489957809448
1.9347227811813354
2.786026954650879
2.745313882827759
2.7827930450439453
2.714179515838623
2.7978765964508057
2.726410388946533
2.7691991329193115
2.7607877254486084
2.7474799156188965
2.7661659717559814
3.650810956954956
3.6453745365142822
3.6821067333221436
3.6604812145233154
3.7343578338623047
3.627490758895874
3.5784597396850586
3.584209442138672
3.630969285964966
3.6125411987304688
3.254084348678589
3.230046033859253
3.1598191261291504
3.1779210567474365
3.2125868797302246
3.1679556369781494
3.152139186859131
3.159182548522949
3.1605939865112305
3.1821858882904053
3.377598285675049
3.383425712585449
3.341392993927002
3.382946729660034
3.319465398788452
3.347592830657959
3.298199415206909
3.3299825191497803
3.3255739212036133
3.2770602703094482
4.3772172927856445
4.354202747344971
4.336137771606445
4.374599933624268
4.30995512008667
4.302825927734375
4.272943496704102
4.35233211517334
4.223687648773193
4.269222736358643
3.843066453933716
3.838728189468384
3.8484854698181152
3.81630277633667
3.7564940452575684
3.7746846675872803
3.795546531677246
3.759904384613037
3.7426323890686035
3.7642316818237305
3.8473517894744873
3.8884456157684326
3.8328487873077393
3.850109577178955
3.8118441104888916
3.835808038711548
3.884504556655884
3.8106744289398193
3.770897626876831
3.805629253387451
1.5202932357788086
1.5055718421936035
1.4581706523895264
1.4320645332336426
1.4739902019500732
1.4755206108093262
1.4465898275375366
1.429397463798523
1.4266932010650635
1.4251372814178467
1.9386842250823975
1.9377669095993042
1.9628514051437378
1.9109402894973755
1.914472222328186
1.9316625595092773
1.8765753507614136
1.8803126811981201
1.8721781969070435
1.8709983825683594
3.033686637878418
3.019308090209961
3.0378074645996094
3.0482895374298096
2.9870166778564453
3.0246329307556152
3.0322415828704834
2.975983142852783
3.0261456966400146
2.987757444381714
4.122768878936768
4.13035774230957
4.137104034423828
4.146990776062012
4.0826568603515625
4.099189758300781
4.118957042694092
4.097884654998779
4.045355796813965
4.033687591552734
3.4495418071746826
3.456226348876953
3.446251392364502
3.365342617034912
3.4360456466674805
3.431762456893921
3.3884289264678955
3.4222493171691895
3.3679683208465576
3.3916871547698975
4.062765598297119
4.111572265625
4.032426834106445
4.030168056488037
3.9998302459716797
3.963322401046753
4.030548095703125
4.012248516082764
3.9659876823425293
3.968318223953247
3.835588216781616
3.7627649307250977
3.7684524059295654
3.763899803161621
3.7195873260498047
3.7571072578430176
3.7164032459259033
3.723268985748291
3.725567102432251
3.7015340328216553
3.722149133682251
3.7416133880615234
3.7385683059692383
3.7209320068359375
3.674691677093506
3.6950435638427734
3.6377062797546387
3.706064462661743
3.6681101322174072
3.6378841400146484
4.640994071960449
4.64031982421875
4.6402106285095215
4.619508743286133
4.634775638580322
4.582999229431152
4.631503582000732
4.545347690582275
4.591751575469971
4.502939224243164
1.2642848491668701
1.2599947452545166
1.2462769746780396
1.2193061113357544
1.2340452671051025
1.2136387825012207
1.169305682182312
1.2108534574508667
1.1881158351898193
1.1619173288345337
1.726068139076233
1.7299013137817383
1.692233920097351
1.7555562257766724
1.7401835918426514
1.7347365617752075
1.6868947744369507
1.6835848093032837
1.6908142566680908
1.7005335092544556
2.7884275913238525
2.7219855785369873
2.716618776321411
2.7683680057525635
2.7475433349609375
2.78078293800354
2.6824941635131836
2.7400851249694824
2.707928419113159
2.7063186168670654
3.3417587280273438
3.2852845191955566
3.3199989795684814
3.323918342590332
3.279798984527588
3.2815515995025635
3.288113594055176
3.315380573272705
3.249906063079834
3.2267274856567383
3.666429281234741
3.6907200813293457
3.610496997833252
3.6597964763641357
3.6447389125823975
3.6191599369049072
3.621687889099121
3.549363136291504
3.609802484512329
3.572014093399048
3.412456512451172
3.398411750793457
3.394287586212158
3.3899168968200684
3.4341988563537598
3.375311851501465
3.3512840270996094
3.3749918937683105
3.4041779041290283
3.3455166816711426
4.59242057800293
4.616289138793945
4.645392417907715
4.645447731018066
4.605035305023193
4.561220169067383
4.61513614654541
4.581859111785889
4.591344833374023
4.49614143371582
3.8996880054473877
3.920058250427246
3.8540725708007812
3.9192280769348145
3.852280855178833
3.8547799587249756
3.815864086151123
3.833505153656006
3.826680898666382
3.82446551322937
3.353095769882202
3.3033812046051025
3.271242380142212
3.321234941482544
3.334639549255371
3.3164443969726562
3.3428144454956055
3.2876577377319336
3.261641025543213
3.2235302925109863
1.0382035970687866
1.000557780265808
1.019188404083252
0.9565548896789551
0.950019359588623
0.9499972462654114
0.930046558380127
0.924200177192688
0.9182868003845215
0.9291254281997681
1.5546917915344238
1.5404083728790283
1.5712332725524902
1.552979588508606
1.505388617515564
1.4831844568252563
1.495322346687317
1.489269495010376
1.4859336614608765
1.4794352054595947
2.4336540699005127
2.4343502521514893
2.4018101692199707
2.3427436351776123
2.353335380554199
2.3872835636138916
2.353381872177124
2.358480930328369
2.3181209564208984
2.3655381202697754
3.4965577125549316
3.456995964050293
3.4420292377471924
3.3870859146118164
3.419890880584717
3.4048986434936523
3.425313711166382
3.435027599334717
3.365788221359253
3.3253989219665527
3.280958652496338
3.256620407104492
3.234083414077759
3.196073055267334
3.1682000160217285
3.1927108764648438
3.189335346221924
3.1855711936950684
3.1745777130126953
3.161271572113037
4.594564914703369
4.608229637145996
4.563055515289307
4.574657440185547
4.587673187255859
4.590063095092773
4.57030725479126
4.573973655700684
4.530666351318359
4.553825378417969
3.805643320083618
3.8177993297576904
3.7942051887512207
3.8055832386016846
3.844165086746216
3.7242627143859863
3.770775318145752
3.7104363441467285
3.7701518535614014
3.714820384979248
4.165831565856934
4.15423059463501
4.14901065826416
4.138339042663574
4.109759330749512
4.114794731140137
4.064584255218506
4.125932693481445
4.061380863189697
4.116906642913818
3.856841564178467
3.8153531551361084
3.7956669330596924
3.7816524505615234
3.7692577838897705
3.8126683235168457
3.746846914291382
3.738389253616333
3.7500951290130615
3.784785747528076
0.7441890239715576
0.7297527194023132
0.6968797445297241
0.6929624676704407
0.6558338403701782
0.6898971796035767
0.6801175475120544
0.6626433730125427
0.6473661661148071
0.6428228616714478
1.2370359897613525
1.252500057220459
1.1811758279800415
1.126802921295166
1.1794956922531128
1.162243366241455
1.1861742734909058
1.1452040672302246
1.1345844268798828
1.1178568601608276
2.2056941986083984
2.208451271057129
2.1987617015838623
2.2362723350524902
2.164604902267456
2.1821513175964355
2.174826145172119
2.1869919300079346
2.174321413040161
2.224893808364868
3.809720516204834
3.8382022380828857
3.824467182159424
3.8340399265289307
3.764615058898926
3.8321659564971924
3.727407693862915
3.769620418548584
3.775242328643799
3.738369941711426
3.4264166355133057
3.435997247695923
3.380500078201294
3.405709743499756
3.357964515686035
3.361811399459839
3.36460542678833
3.2847447395324707
3.344774007797241
3.380702257156372
3.986222982406616
4.035256385803223
3.918156385421753
3.951416015625
3.9880309104919434
3.939319133758545
3.8904314041137695
3.92234206199646
3.945796012878418
3.841463088989258
3.0849854946136475
3.0336856842041016
3.0549492835998535
3.0332841873168945
2.958312749862671
3.038552761077881
2.9650495052337646
2.8911170959472656
2.9666266441345215
2.9414031505584717
4.84884786605835
4.896687030792236
4.793576240539551
4.8153581619262695
4.798696517944336
4.754805088043213
4.72312068939209
4.765897750854492
4.723830223083496
4.748621463775635
3.7720189094543457
3.7822775840759277
3.728444814682007
3.6714236736297607
3.665020227432251
3.635411500930786
3.620431900024414
3.6033384799957275
3.5863800048828125
3.5980870723724365
0.6011809706687927
0.5949557423591614
0.5662174224853516
0.5424695014953613
0.5331135988235474
0.5225656032562256
0.5185768604278564
0.5113807320594788
0.507727324962616
0.5024601817131042
1.2411326169967651
1.2344945669174194
1.2194141149520874
1.14021635055542
1.1649577617645264
1.1407616138458252
1.1812644004821777
1.1322919130325317
1.1327916383743286
1.0968223810195923
2.217313289642334
2.1694748401641846
2.148848056793213
2.1402204036712646
2.1506505012512207
2.1072278022766113
2.1281490325927734
2.1530704498291016
2.1647393703460693
2.1788387298583984
3.605107069015503
3.5766680240631104
3.5558576583862305
3.5359182357788086
3.4807605743408203
3.47796630859375
3.4905149936676025
3.4751293659210205
3.442446231842041
3.4652299880981445
4.672093391418457
4.691518306732178
4.632711887359619
4.69305944442749
4.6566691398620605
4.627120494842529
4.568201065063477
4.581373691558838
4.566870212554932
4.5208587646484375
2.8932623863220215
2.8760194778442383
2.8843579292297363
2.8293237686157227
2.9119455814361572
2.8427042961120605
2.8445138931274414
2.7973289489746094
2.77129864692688
2.786771535873413
3.9802439212799072
3.98305606842041
4.014569282531738
3.956843376159668
3.9429352283477783
3.9208061695098877
3.9182658195495605
3.959564685821533
3.866220712661743
3.8396172523498535
4.434225082397461
4.483537197113037
4.493788719177246
4.456486701965332
4.432973384857178
4.34569787979126
4.3395538330078125
4.371682643890381
4.328896999359131
4.28884744644165
4.105385780334473
4.117022514343262
4.067423343658447
4.042423725128174
4.004705429077148
4.008172988891602
3.996934413909912
3.9640071392059326
3.9578216075897217
3.916990041732788
0.5649956464767456
0.565099835395813
0.5240483283996582
0.5092461109161377
0.5214029550552368
0.4707961976528168
0.4488532841205597
0.49349504709243774
0.4276559054851532
0.4670650064945221
1.0197978019714355
1.068871021270752
1.0099010467529297
1.021738052368164
1.0114011764526367
1.0007439851760864
0.9806897640228271
0.9627418518066406
0.905794620513916
0.9697772860527039
1.979132890701294
1.9467637538909912
1.960841178894043
2.0048327445983887
1.9278942346572876
1.8847041130065918
1.9078665971755981
1.8655719757080078
1.9048845767974854
1.8666292428970337
3.513436794281006
3.586829423904419
3.5678353309631348
3.588860511779785
3.4859166145324707
3.445206642150879
3.4912922382354736
3.433957815170288
3.441983222961426
3.4343974590301514
3.3577167987823486
3.364447593688965
3.3866426944732666
3.3830692768096924
3.349073648452759
3.3775317668914795
3.350821018218994
3.3353424072265625
3.2642996311187744
3.3206217288970947
3.490691900253296
3.404520273208618
3.4402880668640137
3.393867254257202
3.394395589828491
3.405402183532715
3.334378242492676
3.3175644874572754
3.286546468734741
3.3185157775878906
3.1961405277252197
3.2248246669769287
3.1826791763305664
3.2151191234588623
3.188063621520996
3.1062021255493164
3.12375807762146
3.113557815551758
3.057586908340454
3.0730459690093994
4.428258419036865
4.501854419708252
4.44156551361084
4.481130599975586
4.450009822845459
4.336143970489502
4.313895225524902
4.319621562957764
4.294130802154541
4.279496669769287
3.8155202865600586
3.9048011302948
3.8081459999084473
3.8291561603546143
3.7601428031921387
3.7161149978637695
3.6991171836853027
3.747119426727295
3.660099506378174
3.6420786380767822
0.47318029403686523
0.44856634736061096
0.4366573989391327
0.39607635140419006
0.4130784869194031
0.3876861333847046
0.39087897539138794
0.4089791774749756
0.3682534098625183
0.3732483685016632
1.0087252855300903
0.9884935617446899
0.9375589489936829
0.9358792304992676
0.8955099582672119
0.9404476284980774
0.9107584953308105
0.8826360106468201
0.8761540651321411
0.8943096399307251
1.9330064058303833
1.9063366651535034
1.9512954950332642
1.9393789768218994
1.9387667179107666
1.8760573863983154
1.857014536857605
1.8251110315322876
1.8867790699005127
1.8134311437606812
3.843701124191284
3.782238483428955
3.760775089263916
3.8163082599639893
3.7479209899902344
3.664647102355957
3.7704079151153564
3.7189981937408447
3.691452980041504
3.6787407398223877
2.9675683975219727
2.9052622318267822
2.9333858489990234
2.976468563079834
2.9719839096069336
2.9170045852661133
2.9182491302490234
2.93428897857666
2.9344241619110107
2.8985698223114014
4.105125904083252
4.180315971374512
4.1566290855407715
4.087069988250732
4.181346893310547
4.079124450683594
4.039514541625977
4.094681262969971
4.050897121429443
4.0464768409729
4.028666019439697
3.958604574203491
3.9889254570007324
3.924844980239868
3.9265546798706055
3.9923458099365234
3.9154889583587646
3.9454329013824463
3.896731376647949
3.883391857147217
3.0991177558898926
3.110121011734009
3.121135711669922
3.111234664916992
3.0998945236206055
3.1227638721466064
3.0710811614990234
3.0973291397094727
3.0501468181610107
3.0848329067230225
4.394896507263184
4.357400894165039
4.300875186920166
4.330488204956055
4.2798566818237305
4.273307800292969
4.210445404052734
4.251491546630859
4.196361541748047
4.192244052886963
0.24438445270061493
0.24764709174633026
0.24823503196239471
0.2179446816444397
0.22342054545879364
0.2297525405883789
0.21896971762180328
0.20869292318820953
0.21051716804504395
0.2085481435060501
0.7888354659080505
0.7602511644363403
0.7301307320594788
0.7236937284469604
0.70579594373703
0.7058038115501404
0.6701360940933228
0.6696770191192627
0.70326167345047
0.6389120221138
1.532401442527771
1.4988890886306763
1.4694328308105469
1.435331106185913
1.3889597654342651
1.4134351015090942
1.4521127939224243
1.3817763328552246
1.4133131504058838
1.411899209022522
3.2270827293395996
3.1563148498535156
3.148968458175659
3.1925690174102783
3.1274619102478027
3.1315901279449463
3.1360459327697754
3.076443672180176
3.0740413665771484
3.072819948196411
3.0250084400177
3.0779223442077637
2.990356922149658
3.0365052223205566
2.9729371070861816
2.9859302043914795
2.9663212299346924
3.0074377059936523
2.993748903274536
2.960909843444824
4.064801216125488
4.043223857879639
4.036483287811279
4.040729999542236
4.085482120513916
4.02154541015625
3.9500954151153564
3.9959354400634766
4.001506805419922
4.064177989959717
3.0397799015045166
3.047711133956909
3.024137020111084
2.9952497482299805
3.108107805252075
2.978203535079956
3.028216600418091
3.0461575984954834
2.984755039215088
2.9450361728668213
5.092827320098877
5.1326093673706055
5.061192035675049
5.059020042419434
5.050677299499512
5.04325532913208
5.016259670257568
4.957901477813721
4.916607856750488
4.875607013702393
3.8187708854675293
3.717884063720703
3.7195162773132324
3.7176716327667236
3.649733304977417
3.6020126342773438
3.6860849857330322
3.6114718914031982
3.616365671157837
3.6040730476379395
0.23115262389183044
0.23772089183330536
0.21820098161697388
0.22449755668640137
0.22109147906303406
0.2015567123889923
0.20727646350860596
0.20016154646873474
0.19123069941997528
0.1978909969329834
0.7493085861206055
0.7173314690589905
0.7229198217391968
0.7135313153266907
0.6785392165184021
0.6855799555778503
0.665377140045166
0.6700180172920227
0.6440370082855225
0.6228024959564209
1.583726406097412
1.5330133438110352
1.567314863204956
1.5396158695220947
1.5407321453094482
1.5719574689865112
1.484175682067871
1.5011903047561646
1.4855691194534302
1.4977195262908936
3.5615010261535645
3.523423671722412
3.436887264251709
3.436149835586548
3.443875789642334
3.445803642272949
3.3890552520751953
3.3566975593566895
3.402928590774536
3.3234927654266357
3.3824586868286133
3.379983425140381
3.3743209838867188
3.411961317062378
3.348912000656128
3.37986159324646
3.3029675483703613
3.30873441696167
3.284660816192627
3.307345390319824
3.2275218963623047
3.2426040172576904
3.202333450317383
3.191936492919922
3.1859724521636963
3.1736252307891846
3.155440092086792
3.1618518829345703
3.196688413619995
3.172121524810791
4.298125267028809
4.339705467224121
4.248608589172363
4.301749229431152
4.216798782348633
4.21229887008667
4.248597145080566
4.181036949157715
4.173809051513672
4.1503496170043945
3.782424211502075
3.791166067123413
3.7598214149475098
3.7299633026123047
3.7329587936401367
3.735520839691162
3.684863805770874
3.661836862564087
3.710299491882324
3.696108341217041
3.8453660011291504
3.8469176292419434
3.847259759902954
3.801720142364502
3.6943581104278564
3.6548385620117188
3.7206785678863525
3.66149640083313
3.641359329223633
3.583984136581421
0.12685242295265198
0.118644580245018
0.1117747500538826
0.11263684928417206
0.1098056212067604
0.10379330813884735
0.1233602985739708
0.10595609247684479
0.09860843420028687
0.10072124749422073
0.5363595485687256
0.5069032311439514
0.5289996862411499
0.4913322627544403
0.4930630028247833
0.430426687002182
0.45717594027519226
0.4124314486980438
0.42028695344924927
0.41641518473625183
1.3293629884719849
1.2889536619186401
1.280839204788208
1.256367564201355
1.3051033020019531
1.2762497663497925
1.2408897876739502
1.2217984199523926
1.2228283882141113
1.2092413902282715
3.311112642288208
3.2240986824035645
3.11386775970459
3.093390464782715
3.069974899291992
3.0969595909118652
3.051973342895508
2.9793667793273926
3.0243546962738037
2.9678587913513184
2.6912193298339844
2.7197890281677246
2.7099030017852783
2.761913299560547
2.6714437007904053
2.681908130645752
2.6313016414642334
2.6927685737609863
2.6662683486938477
2.5861454010009766
4.544428825378418
4.49564790725708
4.508060455322266
4.449734687805176
4.424179553985596
4.413685321807861
4.423140525817871
4.387325286865234
4.375851631164551
4.3766984939575195
3.9394216537475586
3.872159242630005
3.8112246990203857
3.829284429550171
3.894482135772705
3.8046321868896484
3.789111614227295
3.758695363998413
3.825695514678955
3.738532066345215
4.366466522216797
4.408963203430176
4.293308734893799
4.231317520141602
4.171550750732422
4.159305095672607
4.255919456481934
4.139800071716309
4.101053237915039
4.044719219207764
2.544675350189209
2.492837429046631
2.512624979019165
2.500821828842163
2.4908339977264404
2.42293643951416
2.4306371212005615
2.441553831100464
2.3132355213165283
2.3489983081817627
0.12804917991161346
0.12007424235343933
0.11182338744401932
0.11807022988796234
0.10259059071540833
0.10756025463342667
0.10894033312797546
0.10350092500448227
0.10265101492404938
0.11162205785512924
0.5387237071990967
0.5136010646820068
0.5053759813308716
0.4754994213581085
0.4657634496688843
0.4623233675956726
0.415166437625885
0.43021607398986816
0.42031118273735046
0.4122914671897888
1.4247443675994873
1.4254616498947144
1.3838248252868652
1.3728421926498413
1.3807072639465332
1.358924150466919
1.2873443365097046
1.2828813791275024
1.2832410335540771
1.327260136604309
3.585442304611206
3.540367841720581
3.4691507816314697
3.5120718479156494
3.4132473468780518
3.3582117557525635
3.425368070602417
3.3412187099456787
3.3340485095977783
3.3080029487609863
3.308907985687256
3.324768543243408
3.309464693069458
3.3191771507263184
3.3808069229125977
3.280168056488037
3.2285542488098145
3.276855945587158
3.2059714794158936
3.232412099838257
3.1331286430358887
3.126380681991577
3.0983729362487793
3.0503551959991455
3.094294786453247
3.1108789443969727
3.032383918762207
3.053863286972046
3.090567111968994
3.0464329719543457
5.607118606567383
5.616429805755615
5.6203508377075195
5.576245307922363
5.5474395751953125
5.49062442779541
5.502449035644531
5.506958961486816
5.466033458709717
5.447112083435059
4.382950305938721
4.362430572509766
4.392960071563721
4.343564987182617
4.390113830566406
4.245657444000244
4.278087615966797
4.28864049911499
4.210477352142334
4.187945365905762
2.493542194366455
2.4400763511657715
2.4417078495025635
2.4647204875946045
2.4195849895477295
2.3747034072875977
2.406315565109253
2.335279941558838
2.2821125984191895
2.2952117919921875
0.09321314096450806
0.07545037567615509
0.0942302793264389
0.08128935098648071
0.08567409962415695
0.08334148675203323
0.09005790948867798
0.08204607665538788
0.08102676272392273
0.07701808959245682
0.425923615694046
0.42604702711105347
0.39739859104156494
0.40049389004707336
0.35617977380752563
0.3548639714717865
0.3647617697715759
0.37541502714157104
0.35947751998901367
0.3336016535758972
1.3251873254776
1.2537647485733032
1.2263776063919067
1.2820180654525757
1.2382898330688477
1.193165898323059
1.1908260583877563
1.1537411212921143
1.1537890434265137
1.1202635765075684
3.647676467895508
3.652259111404419
3.5831267833709717
3.507490634918213
3.4702165126800537
3.3754208087921143
3.417011260986328
3.3856327533721924
3.414642572402954
3.3918745517730713
3.3323781490325928
3.3344082832336426
3.2744152545928955
3.299984931945801
3.266416072845459
3.172391891479492
3.189063549041748
3.1659257411956787
3.2293336391448975
3.14351749420166
3.5339272022247314
3.51526141166687
3.532759666442871
3.4828925132751465
3.4178152084350586
3.4928457736968994
3.383237361907959
3.4014501571655273
3.3647851943969727
3.329559326171875
3.1774590015411377
3.1333796977996826
3.1438350677490234
3.0821850299835205
3.0474140644073486
3.0331435203552246
3.02070951461792
2.9984145164489746
2.916280746459961
3.009324550628662
5.461263179779053
5.386894702911377
5.403130531311035
5.352180004119873
5.323665618896484
5.274216651916504
5.248599052429199
5.154310703277588
5.193842887878418
5.177756309509277
3.3406307697296143
3.3328464031219482
3.3588571548461914
3.3010401725769043
3.1679439544677734
3.2895889282226562
3.1432409286499023
3.138878345489502
3.082341432571411
3.055391311645508
0.15373729169368744
0.16151970624923706
0.16316351294517517
0.14406752586364746
0.14212815463542938
0.13860787451267242
0.1400924175977707
0.12913355231285095
0.1392296552658081
0.11995501071214676
0.6081511378288269
0.5936367511749268
0.5864620804786682
0.5427209734916687
0.4986036419868469
0.5059952139854431
0.45133092999458313
0.4668905735015869
0.43076032400131226
0.4475628435611725
1.5542988777160645
1.528862476348877
1.4888288974761963
1.4575514793395996
1.4565647840499878
1.3740031719207764
1.3746020793914795
1.3339145183563232
1.3426034450531006
1.300679087638855
3.9624507427215576
3.882316827774048
3.875185251235962
3.780094861984253
3.710282325744629
3.621391773223877
3.6097841262817383
3.647498607635498
3.584663152694702
3.4995219707489014
3.0653836727142334
3.051758289337158
2.9832160472869873
2.9142141342163086
2.9476771354675293
2.9686319828033447
2.888030529022217
2.8751220703125
2.876322031021118
2.803164482116699
5.269094944000244
5.138897895812988
5.1567864418029785
5.0923943519592285
5.110256671905518
5.073736190795898
5.0979108810424805
5.008239269256592
4.970582962036133
4.9051947593688965
4.3481035232543945
4.273869514465332
4.169371604919434
4.19249153137207
4.189050197601318
4.214837074279785
4.154965400695801
4.142284393310547
4.1119232177734375
4.075589179992676
4.840630531311035
4.776253700256348
4.743236064910889
4.73839807510376
4.758222579956055
4.719096660614014
4.656549453735352
4.648564338684082
4.588499546051025
4.5735602378845215
3.5250916481018066
3.4460136890411377
3.43391489982605
3.419495105743408
3.4069037437438965
3.403120517730713
3.409959554672241
3.361935615539551
3.3384852409362793
3.326216220855713
0.09015440940856934
0.07220524549484253
0.07898233085870743
0.07716931402683258
0.07752767950296402
0.08368896692991257
0.07748988270759583
0.0794888362288475
0.0664801225066185
0.0813114121556282
0.38856783509254456
0.4033726751804352
0.3572385907173157
0.3193818926811218
0.339866578578949
0.307662695646286
0.29378777742385864
0.32654282450675964
0.30318328738212585
0.26692110300064087
1.2978062629699707
1.2549562454223633
1.2319668531417847
1.1588913202285767
1.1474610567092896
1.1654624938964844
1.0762698650360107
1.0766433477401733
1.0238887071609497
1.0253545045852661
3.7671966552734375
3.6624529361724854
3.5652663707733154
3.4735631942749023
3.4984962940216064
3.448692798614502
3.3004095554351807
3.435026168823242
3.269862174987793
3.197263479232788
5.383829593658447
5.339725017547607
5.304064750671387
5.240303993225098
5.164953231811523
5.1315226554870605
5.105385780334473
5.045480728149414
5.003589630126953
4.979643821716309
3.1933717727661133
3.074401378631592
3.0966453552246094
3.0523595809936523
3.136622905731201
3.0177371501922607
2.97613525390625
3.0760674476623535
2.970710039138794
2.9125113487243652
3.6852941513061523
3.6731696128845215
3.6831302642822266
3.616757392883301
3.6800222396850586
3.5668702125549316
3.5499911308288574
3.4845693111419678
3.4287590980529785
3.396479606628418
3.673255681991577
3.646120548248291
3.6043810844421387
3.5493075847625732
3.4773218631744385
3.4938230514526367
3.4237418174743652
3.333162546157837
3.3673746585845947
3.3564648628234863
4.246916770935059
4.25761604309082
4.252773284912109
4.183304309844971
4.087167739868164
4.092576503753662
4.029617786407471
4.07693338394165
3.9017114639282227
3.90773344039917
0.12150046229362488
0.11430443823337555
0.10491082817316055
0.10114684700965881
0.09700024873018265
0.09943819046020508
0.08950827270746231
0.08728712052106857
0.0851387307047844
0.10422341525554657
0.43684035539627075
0.45128530263900757
0.40903228521347046
0.3857206404209137
0.3665047287940979
0.34858396649360657
0.32500603795051575
0.322651207447052
0.31371375918388367
0.2888162136077881
1.3160480260849
1.198910117149353
1.250694751739502
1.1368297338485718
1.1599247455596924
1.0949761867523193
1.0181010961532593
1.0244756937026978
1.0132724046707153
0.9576321244239807
3.7330288887023926
3.708874225616455
3.529489040374756
3.453373908996582
3.447444200515747
3.3348538875579834
3.2783429622650146
3.2572784423828125
3.191176414489746
3.1644673347473145
5.295876979827881
5.232125282287598
5.114847183227539
4.998326778411865
5.000988006591797
4.942389488220215
4.872743129730225
4.7884602546691895
4.744393348693848
4.646309852600098
2.415546417236328
2.300989866256714
2.314368963241577
2.233142614364624
2.2594118118286133
2.227510929107666
2.1516292095184326
2.1322202682495117
2.130964756011963
2.0942463874816895
4.066299915313721
4.00568151473999
3.949098825454712
3.959840774536133
3.8530359268188477
3.7955009937286377
3.796314001083374
3.7842392921447754
3.7643494606018066
3.709787368774414
5.129356861114502
4.9417500495910645
4.960756301879883
4.943768501281738
4.869776725769043
4.899754047393799
4.861247539520264
4.817049980163574
4.68123722076416
4.654253959655762
3.1089162826538086
3.0195260047912598
2.981762409210205
2.9292430877685547
2.8383612632751465
2.77005934715271
2.834972620010376
2.8076226711273193
2.7141075134277344
2.620919704437256
0.0721110850572586
0.07617329061031342
0.07069046050310135
0.06687559187412262
0.10406544804573059
0.05783678591251373
0.06419339030981064
0.06386202573776245
0.05906301364302635
0.0596187561750412
0.3787861466407776
0.3833381235599518
0.33550751209259033
0.3056096136569977
0.3165561258792877
0.28891676664352417
0.2704705595970154
0.26228561997413635
0.2756956219673157
0.2679041922092438
1.6437958478927612
1.5905603170394897
1.6401516199111938
1.4245370626449585
1.471044659614563
1.3881492614746094
1.3548831939697266
1.297967553138733
1.2711044549942017
1.2800918817520142
4.455874919891357
4.369949817657471
4.266568660736084
4.236545085906982
4.21010160446167
4.184107780456543
4.161138534545898
4.074429512023926
4.109338760375977
3.9818334579467773
2.541269063949585
2.486250162124634
2.475106716156006
2.4554665088653564
2.3983757495880127
2.3899455070495605
2.4159204959869385
2.3331637382507324
2.3128437995910645
2.2768821716308594
4.492424488067627
4.3924150466918945
4.261695384979248
4.275440692901611
4.2180399894714355
4.172572612762451
4.086664199829102
4.0089945793151855
4.03266716003418
3.962381601333618
2.995063066482544
2.9445505142211914
2.9745171070098877
2.9522018432617188
2.9025492668151855
2.854931116104126
2.806952476501465
2.7802786827087402
2.777163028717041
2.788024663925171
4.90471887588501
4.937751293182373
4.817781925201416
4.783874034881592
4.6546502113342285
4.6097822189331055
4.582329750061035
4.50296688079834
4.5334343910217285
4.415653705596924
2.335845470428467
2.190394163131714
2.2170815467834473
2.179500102996826
2.1331849098205566
2.0946261882781982
2.0715596675872803
2.034864664077759
2.0062553882598877
1.962770938873291
0.051073189824819565
0.057793837040662766
0.05689409002661705
0.053948234766721725
0.045648086816072464
0.044753000140190125
0.04406199976801872
0.051156360656023026
0.04962923377752304
0.045910999178886414
0.3465765118598938
0.3044775426387787
0.2785484492778778
0.2998093366622925
0.24928663671016693
0.2478945255279541
0.23388390243053436
0.22971037030220032
0.21878093481063843
0.2130994349718094
1.116386890411377
1.0186316967010498
0.951356828212738
0.9299948215484619
0.9173219799995422
0.8326980471611023
0.8136729598045349
0.7585030198097229
0.7852752208709717
0.7545760869979858
3.513568162918091
3.340721368789673
3.2560880184173584
3.113574266433716
3.047762393951416
3.0962367057800293
2.960253953933716
2.9049158096313477
2.8128483295440674
2.7796802520751953
5.749151229858398
5.645296096801758
5.508790969848633
5.414584159851074
5.308375835418701
5.238601207733154
5.217803955078125
5.052338600158691
4.966928005218506
4.842116832733154
2.7861552238464355
2.7093985080718994
2.6766021251678467
2.6256682872772217
2.5400571823120117
2.503894329071045
2.44952392578125
2.473525047302246
2.4524600505828857
2.4184107780456543
2.734997034072876
2.751340627670288
2.7452011108398438
2.686736822128296
2.625293731689453
2.670271873474121
2.5122761726379395
2.53193998336792
2.499427080154419
2.4697511196136475
4.304335594177246
4.225264549255371
4.164447784423828
4.113801956176758
4.2047038078308105
4.037273406982422
3.9764044284820557
3.9835164546966553
3.9837899208068848
3.8946750164031982
3.7006452083587646
3.6431188583374023
3.5830860137939453
3.558589458465576
3.538113594055176
3.4807629585266113
3.5009968280792236
3.469364643096924
3.3621251583099365
3.3584463596343994
0.033967919647693634
0.031772226095199585
0.03132480010390282
0.0337289460003376
0.0363527312874794
0.027426235377788544
0.036694105714559555
0.029992174357175827
0.03330094367265701
0.029414020478725433
0.20622166991233826
0.20550069212913513
0.1793786734342575
0.1727769374847412
0.1643483191728592
0.15233741700649261
0.14418263733386993
0.15462738275527954
0.12499206513166428
0.16947194933891296
0.8820545673370361
0.8170878887176514
0.7693911194801331
0.7392655611038208
0.7517294883728027
0.6627442240715027
0.6216222643852234
0.6406669616699219
0.5786609053611755
0.5368258357048035
3.3683934211730957
3.1387596130371094
3.1548550128936768
3.05672025680542
2.9759206771850586
3.084648609161377
2.8942739963531494
2.839913845062256
2.7717859745025635
2.6944797039031982
4.276785373687744
4.251174449920654
4.168102264404297
4.113602638244629
4.116995334625244
4.028153419494629
4.002790927886963
3.9370882511138916
3.8766019344329834
3.8455810546875
1.9724568128585815
1.9328309297561646
1.836704969406128
1.8932945728302002
1.8678030967712402
1.8168280124664307
1.8720667362213135
1.7794103622436523
1.709128737449646
1.751426100730896
5.2713727951049805
5.2645673751831055
5.170892238616943
5.141433238983154
5.127309322357178
5.080978870391846
5.018144130706787
4.961916446685791
4.965013027191162
4.893283367156982
3.043513774871826
2.990051507949829
2.925718307495117
2.877068281173706
2.9265174865722656
2.8217692375183105
2.808651924133301
2.8443853855133057
2.7466297149658203
2.767083168029785
5.2805609703063965
5.240190029144287
5.251040458679199
5.141157627105713
5.110797882080078
5.09494161605835
5.058983325958252
4.994626045227051
4.980010032653809
5.021054744720459
0.0559883639216423
0.059842903167009354
0.04172657057642937
0.042151957750320435
0.05177360773086548
0.034534651786088943
0.03423096984624863
0.044417522847652435
0.031092055141925812
0.0368194505572319
0.24656662344932556
0.25559985637664795
0.22863906621932983
0.22721564769744873
0.19398358464241028
0.1822589635848999
0.20618915557861328
0.18187196552753448
0.19698508083820343
0.16645213961601257
0.9420807361602783
0.8094004988670349
0.7213639616966248
0.7077433466911316
0.652006983757019
0.6178973913192749
0.6160852909088135
0.5475941300392151
0.5450230240821838
0.534109890460968
3.270256996154785
3.0632896423339844
2.886939525604248
2.7731406688690186
2.7683064937591553
2.707993268966675
2.5899569988250732
2.5467047691345215
2.4833037853240967
2.5102760791778564
3.108834743499756
3.004033327102661
2.9968719482421875
2.9019157886505127
2.847951889038086
2.7261195182800293
2.6730799674987793
2.7151761054992676
2.602172374725342
2.585706949234009
4.239255428314209
4.1966376304626465
4.28067684173584
4.153366565704346
4.096766471862793
4.070702075958252
4.088730335235596
3.9148035049438477
4.005697727203369
3.8838655948638916
2.811302423477173
2.826205253601074
2.813372850418091
2.74357271194458
2.6689605712890625
2.686612844467163
2.701402187347412
2.7018909454345703
2.6617891788482666
2.5893771648406982
3.482546806335449
3.4216368198394775
3.398871421813965
3.4348695278167725
3.4249379634857178
3.396597146987915
3.3097429275512695
3.3651180267333984
3.286465883255005
3.2294955253601074
3.773310661315918
3.780252456665039
3.6956427097320557
3.6724696159362793
3.6399335861206055
3.5981814861297607
3.559312105178833
3.58868670463562
3.5295915603637695
3.4559712409973145
0.06726621091365814
0.06844214349985123
0.061303552240133286
0.045400749891996384
0.04396558925509453
0.09132814407348633
0.04668530076742172
0.043434422463178635
0.06511063128709793
0.032925449311733246
0.3129189908504486
0.346640020608902
0.237385094165802
0.22144994139671326
0.20272797346115112
0.20129914581775665
0.18444977700710297
0.1861264705657959
0.17970137298107147
0.171760693192482
1.1327859163284302
1.1402740478515625
1.0526325702667236
0.902857780456543
0.8940920829772949
0.8759850859642029
0.8427343368530273
0.8037450313568115
0.7737179398536682
0.7359618544578552
3.870021104812622
3.7775144577026367
3.6773459911346436
3.5546188354492188
3.577169179916382
3.4006688594818115
3.3793632984161377
3.250349998474121
3.237281084060669
3.2445855140686035
2.605872869491577
2.5521812438964844
2.584270477294922
2.4931135177612305
2.4471912384033203
2.4661569595336914
2.4317479133605957
2.3949670791625977
2.3312900066375732
2.4351346492767334
3.716815233230591
3.602403402328491
3.5705811977386475
3.5499539375305176
3.5534815788269043
3.474327325820923
3.491314172744751
3.463348150253296
3.4185402393341064
3.359236717224121
2.3335201740264893
2.2605056762695312
2.305216073989868
2.2330219745635986
2.2567641735076904
2.188568353652954
2.153681993484497
2.1617748737335205
2.188420534133911
2.1273767948150635
4.624124050140381
4.558434009552002
4.575509071350098
4.471001148223877
4.4744181632995605
4.478635787963867
4.367585182189941
4.400099277496338
4.318164348602295
4.292811393737793
2.5423312187194824
2.511810779571533
2.4177470207214355
2.4056432247161865
2.3422250747680664
2.307722330093384
2.3374273777008057
2.279198408126831
2.2299253940582275
2.2495763301849365
0.01938646472990513
0.01714128628373146
0.014743327163159847
0.012606543488800526
0.012537011876702309
0.01528080739080906
0.012393905781209469
0.013298583216965199
0.011470748111605644
0.011807623319327831
0.12002331018447876
0.08960786461830139
0.09918718039989471
0.0905701071023941
0.0873718336224556
0.08439584076404572
0.08711729198694229
0.08841424435377121
0.10376220941543579
0.07343753427267075
0.5820707678794861
0.501293957233429
0.4612702429294586
0.40005236864089966
0.4147983491420746
0.388480007648468
0.3868216276168823
0.3227803707122803
0.3211909532546997
0.35765540599823
2.990363836288452
2.5881590843200684
2.513317346572876
2.4126782417297363
2.3605458736419678
2.1983916759490967
2.147350549697876
2.116809129714966
2.039844512939453
1.9855488538742065
4.677544593811035
4.560850143432617
4.460339069366455
4.382721424102783
4.283249378204346
4.185702323913574
4.180492877960205
4.177122116088867
4.222130298614502
3.989821195602417
1.949912428855896
1.9005646705627441
1.8938261270523071
1.8839945793151855
1.8213253021240234
1.8041292428970337
1.766501545906067
1.8225749731063843
1.7498043775558472
1.7083107233047485
3.427361249923706
3.4307329654693604
3.313584566116333
3.293220281600952
3.2758309841156006
3.2128825187683105
3.1528942584991455
3.209749937057495
3.1606104373931885
3.2153618335723877
3.0396251678466797
3.0651702880859375
2.9181580543518066
2.8970069885253906
2.8531274795532227
2.8686254024505615
2.80613374710083
2.8255527019500732
2.7802863121032715
2.765641927719116
5.1763081550598145
5.159827709197998
5.146751880645752
5.123476505279541
5.093799114227295
5.012974262237549
4.92456579208374
4.9234938621521
4.942224502563477
4.926956653594971
0.0255484189838171
0.02556196041405201
0.02045985870063305
0.027109120041131973
0.023942317813634872
0.026792142540216446
0.030331453308463097
0.026658663526177406
0.021660348400473595
0.024272296577692032
0.17506933212280273
0.15178143978118896
0.12451189756393433
0.13529199361801147
0.12531092762947083
0.10355629771947861
0.11799047887325287
0.10897146165370941
0.0851484164595604
0.08234516531229019
0.655607283115387
0.6077783703804016
0.5413604974746704
0.5070209503173828
0.48600533604621887
0.40675532817840576
0.4135630428791046
0.3667534589767456
0.3606657385826111
0.2980336844921112
3.1888132095336914
2.849315881729126
2.8111579418182373
2.6426382064819336
2.5702192783355713
2.5019168853759766
2.4219725131988525
2.3572330474853516
2.449579954147339
2.35489821434021
1.7963465452194214
1.7963485717773438
1.7200114727020264
1.6288444995880127
1.7087591886520386
1.5849241018295288
1.5810291767120361
1.5984647274017334
1.5218976736068726
1.5623116493225098
4.88008975982666
4.824172496795654
4.773860931396484
4.7679290771484375
4.768233299255371
4.664226055145264
4.607234954833984
4.485474586486816
4.408042907714844
4.503437042236328
4.446898937225342
4.342245578765869
4.321289539337158
4.271650314331055
4.2298903465271
4.171298027038574
4.088176727294922
4.084391117095947
4.025881290435791
3.920156240463257
4.079301357269287
4.049293041229248
3.993307113647461
4.0246405601501465
3.9435462951660156
3.9371111392974854
3.8669590950012207
3.885906219482422
3.8821780681610107
3.8615612983703613
4.76113224029541
4.713944911956787
4.679743766784668
4.682832717895508
4.61124324798584
4.468334197998047
4.522279739379883
4.451667308807373
4.442469120025635
4.395018100738525
0.01996196247637272
0.026077892631292343
0.015987234190106392
0.021044231951236725
0.016464490443468094
0.018963968381285667
0.015723180025815964
0.017465421929955482
0.04322057217359543
0.017816590145230293
0.1558828055858612
0.14351901412010193
0.12546047568321228
0.10874292999505997
0.13026247918605804
0.09299840033054352
0.11309871077537537
0.1071927398443222
0.10303601622581482
0.08655145019292831
0.6672828197479248
0.5638124346733093
0.5265794992446899
0.4797559976577759
0.45444735884666443
0.4202802777290344
0.3504193425178528
0.31889429688453674
0.30218419432640076
0.31528550386428833
3.0302505493164062
2.7601308822631836
2.550229549407959
2.384195566177368
2.3399388790130615
2.1049365997314453
2.1360981464385986
2.056990146636963
2.001337766647339
1.8330093622207642
5.076637268066406
4.995249271392822
4.802046298980713
4.6743245124816895
4.655345916748047
4.517291069030762
4.485871315002441
4.425050258636475
4.372768878936768
4.237070083618164
3.8365185260772705
3.831226110458374
3.7499544620513916
3.705765962600708
3.721586227416992
3.6316990852355957
3.655820608139038
3.60003924369812
3.581157684326172
3.6131980419158936
2.1984803676605225
2.192605495452881
2.1151974201202393
2.1258702278137207
2.137646436691284
2.1154990196228027
2.1038992404937744
2.090745210647583
2.0506019592285156
2.0637056827545166
5.949832916259766
5.8806328773498535
5.957754135131836
5.823686122894287
5.769981384277344
5.767666339874268
5.720691204071045
5.686617851257324
5.656369209289551
5.654173851013184
3.201457977294922
3.183352470397949
3.169201612472534
3.1228015422821045
3.1300172805786133
3.0073606967926025
3.0807507038116455
3.0348174571990967
3.057882070541382
2.977764129638672
0.013765642419457436
0.012943313457071781
0.01208282820880413
0.012892290949821472
0.012078369036316872
0.012803933583199978
0.01193938683718443
0.01108640432357788
0.010727913118898869
0.009966260753571987
0.09258326143026352
0.10086266696453094
0.08145938068628311
0.0760594829916954
0.077729731798172
0.07748217135667801
0.06858906149864197
0.06211961805820465
0.070110984146595
0.0565420426428318
0.5609782934188843
0.4460409879684448
0.41927701234817505
0.42634910345077515
0.417721688747406
0.33938243985176086
0.37044650316238403
0.34481948614120483
0.29364144802093506
0.28676217794418335
3.2057878971099854
2.9377071857452393
2.8778717517852783
2.6956610679626465
2.8162243366241455
2.623413562774658
2.5728766918182373
2.558669328689575
2.505329132080078
2.5346548557281494
2.2408998012542725
2.2840576171875
2.2497100830078125
2.2139670848846436
2.1325860023498535
2.037980079650879
2.1003658771514893
1.987744927406311
1.9658544063568115
1.9449143409729004
4.941909313201904
4.843574047088623
4.869059085845947
4.7372517585754395
4.740096092224121
4.651956081390381
4.646146774291992
4.636813163757324
4.563605308532715
4.460709571838379
2.006068468093872
1.943872094154358
1.9818637371063232
1.9324060678482056
1.8691500425338745
1.8234937191009521
1.8464735746383667
1.7711533308029175
1.7568652629852295
1.7515617609024048
4.2843523025512695
4.242717266082764
4.186840057373047
4.14667272567749
4.052276611328125
4.054629802703857
4.040482997894287
3.9967784881591797
3.891160249710083
3.872905969619751
2.5901379585266113
2.589082956314087
2.495551347732544
2.542736530303955
2.4946985244750977
2.488088846206665
2.4913787841796875
2.4307212829589844
2.3653650283813477
2.3568856716156006
0.006406740751117468
0.005209192167967558
0.005778696853667498
0.0060353949666023254
0.005727643147110939
0.006336894817650318
0.007898228242993355
0.005432960577309132
0.009892433881759644
0.004538588225841522
0.04936970770359039
0.06384623050689697
0.04518359154462814
0.043141674250364304
0.04878939315676689
0.045641928911209106
0.05829612538218498
0.041369423270225525
0.0382833369076252
0.038037508726119995
0.32896870374679565
0.3033140003681183
0.24292056262493134
0.2905370593070984
0.24884283542633057
0.2593740224838257
0.17884935438632965
0.17554287612438202
0.18619771301746368
0.1585177183151245
2.1326639652252197
1.8451390266418457
1.702161192893982
1.545627474784851
1.4456119537353516
1.384416103363037
1.2630598545074463
1.2487401962280273
1.144321084022522
1.127611517906189
4.72656774520874
4.548899173736572
4.470951080322266
4.429959774017334
4.233654499053955
3.999979257583618
3.9242124557495117
3.821509838104248
3.7692081928253174
3.6852407455444336
3.8056838512420654
3.6658525466918945
3.735431671142578
3.5740089416503906
3.606487274169922
3.4818108081817627
3.4796063899993896
3.422778844833374
3.4296622276306152
3.3966307640075684
4.21895694732666
4.106465816497803
4.130655288696289
4.073873996734619
4.092909336090088
4.017355918884277
4.051479816436768
3.9875235557556152
3.9703259468078613
3.9368515014648438
5.599602699279785
5.53434419631958
5.515979766845703
5.451861381530762
5.356621742248535
5.339682102203369
5.340788841247559
5.303532600402832
5.226418972015381
5.246118545532227
3.441594123840332
3.5125839710235596
3.394752025604248
3.3907864093780518
3.3509371280670166
3.2842671871185303
3.290463924407959
3.3023362159729004
3.26537823677063
3.3065528869628906
0.011020638979971409
0.01049825083464384
0.0121488431468606
0.008831246756017208
0.013617518357932568
0.008198228664696217
0.009386812336742878
0.010364515706896782
0.007811230607330799
0.008273477666079998
0.08081965893507004
0.08682450652122498
0.08510255068540573
0.07826954871416092
0.07288126647472382
0.08216048777103424
0.06188211590051651
0.0619790144264698
0.06386371701955795
0.06364022940397263
0.46957170963287354
0.40800511837005615
0.36544495820999146
0.3632098436355591
0.3392478823661804
0.262376070022583
0.24310941994190216
0.20351380109786987
0.2221844643354416
0.2295643836259842
2.4094953536987305
2.2185890674591064
2.0440680980682373
2.008016586303711
1.8646228313446045
1.7864642143249512
1.7013258934020996
1.6811121702194214
1.5208874940872192
1.5357081890106201
5.8830976486206055
5.741880416870117
5.579547882080078
5.568097114562988
5.473752021789551
5.31904411315918
5.246305465698242
5.185893535614014
5.1074442863464355
4.982445240020752
3.4074361324310303
3.2743473052978516
3.289865732192993
3.227320909500122
3.2086892127990723
3.0979843139648438
3.0557689666748047
3.021411895751953
3.03175687789917
2.9208312034606934
3.9280505180358887
3.9289369583129883
3.77694034576416
3.7912259101867676
3.7656819820404053
3.689800500869751
3.6158971786499023
3.6029767990112305
3.524796485900879
3.474661350250244
1.9399701356887817
1.9050720930099487
1.860274314880371
1.8314425945281982
1.854482650756836
1.7998825311660767
1.8044013977050781
1.7321964502334595
1.6600675582885742
1.6383726596832275
5.817858695983887
5.686372756958008
5.671719551086426
5.639070510864258
5.581477165222168
5.525136947631836
5.4579572677612305
5.393028259277344
5.3172383308410645
5.257640838623047
0.008453158661723137
0.016774071380496025
0.011220172978937626
0.00753264594823122
0.009530271403491497
0.010935071855783463
0.007662494666874409
0.00825130008161068
0.011006837710738182
0.012012805789709091
0.0798361524939537
0.07889066636562347
0.07686692476272583
0.07774955779314041
0.05910433828830719
0.052750639617443085
0.05849340930581093
0.060908764600753784
0.05763458460569382
0.05268554016947746
0.5139403939247131
0.39699694514274597
0.3385976552963257
0.2778870165348053
0.2910025119781494
0.25266772508621216
0.23242861032485962
0.20489224791526794
0.1973811388015747
0.18371586501598358
2.5870063304901123
2.19575572013855
2.002107620239258
1.81459379196167
1.7556723356246948
1.5724395513534546
1.505152940750122
1.3759765625
1.273956060409546
1.2705574035644531
5.598475933074951
5.319599151611328
5.200125694274902
5.090635299682617
4.9580607414245605
4.849111080169678
4.918301582336426
4.574961185455322
4.524456977844238
4.364082336425781
2.675220012664795
2.559269905090332
2.5089337825775146
2.426913261413574
2.449306011199951
2.4219133853912354
2.406183958053589
2.3861091136932373
2.2900021076202393
2.254164457321167
6.084470272064209
5.995050430297852
5.890558242797852
5.865557670593262
5.8012261390686035
5.682772636413574
5.686172008514404
5.648651599884033
5.629847526550293
5.551531791687012
3.5738072395324707
3.4916536808013916
3.494281053543091
3.499464511871338
3.4184772968292236
3.382071018218994
3.2937870025634766
3.263315200805664
3.2441306114196777
3.196998119354248
3.4819021224975586
3.3279194831848145
3.1902413368225098
3.209401845932007
3.1877758502960205
3.1786439418792725
3.0820000171661377
3.0410308837890625
3.0069479942321777
2.9653401374816895
0.008074414916336536
0.008761079981923103
0.007056263275444508
0.0066635445691645145
0.006602523382753134
0.007006527855992317
0.008660095743834972
0.007853671908378601
0.010715428739786148
0.007981020957231522
0.09333700686693192
0.07120301574468613
0.06465697288513184
0.061626628041267395
0.059391170740127563
0.060233935713768005
0.057886816561222076
0.05627262219786644
0.04743080958724022
0.04518318921327591
0.5104317665100098
0.39934754371643066
0.33323922753334045
0.3043954074382782
0.2746947407722473
0.26655909419059753
0.22687296569347382
0.22488190233707428
0.24634039402008057
0.1980430781841278
2.8438398838043213
2.564129114151001
2.3504161834716797
2.2660489082336426
2.1259262561798096
2.046051502227783
1.9295028448104858
2.0850589275360107
1.8307383060455322
1.791105031967163
3.4892280101776123
3.441070795059204
3.2750258445739746
3.189793348312378
3.068312406539917
2.9676694869995117
2.938015937805176
2.9652483463287354
2.7586801052093506
2.8273069858551025
3.257122278213501
3.1235439777374268
3.1078743934631348
3.006279945373535
2.9267191886901855
2.954749584197998
2.8942296504974365
2.8182730674743652
2.736934185028076
2.682070255279541
4.997572898864746
4.913974285125732
4.89723539352417
4.80556583404541
4.701111793518066
4.662996768951416
4.585870742797852
4.526472091674805
4.48912239074707
4.368234157562256
3.0168449878692627
3.0039570331573486
2.955857038497925
2.882300853729248
2.789656162261963
2.7692172527313232
2.7959160804748535
2.702920436859131
2.6414880752563477
2.6062259674072266
4.775300025939941
4.819401741027832
4.700985908508301
4.681324481964111
4.590831756591797
4.465920448303223
4.519469738006592
4.444760799407959
4.482388973236084
4.403322696685791
0.02452060766518116
0.021383654326200485
0.022830165922641754
0.020953336730599403
0.020621560513973236
0.021975072100758553
0.020343022421002388
0.017731325700879097
0.02192891575396061
0.037613190710544586
0.1664016991853714
0.1383352428674698
0.1337987780570984
0.13611046969890594
0.1053021252155304
0.10067135840654373
0.08222193270921707
0.10313358157873154
0.07969572395086288
0.06219250336289406
0.8568307757377625
0.7075679898262024
0.6279358863830566
0.557494044303894
0.4837014675140381
0.48077768087387085
0.4205917716026306
0.39184173941612244
0.38407739996910095
0.36007291078567505
4.033562183380127
3.668351650238037
3.54036808013916
3.3142991065979004
3.1161866188049316
3.0490126609802246
2.889183759689331
2.706648349761963
2.6690104007720947
2.487617015838623
2.379911422729492
2.397127866744995
2.2938737869262695
2.131127119064331
2.087108850479126
2.0612189769744873
1.928989052772522
1.9246512651443481
1.9025644063949585
1.797682762145996
6.215847015380859
6.099379062652588
6.029815673828125
5.990808010101318
5.944738388061523
5.856204986572266
5.7730488777160645
5.703246593475342
5.696765899658203
5.554793357849121
3.7560102939605713
3.694706439971924
3.6569926738739014
3.566344976425171
3.5028719902038574
3.560983419418335
3.466153860092163
3.355952501296997
3.3077192306518555
3.3367111682891846
3.2164859771728516
3.168644666671753
3.085247755050659
3.044670581817627
3.081961154937744
2.954054832458496
2.9446756839752197
2.9255268573760986
2.8754308223724365
2.8412256240844727
3.8001956939697266
3.781825542449951
3.7380034923553467
3.6140284538269043
3.6241307258605957
3.458150863647461
3.573124408721924
3.460110664367676
3.471342086791992
3.4077019691467285
0.015452204272150993
0.016409732401371002
0.016107482835650444
0.015993695706129074
0.014224568381905556
0.017152216285467148
0.013745141215622425
0.01736265979707241
0.014866981655359268
0.013161023147404194
0.16800731420516968
0.12501564621925354
0.11632150411605835
0.10536500066518784
0.09553945064544678
0.08788692951202393
0.09622707217931747
0.07443889230489731
0.06979885697364807
0.06350632011890411
0.6259491443634033
0.5681882500648499
0.39637821912765503
0.3765161633491516
0.3434889316558838
0.30029407143592834
0.2730104923248291
0.2603481113910675
0.23930728435516357
0.23167887330055237
3.212883234024048
2.7462973594665527
2.6269686222076416
2.5295379161834717
2.393552541732788
2.3532423973083496
2.3133373260498047
2.24080753326416
2.1039767265319824
2.0832395553588867
2.4742541313171387
2.305903911590576
2.318922281265259
2.2085039615631104
2.131944417953491
2.0703907012939453
2.084040641784668
1.962120532989502
2.009829521179199
1.9152635335922241
3.6844325065612793
3.660271167755127
3.5902750492095947
3.4994587898254395
3.476451873779297
3.394008159637451
3.340085506439209
3.2547342777252197
3.1397407054901123
3.1643497943878174
4.459044456481934
4.321474552154541
4.325177192687988
4.2136359214782715
4.184471130371094
4.138129711151123
4.088477611541748
4.043359756469727
4.009565353393555
3.895519256591797
5.589118957519531
5.480993747711182
5.401211738586426
5.345371246337891
5.31796932220459
5.202347755432129
5.143007755279541
5.104501724243164
5.0297393798828125
4.966830253601074
2.4747793674468994
2.393320322036743
2.3774802684783936
2.381417989730835
2.3129043579101562
2.2915189266204834
2.2479918003082275
2.258404493331909
2.1839842796325684
2.0989856719970703
0.017921043559908867
0.016915297135710716
0.01641233079135418
0.0174210537225008
0.015756046399474144
0.019081147387623787
0.014305172488093376
0.015665696933865547
0.013692839071154594
0.014443189837038517
0.12859590351581573
0.1004146859049797
0.10034489631652832
0.08842046558856964
0.08207694441080093
0.07333439588546753
0.07129357010126114
0.06898706406354904
0.058177173137664795
0.06010831519961357
0.5441792011260986
0.4265895187854767
0.3589090406894684
0.3057394325733185
0.2646687626838684
0.24196363985538483
0.2280896008014679
0.20779646933078766
0.21551106870174408
0.19209519028663635
2.7383859157562256
2.332862377166748
2.200860023498535
2.1317367553710938
1.9574991464614868
1.8534504175186157
1.742203950881958
1.7069504261016846
1.6526484489440918
1.5170458555221558
4.255124092102051
4.200470924377441
4.049397945404053
3.965111017227173
3.9200632572174072
3.877000570297241
3.752680540084839
3.5878689289093018
3.615856647491455
3.4946770668029785
3.395551919937134
3.343477487564087
3.195441484451294
3.2258050441741943
3.1905503273010254
3.050515651702881
3.0827276706695557
3.0140304565429688
2.9660167694091797
2.9196701049804688
5.538977146148682
5.4777350425720215
5.476782321929932
5.393753528594971
5.343924045562744
5.368277549743652
5.248598098754883
5.175766944885254
5.11734676361084
5.041018009185791
2.155155658721924
2.1532087326049805
2.0838499069213867
2.0802412033081055
2.0458309650421143
2.0375475883483887
1.9807610511779785
1.9275085926055908
1.960870623588562
1.9823616743087769
5.7141523361206055
5.678380966186523
5.688615322113037
5.535701274871826
5.535816669464111
5.533289432525635
5.488243579864502
5.4265570640563965
5.407522201538086
5.365769863128662
0.002609863644465804
0.002907525049522519
0.003005813807249069
0.002903916873037815
0.002785288030281663
0.003118006745353341
0.0033227186650037766
0.003227856243029237
0.0029841975774616003
0.003229142166674137
0.03739354759454727
0.03583481162786484
0.03238087147474289
0.03475099802017212
0.03523602709174156
0.0332934632897377
0.026429954916238785
0.027522791177034378
0.027329672127962112
0.024882156401872635
0.28630930185317993
0.22086170315742493
0.18588192760944366
0.18387626111507416
0.14959272742271423
0.14209553599357605
0.18116310238838196
0.12013710290193558
0.10044299811124802
0.10304280370473862
1.6815614700317383
1.4453251361846924
1.2911367416381836
1.1788091659545898
1.0790783166885376
0.9708375334739685
0.9025177955627441
0.8946762681007385
0.7443690896034241
0.7382880449295044
4.705605983734131
4.38346529006958
4.26157808303833
4.050446033477783
3.8840408325195312
3.676098346710205
3.4802048206329346
3.356243848800659
3.2250173091888428
3.157154083251953
4.781883716583252
4.599674224853516
4.515961170196533
4.419606685638428
4.324354648590088
4.24860143661499
4.072515487670898
4.043809413909912
3.95940899848938
3.8649449348449707
4.134022235870361
4.013839244842529
3.9517860412597656
3.915377140045166
3.882406234741211
3.8332531452178955
3.7573087215423584
3.700042724609375
3.6466922760009766
3.5877654552459717
6.9390058517456055
6.850448131561279
6.693536281585693
6.603853702545166
6.439051151275635
6.338481426239014
6.28488302230835
6.167494297027588
6.070633888244629
6.013016223907471
3.7206521034240723
3.642089366912842
3.6231656074523926
3.5350568294525146
3.4756476879119873
3.441208839416504
3.4384517669677734
3.3888843059539795
3.3671741485595703
3.337876081466675
0.026059014722704887
0.025194693356752396
0.02717524580657482
0.03333975747227669
0.029274245724081993
0.022259648889303207
0.021075313910841942
0.022632114589214325
0.02362290397286415
0.02225087769329548
0.22115184366703033
0.18440459668636322
0.1753903180360794
0.1378815770149231
0.1431279480457306
0.10470359027385712
0.09477788209915161
0.08993953466415405
0.08882945775985718
0.08508585393428802
0.5419802665710449
0.40057969093322754
0.33733969926834106
0.2853677570819855
0.2839260995388031
0.217323437333107
0.19207550585269928
0.18727244436740875
0.1665443778038025
0.15062764286994934
2.022688150405884
1.5738999843597412
1.3687793016433716
1.1634353399276733
0.9843702912330627
0.8843204379081726
0.7420184016227722
0.6705689430236816
0.5797209143638611
0.5482784509658813
4.590146541595459
4.053032398223877
3.7930092811584473
3.5398714542388916
3.268789052963257
3.0637810230255127
2.971062421798706
2.7439005374908447
2.514141082763672
2.531558036804199
4.013598442077637
3.893779754638672
3.867246150970459
3.8124747276306152
3.637728452682495
3.640787363052368
3.610879898071289
3.5350890159606934
3.5018973350524902
3.435084581375122
5.486181735992432
5.430755138397217
5.35404634475708
5.239378452301025
5.2423014640808105
5.223083019256592
5.216825008392334
5.216288089752197
5.116484642028809
5.134990692138672
2.4678964614868164
2.4458248615264893
2.3776583671569824
2.3751657009124756
2.4260683059692383
2.397606372833252
2.2878706455230713
2.3455557823181152
2.2839035987854004
2.26485538482666
5.214564323425293
5.165580749511719
5.1778564453125
5.126341342926025
5.066317081451416
5.111919403076172
5.04388952255249
4.977063179016113
4.948353290557861
4.945826053619385
0.0021037538535892963
0.0021554199047386646
0.002328289672732353
0.002006607363000512
0.0023553112987428904
0.001747660106047988
0.0019314562669023871
0.0022297287359833717
0.0020542265847325325
0.0018689464777708054
0.026390574872493744
0.026960592716932297
0.02811201475560665
0.031202223151922226
0.02120966836810112
0.02265993505716324
0.024344075471162796
0.021764585748314857
0.019216127693653107
0.021327145397663116
0.29952460527420044
0.22082000970840454
0.1679324209690094
0.1628538966178894
0.14564386010169983
0.14238622784614563
0.11973731219768524
0.11092879623174667
0.10325140506029129
0.09656427055597305
1.9564628601074219
1.7678966522216797
1.5395750999450684
1.3821182250976562
1.3696134090423584
1.2301225662231445
1.1471198797225952
1.0755292177200317
1.022334098815918
0.9943058490753174
5.378082275390625
5.170485496520996
5.081725120544434
4.899293422698975
4.724246978759766
4.533486366271973
4.373879909515381
4.209329128265381
4.216716766357422
4.089662551879883
6.527651786804199
6.356089115142822
6.204529762268066
6.0741448402404785
5.870944499969482
5.793577194213867
5.6671881675720215
5.529716968536377
5.401434421539307
5.313961029052734
2.953815221786499
2.8719701766967773
2.769943952560425
2.760735034942627
2.7102978229522705
2.6555588245391846
2.6381022930145264
2.5730271339416504
2.553297281265259
2.588608980178833
6.347146987915039
6.218221664428711
6.145130157470703
6.047435760498047
5.9764204025268555
5.968291759490967
5.858639240264893
5.836061000823975
5.764970779418945
5.724241733551025
3.824112892150879
3.734727144241333
3.654001474380493
3.61358380317688
3.602119207382202
3.6038360595703125
3.582315444946289
3.524946689605713
3.5094716548919678
3.435920238494873
0.03768899664282799
0.030155843123793602
0.03367286175489426
0.02482660301029682
0.027284810319542885
0.02508835680782795
0.024078356102108955
0.02344050072133541
0.026932576671242714
0.022515635937452316
0.26059192419052124
0.21925093233585358
0.1643408238887787
0.15693391859531403
0.12230148911476135
0.10766379535198212
0.1127505972981453
0.09357630461454391
0.09104456752538681
0.08709147572517395
0.7204990983009338
0.5849417448043823
0.5008171796798706
0.4404357075691223
0.36498215794563293
0.33077526092529297
0.3013920485973358
0.3236350417137146
0.2501238286495209
0.22915886342525482
3.586350679397583
3.070876121520996
2.8430676460266113
2.5842175483703613
2.3924624919891357
2.1583499908447266
1.9242124557495117
1.8177497386932373
1.5733617544174194
1.45986008644104
6.116420745849609
5.833539009094238
5.674741744995117
5.603532791137695
5.442049503326416
5.327249050140381
5.115907669067383
4.994190692901611
4.9462890625
4.842055797576904
3.1410226821899414
3.118291139602661
3.023314952850342
2.9860053062438965
2.986158847808838
2.9590702056884766
2.892672061920166
2.922924280166626
2.8731496334075928
2.866199254989624
3.9851715564727783
3.986382007598877
3.871386766433716
3.967442274093628
3.8978567123413086
3.8329269886016846
3.7727982997894287
3.7941248416900635
3.745248317718506
3.656583309173584
1.0499897003173828
1.0563926696777344
1.0360455513000488
0.9940444231033325
0.9444671273231506
0.9278653860092163
0.9946854710578918
0.9036551713943481
0.9113060235977173
0.8754589557647705
6.031412601470947
6.064237117767334
5.93131160736084
5.872007846832275
5.837782859802246
5.87039041519165
5.888021469116211
5.774949550628662
5.745711326599121
5.79837703704834
0.005261620040982962
0.005873583257198334
0.0058892895467579365
0.006424617022275925
0.004855303559452295
0.005581954959779978
0.006013090256601572
0.0064671654254198074
0.0060224030166864395
0.0053362250328063965
0.07136984169483185
0.05823702737689018
0.06337246298789978
0.05597207322716713
0.04717310890555382
0.04357990249991417
0.03865016624331474
0.03399078547954559
0.03104720078408718
0.03132540360093117
0.5027891993522644
0.43416887521743774
0.3704931139945984
0.32578226923942566
0.30121737718582153
0.2881384789943695
0.2589547038078308
0.2627130150794983
0.23257672786712646
0.21517503261566162
3.7852420806884766
3.4677884578704834
3.287487506866455
3.1217398643493652
2.9904491901397705
2.879976272583008
2.8149991035461426
2.767099142074585
2.64574933052063
2.558875322341919
6.334792137145996
6.167103290557861
6.076310157775879
5.934884548187256
5.787830352783203
5.705562591552734
5.6045379638671875
5.494565010070801
5.355306625366211
5.271638870239258
2.879502296447754
2.7006747722625732
2.651251792907715
2.713724136352539
2.581533908843994
2.4934241771698
2.5308761596679688
2.4424288272857666
2.443666458129883
2.396333694458008
5.21563196182251
5.123508930206299
5.045285701751709
5.035890102386475
4.934329986572266
4.911027908325195
4.8282365798950195
4.826402187347412
4.752541542053223
4.685389995574951
4.008013725280762
3.9980931282043457
3.975738763809204
3.903610944747925
3.8762519359588623
3.8646302223205566
3.808335304260254
3.7874317169189453
3.7130138874053955
3.6858770847320557
6.773896217346191
6.695165634155273
6.66538143157959
6.636136054992676
6.601316928863525
6.453055381774902
6.506760597229004
6.414305686950684
6.402908802032471
6.330074310302734
0.04426535964012146
0.03893214464187622
0.03465674817562103
0.03330567479133606
0.03387293219566345
0.034248992800712585
0.03125511482357979
0.03514670580625534
0.032946743071079254
0.029921816661953926
0.30608269572257996
0.23201045393943787
0.19538097083568573
0.16074316203594208
0.15007366240024567
0.1319890022277832
0.12784530222415924
0.11226022988557816
0.10236427932977676
0.11060889810323715
0.7810200452804565
0.6657156348228455
0.5455383062362671
0.4357803463935852
0.4056137800216675
0.3411217927932739
0.3026162087917328
0.2868025600910187
0.2863817811012268
0.21359017491340637
3.693516492843628
3.2000317573547363
2.88490891456604
2.651496410369873
2.3223419189453125
2.140477180480957
1.889809489250183
1.7402924299240112
1.6736801862716675
1.5648621320724487
6.2642621994018555
6.106564998626709
5.959105014801025
5.9187116622924805
5.635662078857422
5.545488357543945
5.467256546020508
5.351428985595703
5.232616424560547
5.132186412811279
2.5980923175811768
2.543440818786621
2.495359420776367
2.512103796005249
2.3656084537506104
2.349146604537964
2.339952230453491
2.2359917163848877
2.331725597381592
2.2848446369171143
5.679720878601074
5.618438243865967
5.5880446434021
5.553836822509766
5.518438339233398
5.429412841796875
5.416894912719727
5.398960113525391
5.35207986831665
5.321712493896484
3.0455243587493896
2.9988577365875244
2.948643922805786
2.9746499061584473
2.9019205570220947
2.9382901191711426
2.8280155658721924
2.8129467964172363
2.822706699371338
2.7848150730133057
5.901429653167725
5.830296516418457
5.847226142883301
5.803253650665283
5.724932670593262
5.771205902099609
5.672252178192139
5.618632793426514
5.649740695953369
5.6096367835998535
0.01789766550064087
0.015443486161530018
0.018937265500426292
0.017483219504356384
0.016032174229621887
0.016646750271320343
0.015133805572986603
0.01531946286559105
0.014600458554923534
0.012634256854653358
0.2312408685684204
0.13182465732097626
0.10522404313087463
0.08661115169525146
0.08437605202198029
0.06876487284898758
0.08007638901472092
0.06027018278837204
0.06548501551151276
0.060029368847608566
0.7010427713394165
0.5714660286903381
0.5017019510269165
0.42996665835380554
0.4418662488460541
0.35159018635749817
0.33262011408805847
0.3089520335197449
0.31565946340560913
0.2697788178920746
4.2880940437316895
3.9235153198242188
3.7333486080169678
3.651749610900879
3.4992284774780273
3.4382131099700928
3.2527759075164795
3.28226375579834
3.1861791610717773
3.0053634643554688
2.63144588470459
2.6131784915924072
2.4427218437194824
2.3712234497070312
2.336528778076172
2.296414375305176
2.162357807159424
2.2232747077941895
2.068794012069702
1.982486605644226
6.166390895843506
5.98886775970459
5.898268222808838
5.762568473815918
5.7198100090026855
5.64296293258667
5.51065731048584
5.4565110206604
5.287087917327881
5.235753059387207
4.083681106567383
4.060033321380615
3.9475080966949463
3.956068515777588
3.844160318374634
3.87548828125
3.789191722869873
3.7432398796081543
3.683077812194824
3.664781093597412
5.6161088943481445
5.525180339813232
5.45406436920166
5.437396049499512
5.405358791351318
5.337621688842773
5.284226894378662
5.236289978027344
5.166697025299072
5.125307083129883
2.413872718811035
2.3781259059906006
2.314162254333496
2.2851674556732178
2.1841084957122803
2.156261920928955
2.179516077041626
2.129030466079712
2.071380853652954
2.109698534011841
0.005870272405445576
0.006767963990569115
0.007699031848460436
0.008542640134692192
0.006997702643275261
0.005408614408224821
0.006773242726922035
0.007811037357896566
0.0065500070340931416
0.0064833140932023525
0.08751537650823593
0.07349934428930283
0.07001104205846786
0.07468666136264801
0.07027142494916916
0.055904410779476166
0.057550400495529175
0.05685366317629814
0.046485669910907745
0.04574163630604744
0.9300834536552429
0.7363550066947937
0.6994043588638306
0.5738546252250671
0.5163042545318604
0.43650519847869873
0.4680498242378235
0.38897550106048584
0.35974493622779846
0.33067238330841064
4.669356822967529
4.365813732147217
4.179044723510742
3.9315438270568848
3.7379350662231445
3.5134665966033936
3.325727939605713
3.1213510036468506
2.9278435707092285
2.7443363666534424
4.015207767486572
3.941115617752075
3.7953004837036133
3.742899179458618
3.54679536819458
3.542088508605957
3.3683316707611084
3.3576722145080566
3.2650628089904785
3.183375835418701
3.738659620285034
3.711484909057617
3.643476963043213
3.597108840942383
3.603532552719116
3.466526508331299
3.4286410808563232
3.430528163909912
3.3421435356140137
3.300832986831665
4.161116600036621
4.139030933380127
4.0664801597595215
4.088191509246826
3.985980749130249
3.917799234390259
3.9082934856414795
3.869429588317871
3.890279531478882
3.8897957801818848
4.145405292510986
4.135357856750488
4.115269184112549
4.07892370223999
4.080814361572266
4.016346454620361
3.9469525814056396
3.930238723754883
3.914642572402954
3.900885820388794
3.6037914752960205
3.5665156841278076
3.5224037170410156
3.5825469493865967
3.5248382091522217
3.493105888366699
3.400911569595337
3.335130453109741
3.326434373855591
3.4544479846954346
0.015223724767565727
0.015924997627735138
0.013247417286038399
0.013749203644692898
0.013372786343097687
0.012219483032822609
0.012128437869250774
0.010829637758433819
0.010556003078818321
0.010918393731117249
0.10186605155467987
0.0765422135591507
0.07323597371578217
0.06115540862083435
0.057463183999061584
0.05045441910624504
0.046279605478048325
0.04833289235830307
0.03644834831357002
0.03965061902999878
0.6571086645126343
0.5200731754302979
0.45110657811164856
0.4307962954044342
0.38981184363365173
0.35095906257629395
0.35518988966941833
0.3293830156326294
0.341807097196579
0.2870200574398041
4.193178653717041
3.7809226512908936
3.6652626991271973
3.5199732780456543
3.432637929916382
3.319401741027832
3.294156789779663
3.2263340950012207
3.1352367401123047
3.0370981693267822
2.736778974533081
2.6245338916778564
2.570993661880493
2.5160927772521973
2.466381549835205
2.4153518676757812
2.415198564529419
2.3882086277008057
2.2790589332580566
2.189460277557373
5.298308849334717
5.2287092208862305
5.189822196960449
5.095524787902832
5.065943717956543
4.911073207855225
4.851993560791016
4.796947002410889
4.759548187255859
4.6633524894714355
3.6721127033233643
3.625734329223633
3.6128973960876465
3.542924165725708
3.4547245502471924
3.421633005142212
3.4520885944366455
3.36137056350708
3.293860673904419
3.270789384841919
5.899380207061768
5.771152019500732
5.72262716293335
5.706183910369873
5.6462202072143555
5.619058132171631
5.554989337921143
5.552924156188965
5.497775554656982
5.468231201171875
4.970249652862549
4.906941890716553
4.893040180206299
4.853554725646973
4.802378177642822
4.752209186553955
4.6658406257629395
4.726250171661377
4.640318393707275
4.561069965362549
