3.5036771297454834
3.489692449569702
3.51362681388855
3.484954833984375
3.5029242038726807
3.470579147338867
3.454651117324829
3.4564342498779297
3.4848172664642334
3.4830873012542725
3.6545071601867676
3.609015703201294
3.601987600326538
3.6131656169891357
3.572263240814209
3.569093942642212
3.5803215503692627
3.6063058376312256
3.576448917388916
3.6060895919799805
3.814178705215454
3.8068695068359375
3.8392088413238525
3.779172420501709
3.766724109649658
3.8053579330444336
3.781930446624756
3.784044027328491
3.7496209144592285
3.7811954021453857
4.3062424659729
4.323760032653809
4.278284549713135
4.273314952850342
4.332843780517578
4.236161231994629
4.307624340057373
4.215571403503418
4.198950290679932
4.288802623748779
4.943493843078613
4.809483051300049
4.850399971008301
4.873812675476074
4.844904899597168
4.80021333694458
4.776401996612549
4.866836071014404
4.784614086151123
4.7583327293396
4.761404514312744
4.739787578582764
4.6918768882751465
4.657884120941162
4.713486671447754
4.650735855102539
4.695374965667725
4.6854095458984375
4.611763000488281
4.6091718673706055
4.40632963180542
4.36729621887207
4.328163146972656
4.346926689147949
4.313388824462891
4.32805061340332
4.289235591888428
4.232097625732422
4.2144622802734375
4.243575096130371
4.726089954376221
4.699277400970459
4.640431880950928
4.658548831939697
4.609551906585693
4.535947322845459
4.582852363586426
4.631480693817139
4.582024097442627
4.5041327476501465
4.434569835662842
4.384885311126709
4.403553009033203
4.305612087249756
4.283971786499023
4.286396503448486
4.30726957321167
4.203650951385498
4.238286972045898
4.245178699493408
