3.5036771297454834
3.489692449569702
3.51362681388855
3.484954833984375
3.5029242038726807
3.470579147338867
3.454651117324829
3.4564342498779297
3.4848172664642334
3.4830873012542725
3.6545071601867676
3.609015703201294
3.601987600326538
3.6131656169891357
3.572263240814209
3.569093942642212
3.5803215503692627
3.6063058376312256
3.576448917388916
3.6060895919799805
3.814178705215454
3.8068695068359375
3.8392088413238525
3.779172420501709
3.766724109649658
3.8053579330444336
3.781930446624756
3.784044027328491
3.7496209144592285
3.7811954021453857
4.3062424659729
4.323760032653809
4.278284549713135
4.273314952850342
4.332843780517578
4.236161231994629
4.307624340057373
4.215571403503418
4.198950290679932
4.288802623748779
4.943493843078613
4.809483051300049
4.850399971008301
4.873812675476074
4.844904899597168
4.80021333694458
4.776401996612549
4.866836071014404
4.784614086151123
4.7583327293396
4.761404514312744
4.739787578582764
4.6918768882751465
4.657884120941162
4.713486671447754
4.650735855102539
4.695374965667725
4.6854095458984375
4.611763000488281
4.6091718673706055
4.40632963180542
4.36729621887207
4.328163146972656
4.346926689147949
4.313388824462891
4.32805061340332
4.289235591888428
4.232097625732422
4.2144622802734375
4.243575096130371
4.726089954376221
4.699277400970459
4.640431880950928
4.658548831939697
4.609551906585693
4.535947322845459
4.582852363586426
4.631480693817139
4.582024097442627
4.5041327476501465
4.434569835662842
4.384885311126709
4.403553009033203
4.305612087249756
4.283971786499023
4.286396503448486
4.30726957321167
4.203650951385498
4.238286972045898
4.245178699493408
2.6730754375457764
2.6464524269104004
2.682868003845215
2.639281749725342
2.6528096199035645
2.5888209342956543
2.644798994064331
2.6116435527801514
2.672039270401001
2.6021859645843506
2.911623239517212
2.9086804389953613
2.903200149536133
2.8776350021362305
2.8986196517944336
2.8955416679382324
2.8846347332000732
2.9233882427215576
2.863492488861084
2.8500800132751465
3.432093858718872
3.473397970199585
3.4891958236694336
3.464263439178467
3.4484035968780518
3.458848714828491
3.43735671043396
3.4529480934143066
3.4457590579986572
3.4002013206481934
4.371036529541016
4.317713260650635
4.353613376617432
4.358231067657471
4.351649761199951
4.281238555908203
4.296467304229736
4.293185710906982
4.3117170333862305
4.317453384399414
3.826876163482666
3.82220721244812
3.839301109313965
3.8240320682525635
3.8051891326904297
3.799898147583008
3.762195110321045
3.724966526031494
3.773102283477783
3.749051570892334
4.455559730529785
4.417199611663818
4.400254726409912
4.4338579177856445
4.368259906768799
4.428890228271484
4.39215087890625
4.386608600616455
4.382607460021973
4.387652397155762
4.7374043464660645
4.699070930480957
4.723817348480225
4.674781799316406
4.629994869232178
4.684683799743652
4.614184856414795
4.671542644500732
4.625823020935059
4.60885763168335
4.157809734344482
4.183011531829834
4.164040565490723
4.140415191650391
4.135539531707764
4.1395368576049805
4.06406307220459
4.068506240844727
4.093350887298584
4.064986705780029
4.407721996307373
4.455148696899414
4.385417938232422
4.374069690704346
4.407095432281494
4.378676414489746
4.354581356048584
4.395057201385498
4.356210231781006
4.360419273376465
2.2861156463623047
2.156741142272949
2.2502646446228027
2.1626858711242676
2.2662577629089355
2.2154009342193604
2.262913703918457
2.221839427947998
2.222736120223999
2.210279941558838
2.456578254699707
2.411679267883301
2.447968006134033
2.4525184631347656
2.441014051437378
2.4108774662017822
2.4412386417388916
2.4322619438171387
2.4164373874664307
2.4172379970550537
3.101109027862549
3.110931873321533
3.1194403171539307
3.051387310028076
3.052438497543335
3.0565130710601807
3.0592498779296875
3.0309700965881348
3.0402560234069824
3.054211378097534
3.9261491298675537
3.9158413410186768
3.869558811187744
3.853306531906128
3.8485517501831055
3.836787700653076
3.8726375102996826
3.7881264686584473
3.787806987762451
3.7873497009277344
3.8461999893188477
3.8564064502716064
3.8423359394073486
3.7863075733184814
3.774338722229004
3.768531084060669
3.8067104816436768
3.7507212162017822
3.7244279384613037
3.756380081176758
4.42662239074707
4.404404640197754
4.410055637359619
4.425282955169678
4.402557373046875
4.414952754974365
4.437747955322266
4.374125957489014
4.370193004608154
4.303316593170166
5.272721290588379
5.176116943359375
5.208810329437256
5.133098125457764
5.143826961517334
5.166614532470703
5.222424507141113
5.1466569900512695
5.152100563049316
5.159258842468262
3.8373911380767822
3.859734535217285
3.814049243927002
3.8111579418182373
3.8362069129943848
3.792423963546753
3.794801950454712
3.8547446727752686
3.7811264991760254
3.75747013092041
4.028486251831055
3.9466450214385986
3.9868361949920654
3.995551109313965
3.93717622756958
3.957880973815918
3.9295337200164795
3.871002435684204
3.871338129043579
3.913715124130249
1.8958218097686768
1.8706576824188232
1.8127312660217285
1.838419795036316
1.8654323816299438
1.854338526725769
1.8212858438491821
1.8054134845733643
1.8334619998931885
1.8103710412979126
2.067384958267212
2.133385181427002
2.0636096000671387
2.0751216411590576
2.0725972652435303
2.038986921310425
2.082897186279297
2.055319309234619
2.0594630241394043
2.034972667694092
3.0470356941223145
3.036505937576294
2.988307476043701
2.9802629947662354
2.9932773113250732
2.9748144149780273
2.9569153785705566
2.958364963531494
2.9449329376220703
2.9313364028930664
3.905555248260498
3.7967281341552734
3.8561317920684814
3.806044578552246
3.8255820274353027
3.7701663970947266
3.7931888103485107
3.773322820663452
3.7696027755737305
3.7472684383392334
3.391042947769165
3.437452793121338
3.4404401779174805
3.4042165279388428
3.404099941253662
3.4240798950195312
3.336900472640991
3.385279893875122
3.3957929611206055
3.403914451599121
4.064308166503906
4.0759196281433105
4.070888042449951
4.0798797607421875
4.06484317779541
4.094733715057373
4.016850471496582
4.069546222686768
4.047901630401611
4.049654960632324
4.034130573272705
3.9761996269226074
3.9890923500061035
4.006514549255371
4.0126423835754395
3.974370002746582
3.9155941009521484
3.934983968734741
3.9639110565185547
3.8980066776275635
4.298520088195801
4.333601951599121
4.308958530426025
4.27665901184082
4.2448320388793945
4.253242492675781
4.266707420349121
4.225652694702148
4.268790245056152
4.260064601898193
4.977622985839844
4.93474817276001
4.920912265777588
4.854609489440918
4.878293991088867
4.884852409362793
4.887696743011475
4.83897066116333
4.8423285484313965
4.8216071128845215
