3.5036771297454834
3.489692449569702
3.51362681388855
3.484954833984375
3.5029242038726807
3.470579147338867
3.454651117324829
3.4564342498779297
3.4848172664642334
3.4830873012542725
3.6545071601867676
3.609015703201294
3.601987600326538
3.6131656169891357
3.572263240814209
3.569093942642212
3.5803215503692627
3.6063058376312256
3.576448917388916
3.6060895919799805
3.814178705215454
3.8068695068359375
3.8392088413238525
3.779172420501709
3.766724109649658
3.8053579330444336
3.781930446624756
3.784044027328491
3.7496209144592285
3.7811954021453857
4.3062424659729
4.323760032653809
4.278284549713135
4.273314952850342
4.332843780517578
4.236161231994629
4.307624340057373
4.215571403503418
4.198950290679932
4.288802623748779
4.943493843078613
4.809483051300049
4.850399971008301
4.873812675476074
4.844904899597168
4.80021333694458
4.776401996612549
4.866836071014404
4.784614086151123
4.7583327293396
4.761404514312744
4.739787578582764
4.6918768882751465
4.657884120941162
4.713486671447754
4.650735855102539
4.695374965667725
4.6854095458984375
4.611763000488281
4.6091718673706055
4.40632963180542
4.36729621887207
4.328163146972656
4.346926689147949
4.313388824462891
4.32805061340332
4.289235591888428
4.232097625732422
4.2144622802734375
4.243575096130371
4.726089954376221
4.699277400970459
4.640431880950928
4.658548831939697
4.609551906585693
4.535947322845459
4.582852363586426
4.631480693817139
4.582024097442627
4.5041327476501465
4.434569835662842
4.384885311126709
4.403553009033203
4.305612087249756
4.283971786499023
4.286396503448486
4.30726957321167
4.203650951385498
4.238286972045898
4.245178699493408
2.6730754375457764
2.6464524269104004
2.682868003845215
2.639281749725342
2.6528096199035645
2.5888209342956543
2.644798994064331
2.6116435527801514
2.672039270401001
2.6021859645843506
2.911623239517212
2.9086804389953613
2.903200149536133
2.8776350021362305
2.8986196517944336
2.8955416679382324
2.8846347332000732
2.9233882427215576
2.863492488861084
2.8500800132751465
3.432093858718872
3.473397970199585
3.4891958236694336
3.464263439178467
3.4484035968780518
3.458848714828491
3.43735671043396
3.4529480934143066
3.4457590579986572
3.4002013206481934
4.371036529541016
4.317713260650635
4.353613376617432
4.358231067657471
4.351649761199951
4.281238555908203
4.296467304229736
4.293185710906982
4.3117170333862305
4.317453384399414
3.826876163482666
3.82220721244812
3.839301109313965
3.8240320682525635
3.8051891326904297
3.799898147583008
3.762195110321045
3.724966526031494
3.773102283477783
3.749051570892334
4.455559730529785
4.417199611663818
4.400254726409912
4.4338579177856445
4.368259906768799
4.428890228271484
4.39215087890625
4.386608600616455
4.382607460021973
4.387652397155762
4.7374043464660645
4.699070930480957
4.723817348480225
4.674781799316406
4.629994869232178
4.684683799743652
4.614184856414795
4.671542644500732
4.625823020935059
4.60885763168335
4.157809734344482
4.183011531829834
4.164040565490723
4.140415191650391
4.135539531707764
4.1395368576049805
4.06406307220459
4.068506240844727
4.093350887298584
4.064986705780029
4.407721996307373
4.455148696899414
4.385417938232422
4.374069690704346
4.407095432281494
4.378676414489746
4.354581356048584
4.395057201385498
4.356210231781006
4.360419273376465
2.2861156463623047
2.156741142272949
2.2502646446228027
2.1626858711242676
2.2662577629089355
2.2154009342193604
2.262913703918457
2.221839427947998
2.222736120223999
2.210279941558838
2.456578254699707
2.411679267883301
2.447968006134033
2.4525184631347656
2.441014051437378
2.4108774662017822
2.4412386417388916
2.4322619438171387
2.4164373874664307
2.4172379970550537
3.101109027862549
3.110931873321533
3.1194403171539307
3.051387310028076
3.052438497543335
3.0565130710601807
3.0592498779296875
3.0309700965881348
3.0402560234069824
3.054211378097534
3.9261491298675537
3.9158413410186768
3.869558811187744
3.853306531906128
3.8485517501831055
3.836787700653076
3.8726375102996826
3.7881264686584473
3.787806987762451
3.7873497009277344
3.8461999893188477
3.8564064502716064
3.8423359394073486
3.7863075733184814
3.774338722229004
3.768531084060669
3.8067104816436768
3.7507212162017822
3.7244279384613037
3.756380081176758
4.42662239074707
4.404404640197754
4.410055637359619
4.425282955169678
4.402557373046875
4.414952754974365
4.437747955322266
4.374125957489014
4.370193004608154
4.303316593170166
5.272721290588379
5.176116943359375
5.208810329437256
5.133098125457764
5.143826961517334
5.166614532470703
5.222424507141113
5.1466569900512695
5.152100563049316
5.159258842468262
3.8373911380767822
3.859734535217285
3.814049243927002
3.8111579418182373
3.8362069129943848
3.792423963546753
3.794801950454712
3.8547446727752686
3.7811264991760254
3.75747013092041
4.028486251831055
3.9466450214385986
3.9868361949920654
3.995551109313965
3.93717622756958
3.957880973815918
3.9295337200164795
3.871002435684204
3.871338129043579
3.913715124130249
1.8958218097686768
1.8706576824188232
1.8127312660217285
1.838419795036316
1.8654323816299438
1.854338526725769
1.8212858438491821
1.8054134845733643
1.8334619998931885
1.8103710412979126
2.067384958267212
2.133385181427002
2.0636096000671387
2.0751216411590576
2.0725972652435303
2.038986921310425
2.082897186279297
2.055319309234619
2.0594630241394043
2.034972667694092
3.0470356941223145
3.036505937576294
2.988307476043701
2.9802629947662354
2.9932773113250732
2.9748144149780273
2.9569153785705566
2.958364963531494
2.9449329376220703
2.9313364028930664
3.905555248260498
3.7967281341552734
3.8561317920684814
3.806044578552246
3.8255820274353027
3.7701663970947266
3.7931888103485107
3.773322820663452
3.7696027755737305
3.7472684383392334
3.391042947769165
3.437452793121338
3.4404401779174805
3.4042165279388428
3.404099941253662
3.4240798950195312
3.336900472640991
3.385279893875122
3.3957929611206055
3.403914451599121
4.064308166503906
4.0759196281433105
4.070888042449951
4.0798797607421875
4.06484317779541
4.094733715057373
4.016850471496582
4.069546222686768
4.047901630401611
4.049654960632324
4.034130573272705
3.9761996269226074
3.9890923500061035
4.006514549255371
4.0126423835754395
3.974370002746582
3.9155941009521484
3.934983968734741
3.9639110565185547
3.8980066776275635
4.298520088195801
4.333601951599121
4.308958530426025
4.27665901184082
4.2448320388793945
4.253242492675781
4.266707420349121
4.225652694702148
4.268790245056152
4.260064601898193
4.977622985839844
4.93474817276001
4.920912265777588
4.854609489440918
4.878293991088867
4.884852409362793
4.887696743011475
4.83897066116333
4.8423285484313965
4.8216071128845215
1.5715817213058472
1.5659294128417969
1.5281543731689453
1.5589770078659058
1.5491241216659546
1.4900609254837036
1.4997352361679077
1.5392627716064453
1.490537166595459
1.484181523323059
1.9923224449157715
2.0068962574005127
1.965394377708435
1.9731348752975464
1.9375066757202148
1.9698477983474731
1.8983315229415894
1.960740089416504
1.9217489957809448
1.9347227811813354
2.786026954650879
2.745313882827759
2.7827930450439453
2.714179515838623
2.7978765964508057
2.726410388946533
2.7691991329193115
2.7607877254486084
2.7474799156188965
2.7661659717559814
3.650810956954956
3.6453745365142822
3.6821067333221436
3.6604812145233154
3.7343578338623047
3.627490758895874
3.5784597396850586
3.584209442138672
3.630969285964966
3.6125411987304688
3.254084348678589
3.230046033859253
3.1598191261291504
3.1779210567474365
3.2125868797302246
3.1679556369781494
3.152139186859131
3.159182548522949
3.1605939865112305
3.1821858882904053
3.377598285675049
3.383425712585449
3.341392993927002
3.382946729660034
3.319465398788452
3.347592830657959
3.298199415206909
3.3299825191497803
3.3255739212036133
3.2770602703094482
4.3772172927856445
4.354202747344971
4.336137771606445
4.374599933624268
4.30995512008667
4.302825927734375
4.272943496704102
4.35233211517334
4.223687648773193
4.269222736358643
3.843066453933716
3.838728189468384
3.8484854698181152
3.81630277633667
3.7564940452575684
3.7746846675872803
3.795546531677246
3.759904384613037
3.7426323890686035
3.7642316818237305
3.8473517894744873
3.8884456157684326
3.8328487873077393
3.850109577178955
3.8118441104888916
3.835808038711548
3.884504556655884
3.8106744289398193
3.770897626876831
3.805629253387451
1.5202932357788086
1.5055718421936035
1.4581706523895264
1.4320645332336426
1.4739902019500732
1.4755206108093262
1.4465898275375366
1.429397463798523
1.4266932010650635
1.4251372814178467
1.9386842250823975
1.9377669095993042
1.9628514051437378
1.9109402894973755
1.914472222328186
1.9316625595092773
1.8765753507614136
1.8803126811981201
1.8721781969070435
1.8709983825683594
3.033686637878418
3.019308090209961
3.0378074645996094
3.0482895374298096
2.9870166778564453
3.0246329307556152
3.0322415828704834
2.975983142852783
3.0261456966400146
2.987757444381714
4.122768878936768
4.13035774230957
4.137104034423828
4.146990776062012
4.0826568603515625
4.099189758300781
4.118957042694092
4.097884654998779
4.045355796813965
4.033687591552734
3.4495418071746826
3.456226348876953
3.446251392364502
3.365342617034912
3.4360456466674805
3.431762456893921
3.3884289264678955
3.4222493171691895
3.3679683208465576
3.3916871547698975
4.062765598297119
4.111572265625
4.032426834106445
4.030168056488037
3.9998302459716797
3.963322401046753
4.030548095703125
4.012248516082764
3.9659876823425293
3.968318223953247
3.835588216781616
3.7627649307250977
3.7684524059295654
3.763899803161621
3.7195873260498047
3.7571072578430176
3.7164032459259033
3.723268985748291
3.725567102432251
3.7015340328216553
3.722149133682251
3.7416133880615234
3.7385683059692383
3.7209320068359375
3.674691677093506
3.6950435638427734
3.6377062797546387
3.706064462661743
3.6681101322174072
3.6378841400146484
4.640994071960449
4.64031982421875
4.6402106285095215
4.619508743286133
4.634775638580322
4.582999229431152
4.631503582000732
4.545347690582275
4.591751575469971
4.502939224243164
1.2642848491668701
1.2599947452545166
1.2462769746780396
1.2193061113357544
1.2340452671051025
1.2136387825012207
1.169305682182312
1.2108534574508667
1.1881158351898193
1.1619173288345337
1.726068139076233
1.7299013137817383
1.692233920097351
1.7555562257766724
1.7401835918426514
1.7347365617752075
1.6868947744369507
1.6835848093032837
1.6908142566680908
1.7005335092544556
2.7884275913238525
2.7219855785369873
2.716618776321411
2.7683680057525635
2.7475433349609375
2.78078293800354
2.6824941635131836
2.7400851249694824
2.707928419113159
2.7063186168670654
3.3417587280273438
3.2852845191955566
3.3199989795684814
3.323918342590332
3.279798984527588
3.2815515995025635
3.288113594055176
3.315380573272705
3.249906063079834
3.2267274856567383
3.666429281234741
3.6907200813293457
3.610496997833252
3.6597964763641357
3.6447389125823975
3.6191599369049072
3.621687889099121
3.549363136291504
3.609802484512329
3.572014093399048
3.412456512451172
3.398411750793457
3.394287586212158
3.3899168968200684
3.4341988563537598
3.375311851501465
3.3512840270996094
3.3749918937683105
3.4041779041290283
3.3455166816711426
4.59242057800293
4.616289138793945
4.645392417907715
4.645447731018066
4.605035305023193
4.561220169067383
4.61513614654541
4.581859111785889
4.591344833374023
4.49614143371582
3.8996880054473877
3.920058250427246
3.8540725708007812
3.9192280769348145
3.852280855178833
3.8547799587249756
3.815864086151123
3.833505153656006
3.826680898666382
3.82446551322937
3.353095769882202
3.3033812046051025
3.271242380142212
3.321234941482544
3.334639549255371
3.3164443969726562
3.3428144454956055
3.2876577377319336
3.261641025543213
3.2235302925109863
1.0382035970687866
1.000557780265808
1.019188404083252
0.9565548896789551
0.950019359588623
0.9499972462654114
0.930046558380127
0.924200177192688
0.9182868003845215
0.9291254281997681
1.5546917915344238
1.5404083728790283
1.5712332725524902
1.552979588508606
1.505388617515564
1.4831844568252563
1.495322346687317
1.489269495010376
1.4859336614608765
1.4794352054595947
2.4336540699005127
2.4343502521514893
2.4018101692199707
2.3427436351776123
2.353335380554199
2.3872835636138916
2.353381872177124
2.358480930328369
2.3181209564208984
2.3655381202697754
3.4965577125549316
3.456995964050293
3.4420292377471924
3.3870859146118164
3.419890880584717
3.4048986434936523
3.425313711166382
3.435027599334717
3.365788221359253
3.3253989219665527
3.280958652496338
3.256620407104492
3.234083414077759
3.196073055267334
3.1682000160217285
3.1927108764648438
3.189335346221924
3.1855711936950684
3.1745777130126953
3.161271572113037
4.594564914703369
4.608229637145996
4.563055515289307
4.574657440185547
4.587673187255859
4.590063095092773
4.57030725479126
4.573973655700684
4.530666351318359
4.553825378417969
3.805643320083618
3.8177993297576904
3.7942051887512207
3.8055832386016846
3.844165086746216
3.7242627143859863
3.770775318145752
3.7104363441467285
3.7701518535614014
3.714820384979248
4.165831565856934
4.15423059463501
4.14901065826416
4.138339042663574
4.109759330749512
4.114794731140137
4.064584255218506
4.125932693481445
4.061380863189697
4.116906642913818
3.856841564178467
3.8153531551361084
3.7956669330596924
3.7816524505615234
3.7692577838897705
3.8126683235168457
3.746846914291382
3.738389253616333
3.7500951290130615
3.784785747528076
0.7441890239715576
0.7297527194023132
0.6968797445297241
0.6929624676704407
0.6558338403701782
0.6898971796035767
0.6801175475120544
0.6626433730125427
0.6473661661148071
0.6428228616714478
1.2370359897613525
1.252500057220459
1.1811758279800415
1.126802921295166
1.1794956922531128
1.162243366241455
1.1861742734909058
1.1452040672302246
1.1345844268798828
1.1178568601608276
2.2056941986083984
2.208451271057129
2.1987617015838623
2.2362723350524902
2.164604902267456
2.1821513175964355
2.174826145172119
2.1869919300079346
2.174321413040161
2.224893808364868
3.809720516204834
3.8382022380828857
3.824467182159424
3.8340399265289307
3.764615058898926
3.8321659564971924
3.727407693862915
3.769620418548584
3.775242328643799
3.738369941711426
3.4264166355133057
3.435997247695923
3.380500078201294
3.405709743499756
3.357964515686035
3.361811399459839
3.36460542678833
3.2847447395324707
3.344774007797241
3.380702257156372
3.986222982406616
4.035256385803223
3.918156385421753
3.951416015625
3.9880309104919434
3.939319133758545
3.8904314041137695
3.92234206199646
3.945796012878418
3.841463088989258
3.0849854946136475
3.0336856842041016
3.0549492835998535
3.0332841873168945
2.958312749862671
3.038552761077881
2.9650495052337646
2.8911170959472656
2.9666266441345215
2.9414031505584717
4.84884786605835
4.896687030792236
4.793576240539551
4.8153581619262695
4.798696517944336
4.754805088043213
4.72312068939209
4.765897750854492
4.723830223083496
4.748621463775635
3.7720189094543457
3.7822775840759277
3.728444814682007
3.6714236736297607
3.665020227432251
3.635411500930786
3.620431900024414
3.6033384799957275
3.5863800048828125
3.5980870723724365
0.6011809706687927
0.5949557423591614
0.5662174224853516
0.5424695014953613
0.5331135988235474
0.5225656032562256
0.5185768604278564
0.5113807320594788
0.507727324962616
0.5024601817131042
1.2411326169967651
1.2344945669174194
1.2194141149520874
1.14021635055542
1.1649577617645264
1.1407616138458252
1.1812644004821777
1.1322919130325317
1.1327916383743286
1.0968223810195923
2.217313289642334
2.1694748401641846
2.148848056793213
2.1402204036712646
2.1506505012512207
2.1072278022766113
2.1281490325927734
2.1530704498291016
2.1647393703460693
2.1788387298583984
3.605107069015503
3.5766680240631104
3.5558576583862305
3.5359182357788086
3.4807605743408203
3.47796630859375
3.4905149936676025
3.4751293659210205
3.442446231842041
3.4652299880981445
4.672093391418457
4.691518306732178
4.632711887359619
4.69305944442749
4.6566691398620605
4.627120494842529
4.568201065063477
4.581373691558838
4.566870212554932
4.5208587646484375
2.8932623863220215
2.8760194778442383
2.8843579292297363
2.8293237686157227
2.9119455814361572
2.8427042961120605
2.8445138931274414
2.7973289489746094
2.77129864692688
2.786771535873413
3.9802439212799072
3.98305606842041
4.014569282531738
3.956843376159668
3.9429352283477783
3.9208061695098877
3.9182658195495605
3.959564685821533
3.866220712661743
3.8396172523498535
4.434225082397461
4.483537197113037
4.493788719177246
4.456486701965332
4.432973384857178
4.34569787979126
4.3395538330078125
4.371682643890381
4.328896999359131
4.28884744644165
4.105385780334473
4.117022514343262
4.067423343658447
4.042423725128174
4.004705429077148
4.008172988891602
3.996934413909912
3.9640071392059326
3.9578216075897217
3.916990041732788
0.5649956464767456
0.565099835395813
0.5240483283996582
0.5092461109161377
0.5214029550552368
0.4707961976528168
0.4488532841205597
0.49349504709243774
0.4276559054851532
0.4670650064945221
1.0197978019714355
1.068871021270752
1.0099010467529297
1.021738052368164
1.0114011764526367
1.0007439851760864
0.9806897640228271
0.9627418518066406
0.905794620513916
0.9697772860527039
1.979132890701294
1.9467637538909912
1.960841178894043
2.0048327445983887
1.9278942346572876
1.8847041130065918
1.9078665971755981
1.8655719757080078
1.9048845767974854
1.8666292428970337
3.513436794281006
3.586829423904419
3.5678353309631348
3.588860511779785
3.4859166145324707
3.445206642150879
3.4912922382354736
3.433957815170288
3.441983222961426
3.4343974590301514
3.3577167987823486
3.364447593688965
3.3866426944732666
3.3830692768096924
3.349073648452759
3.3775317668914795
3.350821018218994
3.3353424072265625
3.2642996311187744
3.3206217288970947
3.490691900253296
3.404520273208618
3.4402880668640137
3.393867254257202
3.394395589828491
3.405402183532715
3.334378242492676
3.3175644874572754
3.286546468734741
3.3185157775878906
3.1961405277252197
3.2248246669769287
3.1826791763305664
3.2151191234588623
3.188063621520996
3.1062021255493164
3.12375807762146
3.113557815551758
3.057586908340454
3.0730459690093994
4.428258419036865
4.501854419708252
4.44156551361084
4.481130599975586
4.450009822845459
4.336143970489502
4.313895225524902
4.319621562957764
4.294130802154541
4.279496669769287
3.8155202865600586
3.9048011302948
3.8081459999084473
3.8291561603546143
3.7601428031921387
3.7161149978637695
3.6991171836853027
3.747119426727295
3.660099506378174
3.6420786380767822
0.47318029403686523
0.44856634736061096
0.4366573989391327
0.39607635140419006
0.4130784869194031
0.3876861333847046
0.39087897539138794
0.4089791774749756
0.3682534098625183
0.3732483685016632
1.0087252855300903
0.9884935617446899
0.9375589489936829
0.9358792304992676
0.8955099582672119
0.9404476284980774
0.9107584953308105
0.8826360106468201
0.8761540651321411
0.8943096399307251
1.9330064058303833
1.9063366651535034
1.9512954950332642
1.9393789768218994
1.9387667179107666
1.8760573863983154
1.857014536857605
1.8251110315322876
1.8867790699005127
1.8134311437606812
3.843701124191284
3.782238483428955
3.760775089263916
3.8163082599639893
3.7479209899902344
3.664647102355957
3.7704079151153564
3.7189981937408447
3.691452980041504
3.6787407398223877
2.9675683975219727
2.9052622318267822
2.9333858489990234
2.976468563079834
2.9719839096069336
2.9170045852661133
2.9182491302490234
2.93428897857666
2.9344241619110107
2.8985698223114014
4.105125904083252
4.180315971374512
4.1566290855407715
4.087069988250732
4.181346893310547
4.079124450683594
4.039514541625977
4.094681262969971
4.050897121429443
4.0464768409729
4.028666019439697
3.958604574203491
3.9889254570007324
3.924844980239868
3.9265546798706055
3.9923458099365234
3.9154889583587646
3.9454329013824463
3.896731376647949
3.883391857147217
3.0991177558898926
3.110121011734009
3.121135711669922
3.111234664916992
3.0998945236206055
3.1227638721466064
3.0710811614990234
3.0973291397094727
3.0501468181610107
3.0848329067230225
4.394896507263184
4.357400894165039
4.300875186920166
4.330488204956055
4.2798566818237305
4.273307800292969
4.210445404052734
4.251491546630859
4.196361541748047
4.192244052886963
0.24438445270061493
0.24764709174633026
0.24823503196239471
0.2179446816444397
0.22342054545879364
0.2297525405883789
0.21896971762180328
0.20869292318820953
0.21051716804504395
0.2085481435060501
0.7888354659080505
0.7602511644363403
0.7301307320594788
0.7236937284469604
0.70579594373703
0.7058038115501404
0.6701360940933228
0.6696770191192627
0.70326167345047
0.6389120221138
1.532401442527771
1.4988890886306763
1.4694328308105469
1.435331106185913
1.3889597654342651
1.4134351015090942
1.4521127939224243
1.3817763328552246
1.4133131504058838
1.411899209022522
3.2270827293395996
3.1563148498535156
3.148968458175659
3.1925690174102783
3.1274619102478027
3.1315901279449463
3.1360459327697754
3.076443672180176
3.0740413665771484
3.072819948196411
3.0250084400177
3.0779223442077637
2.990356922149658
3.0365052223205566
2.9729371070861816
2.9859302043914795
2.9663212299346924
3.0074377059936523
2.993748903274536
2.960909843444824
4.064801216125488
4.043223857879639
4.036483287811279
4.040729999542236
4.085482120513916
4.02154541015625
3.9500954151153564
3.9959354400634766
4.001506805419922
4.064177989959717
3.0397799015045166
3.047711133956909
3.024137020111084
2.9952497482299805
3.108107805252075
2.978203535079956
3.028216600418091
3.0461575984954834
2.984755039215088
2.9450361728668213
5.092827320098877
5.1326093673706055
5.061192035675049
5.059020042419434
5.050677299499512
5.04325532913208
5.016259670257568
4.957901477813721
4.916607856750488
4.875607013702393
3.8187708854675293
3.717884063720703
3.7195162773132324
3.7176716327667236
3.649733304977417
3.6020126342773438
3.6860849857330322
3.6114718914031982
3.616365671157837
3.6040730476379395
0.23115262389183044
0.23772089183330536
0.21820098161697388
0.22449755668640137
0.22109147906303406
0.2015567123889923
0.20727646350860596
0.20016154646873474
0.19123069941997528
0.1978909969329834
0.7493085861206055
0.7173314690589905
0.7229198217391968
0.7135313153266907
0.6785392165184021
0.6855799555778503
0.665377140045166
0.6700180172920227
0.6440370082855225
0.6228024959564209
1.583726406097412
1.5330133438110352
1.567314863204956
1.5396158695220947
1.5407321453094482
1.5719574689865112
1.484175682067871
1.5011903047561646
1.4855691194534302
1.4977195262908936
3.5615010261535645
3.523423671722412
3.436887264251709
3.436149835586548
3.443875789642334
3.445803642272949
3.3890552520751953
3.3566975593566895
3.402928590774536
3.3234927654266357
3.3824586868286133
3.379983425140381
3.3743209838867188
3.411961317062378
3.348912000656128
3.37986159324646
3.3029675483703613
3.30873441696167
3.284660816192627
3.307345390319824
3.2275218963623047
3.2426040172576904
3.202333450317383
3.191936492919922
3.1859724521636963
3.1736252307891846
3.155440092086792
3.1618518829345703
3.196688413619995
3.172121524810791
4.298125267028809
4.339705467224121
4.248608589172363
4.301749229431152
4.216798782348633
4.21229887008667
4.248597145080566
4.181036949157715
4.173809051513672
4.1503496170043945
3.782424211502075
3.791166067123413
3.7598214149475098
3.7299633026123047
3.7329587936401367
3.735520839691162
3.684863805770874
3.661836862564087
3.710299491882324
3.696108341217041
3.8453660011291504
3.8469176292419434
3.847259759902954
3.801720142364502
3.6943581104278564
3.6548385620117188
3.7206785678863525
3.66149640083313
3.641359329223633
3.583984136581421
0.12685242295265198
0.118644580245018
0.1117747500538826
0.11263684928417206
0.1098056212067604
0.10379330813884735
0.1233602985739708
0.10595609247684479
0.09860843420028687
0.10072124749422073
0.5363595485687256
0.5069032311439514
0.5289996862411499
0.4913322627544403
0.4930630028247833
0.430426687002182
0.45717594027519226
0.4124314486980438
0.42028695344924927
0.41641518473625183
1.3293629884719849
1.2889536619186401
1.280839204788208
1.256367564201355
1.3051033020019531
1.2762497663497925
1.2408897876739502
1.2217984199523926
1.2228283882141113
1.2092413902282715
3.311112642288208
3.2240986824035645
3.11386775970459
3.093390464782715
3.069974899291992
3.0969595909118652
3.051973342895508
2.9793667793273926
3.0243546962738037
2.9678587913513184
2.6912193298339844
2.7197890281677246
2.7099030017852783
2.761913299560547
2.6714437007904053
2.681908130645752
2.6313016414642334
2.6927685737609863
2.6662683486938477
2.5861454010009766
4.544428825378418
4.49564790725708
4.508060455322266
4.449734687805176
4.424179553985596
4.413685321807861
4.423140525817871
4.387325286865234
4.375851631164551
4.3766984939575195
3.9394216537475586
3.872159242630005
3.8112246990203857
3.829284429550171
3.894482135772705
3.8046321868896484
3.789111614227295
3.758695363998413
3.825695514678955
3.738532066345215
4.366466522216797
4.408963203430176
4.293308734893799
4.231317520141602
4.171550750732422
4.159305095672607
4.255919456481934
4.139800071716309
4.101053237915039
4.044719219207764
2.544675350189209
2.492837429046631
2.512624979019165
2.500821828842163
2.4908339977264404
2.42293643951416
2.4306371212005615
2.441553831100464
2.3132355213165283
2.3489983081817627
